10 424
39 21 41 65 211 89 330 161 104 281 146 122 289 139 129 279 11 194 206 212 235 469 138 343 498 158 389 573 134 420 574 66 465 541 163 465 650 98 500 607 110 505 623 145 558 719 186 568 785 61 589 657 185 601 800 215 665 906 123 669 799 10 716 727 186 778 986 9 786 796 104 790 908 59 801 864 107 813 930 20 856 877 128 880 1020 94 947 1049 177 978 1166 21 1016 1040 143 1049 1207 52 1056 1115 66 1074 1144 89 1091 1192 23 1145 1170 8 1150 1159 18 1178 1198 8 1183 1192 
44 142 81 245 82 83 175 32 111 146 54 120 180 147 166 330 163 222 401 163 230 410 78 263 354 78 276 363 135 320 469 122 350 494 161 354 540 66 361 431 151 362 525 155 446 621 14 459 474 207 522 736 137 537 685 186 555 747 33 569 606 31 596 629 36 603 643 46 605 653 173 616 801 190 622 826 25 711 740 205 790 1020 185 826 1027 67 834 906 192 866 1079 23 867 892 6 887 894 59 892 958 192 946 1173 22 961 984 103 981 1094 84 1023 1115 112 1060 1185 124 1077 1215 50 1118 1177 12 1163 1176 11 1179 1191 7 1195 1203 12 1201 1214 
34 207 86 315 133 96 243 144 100 266 36 153 194 44 197 244 196 211 418 180 262 467 158 288 464 88 372 473 90 400 505 81 404 490 198 421 644 170 435 628 173 441 639 194 457 693 36 458 497 113 472 600 10 564 575 220 595 823 31 637 672 51 666 726 194 704 917 93 720 824 14 751 766 224 812 1052 182 905 1103 3 942 946 162 965 1147 119 985 1113 114 987 1117 163 1009 1187 149 1029 1194 29 1081 1113 64 1142 1212 
38 194 4 224 170 42 230 191 97 318 129 114 260 63 130 199 123 143 281 213 159 399 65 172 241 93 179 278 25 203 230 186 218 419 132 275 430 110 301 423 96 343 446 129 413 549 2 444 447 82 473 561 47 477 530 113 514 639 148 542 716 210 601 835 146 623 791 26 648 677 185 667 875 84 798 887 148 853 1010 168 885 1076 9 889 899 121 894 1026 35 905 942 102 931 1040 59 938 1001 121 977 1113 61 1004 1072 137 1014 1163 165 1014 1195 138 1054 1198 38 1161 1203 
52 75 7 93 138 65 214 135 69 214 70 71 149 48 92 143 141 118 267 130 172 317 219 200 434 143 205 365 45 234 284 168 242 422 59 264 328 76 419 499 214 436 672 164 495 680 54 495 554 58 510 576 80 531 618 46 535 587 35 560 598 62 568 633 49 590 644 59 621 683 125 636 773 57 641 706 101 696 811 85 712 810 107 718 838 34 727 763 216 738 975 12 778 791 31 787 821 28 788 817 200 792 1010 27 798 829 90 822 919 107 849 970 174 854 1041 156 864 1038 28 899 930 80 915 1005 12 931 944 202 944 1176 109 981 1102 69 1047 1121 16 1078 1096 18 1131 1150 40 1131 1177 45 1166 1214 2 1176 1179 18 1191 1211 3 1203 1207 
45 214 25 260 130 67 214 214 146 376 155 202 380 213 204 433 63 243 315 113 277 401 2 279 282 33 346 383 16 408 426 82 485 577 133 501 647 63 526 597 93 545 649 26 562 590 184 570 786 119 573 709 37 583 623 61 590 653 128 635 775 34 636 673 6 656 663 160 664 839 23 680 705 24 706 732 193 850 1069 91 851 953 139 863 1017 103 886 1002 21 896 919 35 906 944 144 931 1089 179 954 1146 177 986 1187 59 996 1062 63 1016 1087 105 1022 1142 46 1049 1097 15 1070 1086 108 1084 1203 107 1085 1204 45 1098 1148 38 1119 1160 2 1163 1166 8 1171 1180 
45 23 17 42 86 158 256 165 160 340 93 170 273 221 209 448 118 245 378 9 253 263 135 285 437 24 288 315 4 306 311 193 312 527 72 365 445 13 370 384 132 422 569 142 504 651 93 514 616 75 548 626 164 552 742 179 592 789 172 601 798 61 647 715 179 672 880 214 724 964 36 739 779 187 777 985 173 798 991 51 803 857 176 818 1019 19 824 845 69 840 915 182 908 1105 56 934 996 34 939 976 78 952 1035 27 956 988 67 970 1045 110 1032 1156 13 1065 1080 42 1085 1132 60 1139 1207 10 1147 1158 16 1171 1188 6 1183 1190 11 1193 1205 2 1212 1215 
41 147 18 195 76 21 106 216 59 287 218 69 311 131 90 242 147 105 261 6 107 114 56 154 218 65 185 253 73 188 268 205 197 435 129 216 355 98 221 327 91 228 326 85 239 330 38 239 281 13 292 306 47 308 361 221 342 578 39 360 401 94 384 487 55 500 562 57 503 566 189 591 796 123 600 741 147 643 807 129 654 796 121 686 822 92 747 851 122 751 887 164 839 1020 16 856 874 33 859 896 108 863 980 138 911 1064 181 939 1145 156 1001 1177 115 1009 1135 51 1032 1088 3 1082 1086 25 1117 1143 
46 102 79 190 81 81 173 167 126 314 134 127 275 88 130 230 207 130 364 75 146 228 27 163 191 83 195 285 208 204 438 207 230 457 174 292 489 70 333 410 94 362 464 99 370 480 2 426 429 75 429 511 21 482 505 87 557 650 130 591 731 34 722 761 132 730 875 176 732 920 143 738 894 67 798 869 213 806 1046 172 807 997 213 816 1051 154 826 995 2 830 833 56 832 893 91 836 934 123 838 966 49 860 912 42 874 921 198 940 1161 122 980 1111 18 1002 1021 100 1014 1121 72 1042 1121 6 1051 1058 69 1056 1133 52 1093 1152 36 1121 1161 21 1169 1192 11 1202 1214 
40 38 29 71 158 81 262 14 98 113 142 113 271 19 173 194 12 177 190 104 215 326 197 236 461 205 245 459 158 339 513 9 379 389 36 393 433 47 427 479 226 490 732 220 504 737 49 576 632 167 594 779 168 622 819 156 677 847 79 684 764 204 692 926 167 717 902 161 735 914 34 741 779 114 756 878 78 787 876 47 792 846 73 813 895 108 830 944 92 840 944 78 858 949 158 859 1032 156 947 1123 162 960 1144 110 1037 1163 96 1069 1176 105 1087 1202 22 1107 1131 3 1162 1166 18 1166 1186 
