10 105
17 46 36 90 115 36 188 45 40 102 3 51 55 91 78 189 8 158 168 122 362 524 70 368 452 51 593 654 67 729 823 70 762 850 56 767 843 38 848 894 37 946 996 39 953 1004 60 1009 1081 34 1025 1068 
12 12 111 130 84 124 250 17 166 190 78 187 294 114 406 535 50 648 717 17 671 694 112 702 856 26 717 751 47 792 860 105 839 997 96 905 1039 
10 93 137 257 132 261 430 59 329 416 133 491 679 112 497 650 80 686 784 117 781 927 60 976 1058 11 1051 1067 10 1054 1068 
8 79 76 184 137 101 290 76 448 552 94 517 643 137 518 700 89 754 873 136 780 954 23 1021 1054 
13 19 28 52 58 74 140 148 86 288 54 194 276 14 444 462 85 505 621 14 562 580 174 663 873 153 684 874 170 747 961 52 752 816 63 798 882 8 916 926 
12 2 72 75 30 186 225 63 302 387 65 335 421 46 351 414 81 377 495 91 434 557 107 665 797 127 786 963 50 924 990 84 960 1073 15 1050 1069 
9 99 95 217 120 280 435 130 396 581 109 424 584 38 477 528 135 549 717 86 653 778 27 1011 1050 36 1030 1074 
8 160 166 365 126 193 376 59 201 291 52 212 287 114 420 569 142 521 717 118 669 823 64 797 885 
8 149 120 316 88 140 268 123 595 778 112 601 762 147 711 907 73 736 838 8 741 751 19 1058 1081 
8 139 4 195 143 58 255 75 191 297 74 292 392 99 523 651 66 619 698 64 680 769 101 941 1077 
