10 193
26 43 150 200 85 155 270 32 168 210 43 211 264 51 232 299 95 292 406 109 315 463 33 320 366 13 358 374 43 514 576 172 561 773 6 598 606 122 633 776 172 637 830 112 639 799 77 640 734 25 673 701 93 722 853 35 785 837 36 848 896 8 891 902 102 946 1065 97 1001 1133 4 1058 1063 54 1077 1149 53 1097 1161 
17 95 52 177 79 76 172 76 108 215 158 130 343 6 187 195 113 247 427 157 356 570 37 533 583 111 560 717 66 586 669 93 587 708 55 738 809 43 754 811 121 899 1042 77 955 1056 155 956 1134 55 1133 1205 
21 36 63 110 128 130 316 19 162 190 124 196 344 3 222 226 112 237 380 39 245 294 136 318 492 9 396 408 106 499 651 33 711 749 68 762 861 94 805 928 117 878 1081 42 890 941 89 987 1113 74 993 1085 76 1003 1107 88 1046 1157 18 1085 1109 21 1177 1203 
15 188 25 264 68 87 176 171 251 484 79 294 397 109 446 626 148 539 741 146 556 766 83 642 763 149 727 892 130 779 965 92 849 955 56 1020 1088 2 1033 1036 18 1110 1133 23 1168 1201 
22 100 60 205 33 73 123 122 76 241 187 80 303 26 87 123 27 96 130 29 146 184 73 148 245 20 428 456 66 485 577 115 735 896 162 776 1003 40 836 882 136 874 1047 96 993 1127 87 1067 1174 18 1124 1150 46 1126 1193 34 1157 1204 9 1168 1180 6 1192 1199 7 1204 1214 
14 151 76 243 84 94 202 188 285 524 152 355 563 22 624 659 55 653 727 102 679 808 185 842 1082 193 842 1073 118 858 1009 13 888 907 144 929 1147 95 1056 1183 80 1067 1162 
16 99 192 302 132 203 397 185 335 568 69 364 459 57 372 445 40 387 446 83 414 525 111 429 573 88 494 621 66 718 808 36 811 859 145 921 1127 125 963 1128 47 999 1065 78 1036 1137 46 1132 1195 
22 39 37 91 37 47 97 93 63 177 66 78 165 102 126 254 19 197 221 98 218 342 140 287 444 101 334 474 117 340 507 102 384 539 98 475 597 87 685 814 18 1023 1048 126 1040 1200 87 1065 1201 16 1088 1107 32 1129 1170 24 1130 1159 10 1144 1155 19 1182 1207 8 1186 1195 
21 130 67 247 30 90 129 119 218 387 126 240 411 108 272 401 94 366 500 15 429 450 10 443 455 103 471 599 92 563 721 180 775 1010 8 793 803 17 834 856 131 944 1115 52 979 1047 23 1001 1031 21 1014 1040 71 1093 1182 45 1156 1214 34 1170 1214 8 1173 1182 
19 79 73 184 59 130 219 7 137 146 131 144 330 34 254 296 47 260 333 11 383 399 108 393 543 175 448 665 124 532 683 43 556 606 146 689 892 36 734 783 143 772 980 184 794 1013 18 907 929 3 1056 1060 28 1108 1138 34 1147 1195 
