10 282
20 166 29 222 118 116 249 15 206 222 146 212 379 185 254 458 125 286 430 173 304 507 90 423 525 106 491 612 62 556 629 144 592 754 188 622 824 189 747 958 187 776 971 98 793 902 31 883 918 43 891 938 94 973 1076 26 984 1013 54 992 1052 
30 171 13 209 172 90 276 174 111 312 21 142 165 33 161 198 121 167 309 192 168 376 114 189 316 12 201 214 40 256 300 150 265 431 79 408 494 110 419 537 150 423 593 100 547 652 5 595 601 96 766 875 121 774 905 141 774 924 117 787 921 26 900 928 53 957 1012 96 978 1084 9 980 990 83 983 1076 39 1019 1062 48 1023 1076 9 1049 1059 9 1050 1060 2 1078 1081 
32 80 28 118 108 93 210 51 154 211 182 181 379 95 215 316 85 266 360 105 297 417 138 297 458 96 300 411 118 347 482 173 380 577 17 404 423 3 429 433 11 442 454 84 472 568 40 474 518 81 487 580 112 496 613 111 511 626 23 559 583 74 574 654 171 711 905 24 766 791 178 802 995 116 844 976 142 915 1073 9 930 940 64 1013 1080 24 1026 1052 22 1036 1060 39 1040 1084 8 1068 1077 
30 39 46 89 179 86 280 158 124 295 71 125 204 190 149 360 13 182 196 77 194 279 101 292 404 152 332 504 184 420 615 19 462 483 23 478 505 124 497 633 51 510 568 130 517 665 144 518 670 90 524 620 10 556 567 69 587 665 170 651 831 102 661 775 66 755 829 93 775 882 68 775 851 122 778 913 114 793 918 73 810 892 29 889 920 50 985 1040 7 1018 1026 
28 178 2 208 187 35 244 100 57 171 189 77 279 176 96 296 89 173 272 85 186 282 140 229 383 193 311 518 156 341 517 12 365 378 69 368 443 143 408 569 31 429 463 17 472 491 151 483 648 172 516 696 166 580 759 56 600 659 107 659 779 25 683 711 160 723 901 17 752 770 14 807 823 18 902 921 83 920 1008 53 934 992 13 984 998 
25 85 20 111 105 45 163 125 71 212 135 98 248 184 100 316 58 155 216 155 248 413 47 253 306 159 335 516 175 375 574 113 440 562 168 449 635 88 519 620 107 521 638 168 525 706 181 545 752 121 720 845 184 799 997 9 907 917 74 923 1005 64 939 1007 31 1043 1076 14 1045 1060 8 1059 1068 9 1069 1079 
30 96 2 105 102 4 117 121 49 187 146 68 224 15 106 122 141 149 309 89 183 282 157 254 435 53 272 330 185 288 494 107 336 455 74 361 443 20 433 454 3 457 461 33 464 499 12 553 566 108 570 688 139 573 728 51 626 683 32 643 679 144 668 825 2 694 697 126 793 930 99 814 923 97 822 930 98 834 949 89 961 1060 67 1011 1085 39 1029 1073 2 1055 1058 
28 50 16 71 134 25 175 91 32 131 80 85 176 41 100 144 104 104 217 34 129 166 87 177 271 160 235 409 57 299 364 191 362 568 85 380 476 127 435 575 161 533 709 7 548 556 181 574 779 115 614 743 115 631 760 82 636 727 112 669 796 99 750 864 44 841 889 27 843 873 72 867 947 74 916 997 85 967 1062 34 984 1021 61 1002 1069 
28 108 102 222 96 104 210 40 115 160 149 136 302 19 167 188 163 255 441 75 347 432 139 381 531 71 409 488 5 496 502 169 526 721 182 554 760 75 616 701 162 639 814 116 655 783 151 658 824 85 771 862 127 777 917 71 839 917 110 855 974 73 893 976 130 911 1055 73 996 1075 24 1000 1026 35 1011 1050 28 1035 1065 13 1050 1064 25 1051 1079 
31 124 47 178 3 80 84 35 86 125 130 166 310 22 182 205 201 233 445 87 255 352 140 265 416 161 300 482 178 316 513 72 363 441 70 427 506 199 472 688 107 487 605 29 548 580 86 555 644 161 641 820 167 661 849 133 685 830 6 693 700 109 711 834 40 714 758 183 723 913 159 747 921 192 764 972 106 899 1014 7 912 920 66 944 1016 27 989 1019 23 996 1020 8 1074 1083 
