10 45
6 96 20 148 16 159 179 10 172 184 129 241 424 23 797 825 16 916 935 
5 13 52 72 116 376 524 111 475 609 20 697 725 51 698 765 
3 82 110 228 105 493 633 53 822 895 
5 3 64 68 92 403 519 23 522 551 91 680 801 114 717 872 
4 29 7 44 48 17 77 130 144 309 108 364 506 
6 9 11 23 84 253 385 129 401 561 43 805 859 48 858 920 18 912 934 
2 119 566 739 133 599 777 
3 124 103 273 65 333 425 67 785 878 
6 88 452 558 139 560 735 118 722 872 11 793 806 22 799 826 4 948 953 
5 33 195 237 116 352 506 133 379 551 64 809 889 17 922 944 
