10 114
13 124 25 158 60 104 174 25 156 182 156 170 343 161 357 534 81 367 456 31 376 409 7 536 544 33 635 672 27 687 716 81 807 897 68 866 945 14 888 903 
10 45 36 83 91 66 168 68 210 286 35 281 320 151 337 515 161 405 584 163 518 693 54 770 830 36 909 950 14 933 948 
9 131 144 287 150 313 484 135 512 666 70 574 650 4 587 592 25 643 670 106 735 853 167 761 939 42 883 927 
12 62 6 76 142 78 235 16 196 213 131 217 357 133 343 485 103 512 628 95 543 646 123 641 777 52 681 735 43 742 791 5 895 901 12 940 953 
9 117 20 150 168 289 473 99 304 413 66 478 553 76 504 587 37 582 622 138 628 778 164 635 815 12 790 803 
12 62 190 260 48 225 276 86 277 379 88 436 532 68 452 526 147 491 654 139 515 666 34 519 557 16 547 564 81 610 699 4 669 674 25 906 935 
15 37 45 86 74 51 134 137 94 242 43 214 261 136 216 364 39 226 268 140 308 463 69 584 655 92 641 745 24 832 858 8 869 878 30 886 920 34 888 926 19 899 919 26 923 952 
11 27 24 52 27 90 119 35 328 367 144 525 688 165 582 766 167 614 795 161 653 833 56 868 930 44 873 922 22 925 950 10 943 954 
14 95 130 237 35 191 230 99 239 349 32 316 350 148 414 579 124 455 592 96 515 619 72 674 757 3 733 737 128 787 928 9 846 856 9 921 931 5 927 933 7 935 943 
9 3 196 200 95 279 388 119 296 427 43 321 369 119 418 557 91 501 604 25 691 717 82 809 905 89 835 935 
