10 114
10 71 95 198 72 159 291 80 473 624 108 665 817 127 671 890 4 702 708 113 727 892 84 810 1017 71 1050 1176 6 1165 1178 
9 30 78 148 187 106 347 103 256 484 138 713 903 72 752 849 32 958 1023 65 1014 1163 9 1044 1058 86 1073 1194 
16 95 5 124 126 92 284 3 113 118 93 187 332 98 296 431 71 313 417 2 539 542 130 557 734 48 693 769 142 779 968 15 799 825 5 808 817 116 827 1046 38 994 1048 9 1139 1152 6 1195 1204 
14 19 20 48 120 61 261 50 139 214 52 151 242 71 170 284 43 171 246 3 199 203 15 215 236 23 256 295 64 362 495 16 579 610 89 654 813 60 1018 1119 9 1193 1203 
7 34 2 88 123 59 278 38 546 601 143 560 787 110 560 762 80 891 1075 27 1108 1149 
10 81 141 343 105 362 590 41 602 676 49 910 989 91 962 1108 112 989 1165 61 998 1101 10 1068 1083 10 1142 1158 26 1148 1188 
12 135 225 396 25 341 382 130 387 625 156 408 639 12 529 546 21 627 665 109 770 972 97 1061 1211 77 1092 1202 14 1130 1153 14 1150 1176 13 1165 1190 
13 102 47 202 84 157 331 94 203 321 79 402 531 8 414 426 73 463 583 74 512 653 94 778 943 64 990 1099 8 1005 1017 22 1019 1052 6 1138 1149 23 1146 1176 
9 12 472 492 29 766 810 126 794 1027 135 803 1023 48 849 918 54 929 1015 53 1009 1128 71 1015 1174 50 1030 1127 
14 148 91 303 142 136 347 106 198 417 37 301 349 83 461 598 143 652 856 4 887 892 102 1045 1212 58 1072 1165 27 1105 1145 5 1129 1135 34 1135 1191 36 1136 1207 15 1180 1202 
