10 71
9 23 41 76 29 127 186 130 203 370 66 316 410 60 455 560 108 623 802 118 853 992 24 923 970 4 961 968 
8 128 62 239 3 66 70 67 186 311 14 365 384 18 392 432 25 463 510 107 482 679 66 898 997 
6 71 22 128 60 183 289 113 331 539 78 409 527 90 683 807 64 924 1013 
5 53 35 126 26 44 86 82 244 425 115 577 752 42 695 782 
9 177 15 220 63 48 140 54 138 227 104 230 425 21 426 471 5 463 474 22 502 547 20 977 1009 29 1034 1077 
8 34 184 236 124 537 752 96 602 788 60 606 695 65 668 749 100 677 840 23 961 1000 7 1010 1021 
7 113 38 237 20 194 220 78 425 541 166 553 751 148 712 915 40 907 966 64 913 1026 
3 78 140 326 82 168 350 103 294 482 
10 14 55 78 49 289 398 30 386 431 19 597 624 84 712 863 41 714 800 50 825 926 32 1004 1053 21 1023 1066 9 1071 1084 
6 87 178 345 52 298 360 6 299 312 63 307 424 73 715 859 35 892 1011 
