10 439
49 87 13 110 166 41 226 90 68 173 158 109 287 70 127 203 138 139 293 65 144 217 10 166 177 31 167 202 29 199 229 121 200 332 15 202 218 166 203 380 4 215 220 159 281 458 82 306 399 25 306 334 100 344 454 108 365 485 7 370 378 40 372 417 114 384 513 84 403 497 31 404 439 74 414 496 174 517 700 12 531 544 24 570 596 104 573 686 64 586 657 51 611 667 30 614 647 146 639 797 121 668 798 157 679 850 106 680 795 61 685 749 22 741 766 95 750 855 117 790 924 106 815 930 68 838 914 10 848 859 21 875 898 43 882 930 46 899 949 24 921 947 24 931 956 8 938 947 
52 128 10 147 3 47 51 9 49 59 57 57 123 100 76 187 62 80 151 115 93 223 112 105 227 69 125 200 158 150 322 136 155 301 122 173 310 159 195 369 82 208 297 3 257 261 141 260 417 28 338 368 29 348 379 43 348 394 146 358 521 53 366 424 29 379 412 27 404 435 5 431 437 41 463 508 34 466 503 122 481 613 61 488 553 18 525 544 70 543 617 109 575 702 52 579 635 94 622 722 23 632 656 111 662 780 7 671 679 109 690 801 92 691 793 61 691 758 147 721 893 59 728 792 102 734 848 130 741 885 64 742 810 55 780 841 80 865 953 37 885 927 59 888 950 23 917 941 5 928 934 10 929 940 17 940 958 
38 154 10 178 108 43 164 59 56 124 8 75 84 67 127 201 157 145 320 74 169 253 99 243 351 105 248 361 151 250 418 34 269 307 13 297 311 111 307 433 133 321 474 10 323 334 81 374 461 117 375 505 11 378 390 174 434 624 136 523 679 125 583 725 77 624 710 131 664 815 91 668 767 96 691 792 71 700 782 17 701 720 55 717 777 94 727 833 37 738 778 149 795 957 93 798 902 29 809 841 76 822 907 30 838 872 39 841 885 100 851 960 68 882 958 
43 3 5 9 22 17 40 71 23 99 85 37 132 55 63 120 6 72 79 57 136 200 57 151 214 50 167 221 121 191 318 55 203 262 5 204 210 93 292 398 98 314 424 26 331 361 89 353 448 39 357 397 168 359 546 144 380 538 93 380 484 163 456 640 24 516 542 25 523 550 66 539 615 108 542 660 20 574 596 92 603 707 139 610 770 137 612 765 15 614 630 89 661 759 89 685 787 132 705 851 67 730 804 131 752 902 88 759 860 101 776 897 28 790 820 28 796 827 17 802 820 110 823 940 60 835 903 87 856 953 
47 148 15 181 102 32 142 17 43 61 78 44 132 100 52 162 116 74 202 24 93 120 135 105 243 103 110 220 93 119 220 112 137 259 12 196 209 154 233 401 137 310 463 113 314 437 158 341 516 49 343 396 38 346 389 94 353 457 134 390 544 2 398 401 40 495 540 48 509 561 19 516 536 15 541 557 25 546 574 18 591 610 19 594 615 128 626 769 78 677 763 10 695 706 171 712 901 132 726 872 147 732 898 110 748 867 37 763 802 131 764 914 140 786 940 99 798 906 47 844 898 33 858 896 70 873 950 32 912 947 39 913 956 28 918 948 9 930 940 21 937 960 
43 40 52 97 26 99 127 107 125 248 130 191 332 6 194 201 103 200 311 117 205 341 114 288 413 112 323 446 142 328 489 166 356 543 64 370 440 32 377 410 88 377 477 81 394 484 127 398 544 33 402 438 76 403 486 42 424 471 127 430 576 126 436 575 155 437 611 83 443 534 51 475 530 20 495 516 53 501 560 78 507 594 159 517 698 91 520 620 56 539 602 45 566 613 10 592 603 28 606 636 72 610 688 16 650 667 97 736 845 50 793 849 64 817 885 57 842 904 16 869 886 64 869 939 48 881 934 44 885 934 
49 183 28 220 40 47 90 52 85 142 18 93 112 18 117 137 137 141 293 32 170 205 156 243 416 152 246 407 159 255 435 31 269 302 18 312 331 135 314 457 54 325 388 72 344 423 146 358 519 13 360 374 103 367 482 15 400 416 146 407 563 143 438 592 45 460 508 171 506 696 142 574 731 154 601 772 155 606 776 118 627 757 29 636 667 27 636 665 149 652 811 55 689 751 99 711 821 82 781 874 100 797 904 52 809 866 23 813 838 11 821 833 56 822 885 66 835 909 44 851 902 9 855 865 79 865 950 31 867 899 52 874 934 26 879 908 62 881 947 12 905 918 11 913 925 41 916 962 
40 10 12 23 133 89 239 115 109 237 54 114 171 60 133 198 71 184 264 35 185 225 16 208 226 120 231 366 85 233 327 145 236 393 121 261 395 103 295 410 115 356 483 101 370 482 136 399 544 112 401 519 149 405 571 35 434 471 58 471 536 71 480 557 28 487 518 83 501 595 172 510 699 161 515 695 50 521 577 70 537 615 162 542 717 32 570 605 88 596 690 74 635 713 118 658 796 73 688 765 125 693 831 30 719 752 168 732 919 32 816 850 109 835 956 25 887 915 29 930 962 
38 127 4 137 21 5 28 34 47 84 110 54 175 165 95 275 147 101 263 117 113 243 119 125 263 3 158 162 38 175 217 164 212 401 38 249 291 155 249 427 75 251 333 132 253 405 123 295 427 60 318 388 42 320 366 165 348 526 154 351 520 94 372 475 6 374 381 49 385 439 154 437 615 151 483 651 81 567 655 60 573 636 9 641 651 43 641 689 70 647 722 71 660 739 84 669 760 15 681 697 33 696 732 82 724 815 149 729 897 60 752 817 42 909 955 
40 49 21 75 70 105 182 84 108 199 167 129 312 130 150 298 155 161 337 146 167 327 2 180 183 144 197 353 105 205 315 58 230 296 107 249 371 85 288 382 157 369 543 98 386 492 125 389 532 151 419 579 92 481 583 83 486 578 67 557 634 55 567 627 77 617 703 102 623 735 164 623 811 106 654 763 144 689 850 23 726 752 116 746 875 60 775 841 117 786 915 123 816 953 6 823 830 48 825 876 7 831 839 49 854 911 41 863 909 64 874 940 41 917 960 11 950 962 2 957 960 
