10 46
5 92 155 283 28 379 416 50 475 539 57 577 647 73 628 720 
4 90 130 232 110 284 426 69 575 662 39 661 711 
4 16 95 118 112 98 242 43 359 411 66 470 560 
4 18 274 300 94 381 513 22 400 431 62 441 529 
4 49 137 198 63 195 286 96 437 545 74 441 539 
3 77 306 410 112 379 525 34 702 751 
5 28 26 62 31 284 325 90 445 573 22 534 562 70 596 693 
6 57 62 131 60 173 252 36 538 589 19 544 570 47 585 650 15 658 677 
4 38 40 93 100 107 246 17 359 380 46 620 688 
7 50 67 125 44 80 132 22 116 145 31 215 260 88 237 350 12 281 296 18 547 571 
