10 122
9 28 65 99 84 105 212 118 148 294 103 225 365 99 321 461 52 455 518 102 564 718 53 615 687 43 767 833 
11 54 48 116 28 253 290 56 254 333 65 266 355 61 322 400 99 390 513 111 539 683 108 647 794 17 714 737 79 722 827 25 754 790 
12 123 8 162 98 36 157 69 107 196 32 170 214 106 185 313 99 211 328 67 218 314 101 283 408 90 483 596 33 517 567 25 547 581 10 799 813 
14 32 4 51 20 48 73 115 70 227 58 303 375 40 330 385 108 330 474 90 356 473 89 394 510 93 431 539 41 449 503 41 547 601 54 738 806 10 793 806 15 794 811 
17 110 119 258 87 148 258 21 186 215 21 221 251 43 280 337 96 290 402 44 353 410 17 424 450 24 432 464 110 446 571 36 470 515 73 485 576 25 620 650 9 621 632 113 720 860 27 754 795 33 767 807 
9 15 6 25 113 18 172 103 35 169 84 123 239 88 124 247 104 366 508 88 385 504 120 568 720 2 856 859 
12 6 25 32 83 44 155 79 128 244 93 273 385 71 309 408 133 349 514 56 444 509 19 568 594 53 646 715 39 667 714 115 667 808 17 705 726 
12 120 175 333 42 224 280 86 229 355 65 263 356 26 450 488 13 476 494 15 575 594 89 589 706 54 615 687 62 694 777 76 712 815 49 806 858 
11 53 18 94 93 229 348 16 251 268 120 285 428 75 435 527 20 521 545 82 527 644 115 667 822 130 694 860 42 768 820 25 809 842 
15 96 56 205 36 99 149 19 162 185 13 372 392 120 378 513 93 497 618 120 513 671 8 580 590 118 635 793 49 730 787 4 764 769 34 799 847 35 800 844 5 809 816 6 832 839 
