10 170
18 72 169 263 142 189 368 114 265 429 103 265 395 92 278 406 48 305 373 23 358 389 117 517 673 61 554 629 83 615 732 41 698 757 92 714 824 46 817 876 63 869 955 5 911 917 13 924 940 17 928 951 2 960 963 
18 58 35 111 118 70 249 12 207 224 38 212 264 19 256 280 56 318 395 55 369 439 23 506 536 73 532 637 36 540 589 10 561 574 35 600 647 59 692 774 122 779 951 56 788 868 76 829 930 46 840 914 69 867 957 
15 42 80 143 106 125 273 77 252 359 85 282 418 35 317 363 34 336 381 106 479 630 56 506 580 25 552 586 31 610 650 104 664 796 93 750 881 144 752 913 121 760 901 43 883 944 
14 120 6 166 112 34 184 112 72 236 62 164 245 40 347 402 134 440 598 100 508 652 59 536 612 128 580 743 23 590 621 62 601 688 59 679 769 52 779 847 68 815 905 
17 58 223 305 38 232 290 132 247 423 40 318 374 165 432 620 91 483 614 102 492 611 57 518 596 106 546 698 113 811 959 13 816 833 7 825 835 39 838 895 27 858 894 70 865 960 44 892 953 20 904 930 
14 86 4 108 100 22 167 85 114 249 11 202 216 140 314 481 142 373 563 74 387 482 77 548 643 104 627 777 123 773 927 113 779 943 19 864 890 13 886 902 2 960 963 
17 3 97 101 36 103 160 127 138 312 46 148 205 62 272 342 76 280 397 107 315 436 37 364 414 70 368 461 154 383 563 103 407 549 104 466 620 102 539 687 17 573 596 112 784 927 17 857 876 4 951 956 
15 53 109 181 89 227 345 105 227 377 24 228 256 119 237 417 77 252 356 135 351 526 86 462 570 171 545 735 4 679 684 94 716 861 88 780 904 71 823 918 11 908 922 2 939 942 
22 40 101 149 55 107 181 145 126 314 52 146 230 72 182 270 121 308 498 21 466 491 29 474 509 31 484 537 82 529 635 100 584 718 35 606 653 108 624 764 27 625 664 94 631 760 45 730 796 2 732 735 11 876 890 42 906 958 34 915 959 9 921 932 3 959 963 
20 128 80 245 52 149 212 41 169 222 34 190 235 34 194 235 61 195 286 3 215 219 67 222 319 38 300 358 107 355 515 90 377 485 55 429 497 13 467 483 86 497 607 61 586 674 70 592 688 120 603 750 74 796 891 12 910 925 15 914 931 
