10 108
8 86 2 101 62 104 169 75 151 232 107 155 271 109 168 291 74 172 252 117 250 383 121 597 730 
10 17 30 48 93 86 191 18 133 153 104 328 439 62 341 410 108 445 566 120 493 629 47 506 558 88 555 650 45 657 709 
10 115 5 126 132 58 208 78 173 260 131 288 432 107 335 449 80 394 484 75 394 473 27 472 502 61 560 625 62 567 637 
14 41 175 223 37 175 219 114 300 426 18 437 456 102 501 614 48 506 559 124 536 677 5 555 561 22 561 584 130 578 724 47 640 693 22 647 670 35 699 737 20 721 743 
10 75 101 186 123 159 294 63 165 235 43 233 279 95 266 374 17 286 304 115 491 620 74 522 605 38 615 657 24 728 754 
11 36 25 66 97 53 158 114 59 190 110 152 272 23 175 200 35 317 354 89 368 467 88 416 510 75 529 613 66 620 692 2 628 631 
16 53 165 224 24 171 198 60 191 258 68 202 276 43 227 275 18 279 299 11 377 389 68 411 484 19 418 438 103 445 562 15 461 478 104 516 633 2 541 544 87 587 682 7 732 740 2 750 753 
11 121 79 217 2 260 263 23 288 313 70 325 402 5 441 447 106 454 575 98 482 590 126 483 625 41 600 645 29 618 649 30 716 748 
9 93 42 147 139 69 220 103 385 497 64 391 462 99 400 515 16 441 458 104 556 666 120 588 724 10 605 616 
9 101 7 119 130 25 171 23 94 121 13 126 140 92 174 277 116 222 347 92 581 686 23 602 627 109 612 731 
