10 320
34 140 19 166 34 32 68 80 70 158 120 72 210 91 120 220 49 141 193 129 181 327 36 212 252 30 229 263 133 258 410 11 290 302 8 328 337 34 342 381 93 414 514 66 456 529 49 467 521 55 470 532 22 475 499 63 477 545 41 530 575 10 548 559 33 578 615 81 593 683 124 596 732 70 642 717 134 659 802 46 675 726 85 699 788 6 712 719 52 753 811 10 764 775 69 771 845 23 804 829 8 850 859 
28 38 42 84 98 79 186 87 113 210 85 123 212 137 137 286 28 182 211 29 217 248 47 221 274 58 259 321 140 259 411 5 261 267 105 266 380 141 291 445 26 367 395 113 426 555 49 431 484 53 453 512 139 578 730 40 588 635 142 588 747 136 598 755 22 716 740 42 720 765 70 745 825 39 774 819 34 783 819 25 818 846 4 826 831 
30 22 30 53 35 35 73 44 101 151 64 118 189 150 149 306 128 156 293 124 205 341 36 229 269 89 251 350 13 262 276 122 292 430 128 307 449 112 313 434 63 342 411 58 342 405 24 345 371 3 396 400 63 425 494 89 467 567 48 538 590 49 556 609 139 565 717 92 567 668 65 607 676 54 609 669 109 681 808 59 698 762 85 711 806 56 763 825 5 838 844 
32 47 27 78 25 45 74 9 115 125 37 126 166 90 129 230 93 161 266 6 176 183 87 178 270 61 179 246 37 215 255 84 263 354 86 282 375 87 283 377 117 355 482 111 367 491 12 411 425 153 419 583 23 508 532 120 523 660 26 524 552 40 527 573 98 568 677 35 593 632 62 597 665 66 635 710 58 684 745 125 715 856 62 762 831 68 783 856 25 820 848 26 822 850 14 844 860 
28 85 12 105 124 31 166 84 42 135 107 58 177 118 94 219 94 156 264 44 177 227 104 199 321 48 231 283 74 307 387 24 313 340 46 321 372 8 351 360 99 365 473 37 391 432 103 406 522 112 414 541 32 423 459 100 461 573 130 510 649 148 544 704 51 620 677 82 669 757 21 692 716 28 702 732 46 747 799 21 805 828 20 828 849 
40 88 12 107 57 21 88 28 31 61 61 41 109 20 45 66 57 87 151 9 97 107 28 130 161 20 133 154 15 168 184 16 204 221 117 226 359 34 283 323 67 288 361 119 331 462 92 376 476 54 377 439 10 396 407 80 409 498 25 427 453 50 431 485 30 462 495 26 467 496 146 554 712 93 573 675 67 575 649 22 576 600 42 593 638 41 596 641 122 600 736 125 609 748 28 666 695 9 681 691 59 750 816 47 796 848 38 801 843 11 815 827 16 817 834 12 838 851 5 850 856 
28 152 14 180 119 36 169 102 36 150 101 76 187 86 90 186 143 93 253 73 213 291 100 227 337 75 242 326 77 276 363 13 282 296 149 292 448 80 298 391 62 359 428 42 362 408 74 431 511 4 491 496 44 504 554 25 515 543 21 562 584 10 567 578 134 587 740 68 623 699 15 661 677 14 720 735 42 761 807 59 766 830 24 803 828 
30 116 5 130 59 20 83 127 24 166 43 31 79 51 102 158 107 104 227 39 104 146 32 147 182 152 184 353 48 200 253 57 207 268 64 254 327 32 273 308 95 331 437 50 421 475 97 457 562 149 457 629 75 513 591 56 527 588 44 550 599 13 580 594 49 606 659 142 622 774 3 628 632 89 657 753 87 746 845 2 749 752 27 766 798 5 785 791 2 854 857 
35 133 0 137 7 19 27 72 68 147 77 149 229 83 172 266 131 184 334 156 184 353 54 213 271 10 274 285 14 283 298 2 283 286 34 293 331 125 310 454 10 319 330 97 366 470 7 374 382 137 377 538 118 397 529 27 433 463 6 453 460 32 455 490 114 456 580 39 512 556 34 517 556 20 617 639 27 621 650 41 623 667 96 664 768 30 729 762 46 786 838 59 788 853 48 788 841 11 818 830 4 848 853 2 854 857 
35 40 56 100 134 60 211 3 78 82 73 83 167 113 104 231 8 140 149 86 144 240 99 245 348 3 249 253 104 285 398 104 310 418 5 316 322 146 331 488 58 338 404 54 390 448 51 423 479 23 453 478 155 491 660 97 551 655 18 589 609 92 593 694 80 594 683 86 610 706 48 646 701 60 656 726 69 658 735 53 715 772 67 719 789 57 739 800 59 761 824 18 819 838 8 840 849 11 841 853 2 849 852 3 855 859 
