10 75
8 8 208 221 30 289 335 14 326 346 111 471 628 55 502 614 49 598 677 102 701 849 5 850 858 
6 70 29 131 108 87 250 117 331 494 30 470 517 55 550 689 11 834 852 
9 81 11 123 8 29 41 32 75 135 58 90 204 19 285 316 66 340 436 41 642 705 56 714 790 24 786 840 
5 38 57 146 28 86 122 58 244 347 73 273 417 69 508 650 
9 37 94 148 20 281 306 84 311 457 35 389 441 66 522 643 61 539 628 24 698 742 25 708 742 21 778 811 
7 73 7 147 23 128 177 84 234 396 48 412 495 22 419 451 20 761 796 7 842 853 
7 44 14 85 68 14 149 67 209 300 30 224 271 27 369 437 6 546 554 32 679 741 
7 62 111 217 9 124 139 77 155 270 55 262 365 84 294 424 30 516 555 44 564 642 
9 21 34 77 76 151 275 46 224 301 41 250 320 42 270 356 23 270 305 14 457 485 10 666 683 5 769 778 
8 66 41 138 119 161 321 22 255 300 16 501 530 76 613 747 52 655 744 30 718 766 29 809 853 
