10 108
11 45 156 218 104 192 373 86 196 382 96 352 495 48 446 526 35 524 577 19 582 612 42 603 667 47 782 871 9 877 889 24 885 933 
11 100 18 179 71 135 243 55 194 277 100 280 445 33 286 349 95 339 465 59 550 634 60 602 703 45 643 726 22 722 756 15 837 859 
12 73 80 199 12 186 200 15 322 345 86 339 484 54 430 513 112 472 649 50 510 616 86 586 711 65 729 839 32 781 831 12 813 834 15 915 944 
13 17 77 98 29 82 143 34 153 201 31 193 262 53 197 301 5 334 342 112 338 517 30 426 481 34 684 748 29 691 731 32 710 782 107 758 941 7 869 882 
12 4 55 61 102 69 221 56 163 243 33 226 269 53 240 333 44 371 451 31 529 583 70 541 689 62 595 716 7 605 614 57 652 755 23 771 804 
10 41 32 96 87 60 197 125 61 247 69 212 299 79 238 427 68 283 397 64 348 471 5 426 434 45 484 551 23 727 775 
12 50 54 141 29 59 129 80 294 400 13 350 371 92 575 725 65 632 771 15 723 746 108 768 950 89 837 962 50 843 919 16 918 947 16 918 945 
11 78 18 152 80 111 256 103 200 347 8 285 301 68 633 741 91 656 784 106 681 869 19 781 812 36 841 895 36 891 953 20 923 962 
9 97 129 296 91 171 311 75 209 325 93 376 492 88 400 551 23 419 450 89 705 885 23 878 927 15 934 954 
7 60 11 134 80 159 327 23 538 584 32 670 720 49 748 848 52 770 874 80 779 937 
