15 178
13 33 107 148 29 113 157 46 117 188 20 186 218 48 237 314 5 249 256 108 283 421 92 301 432 33 346 407 49 404 507 40 413 471 42 489 561 46 677 753 
13 87 95 223 84 217 371 6 238 249 23 240 282 27 327 379 45 397 449 113 445 599 78 458 555 41 516 567 58 605 691 41 645 723 14 649 670 19 703 736 
9 96 82 234 21 222 256 28 236 292 46 289 360 10 384 416 59 389 513 33 414 467 82 535 659 100 635 773 
12 43 15 94 84 129 276 30 188 249 7 216 227 20 322 352 69 373 469 16 406 430 28 476 526 79 617 758 105 621 769 13 656 672 43 675 736 
13 42 99 147 40 238 298 7 271 288 12 271 294 37 304 390 89 327 466 89 442 583 16 449 474 88 516 661 3 546 550 29 547 607 71 615 711 63 646 734 
12 40 173 248 46 245 384 27 258 296 77 327 472 56 358 471 55 425 513 18 476 503 13 564 594 70 599 713 7 616 627 17 713 734 9 742 752 
13 43 94 173 64 144 250 77 199 338 34 241 297 30 322 373 20 377 416 22 398 430 33 443 513 18 485 516 11 561 583 70 568 686 68 680 767 18 727 758 
10 86 4 140 53 61 143 28 86 126 33 154 215 26 357 406 68 419 523 42 556 624 28 587 649 101 626 756 39 628 709 
11 46 46 117 10 135 149 93 261 399 23 361 411 76 467 608 63 510 636 58 573 658 54 589 690 7 655 671 26 658 697 11 726 740 
13 23 33 70 77 46 160 65 60 187 59 153 236 24 160 196 14 206 224 73 212 314 78 285 415 62 594 684 74 611 739 15 748 773 5 750 758 2 765 768 
11 51 163 248 59 183 289 54 243 331 15 336 379 34 343 410 30 415 461 95 477 624 30 502 562 73 628 747 4 765 770 3 774 778 
15 68 12 147 21 22 51 65 124 239 38 333 390 40 342 423 21 392 424 13 477 501 28 510 565 50 579 639 59 647 765 5 661 670 33 714 769 20 731 762 9 733 747 3 765 769 
11 61 3 93 48 43 128 32 130 184 11 135 156 73 244 396 37 289 358 18 327 358 54 523 634 73 596 715 4 759 766 4 772 777 
11 86 18 146 25 30 70 95 124 266 2 218 221 2 383 388 80 393 509 8 448 463 61 480 597 70 507 640 33 706 775 7 767 777 
11 101 18 143 74 23 140 41 58 132 94 142 292 24 147 185 109 234 361 37 256 340 91 274 407 76 315 446 12 493 509 10 759 778 
