15 62
7 31 176 226 25 274 320 5 308 316 6 383 391 47 504 584 17 582 610 3 607 611 
3 39 354 428 78 484 584 22 566 609 
7 11 74 91 68 114 224 25 201 231 12 274 294 14 424 448 79 471 567 2 589 592 
2 60 9 115 24 277 327 
3 20 25 59 61 330 435 18 455 484 
4 41 95 152 9 193 209 44 282 339 60 402 499 
4 7 175 186 41 294 368 39 463 523 11 554 572 
5 2 58 61 10 135 151 34 443 503 27 467 521 6 589 598 
3 68 27 112 47 176 253 54 474 586 
7 29 91 129 6 107 116 53 224 310 31 352 405 19 357 385 16 582 609 3 606 610 
5 48 162 231 12 223 251 33 297 349 25 297 335 4 301 306 
5 21 116 161 21 221 250 28 352 403 14 393 416 5 496 503 
3 68 219 322 46 345 420 30 420 470 
2 61 121 209 78 296 407 
2 45 209 279 48 370 466 
