15 676
51 111 23 144 83 25 121 34 31 66 29 33 65 97 70 175 76 100 181 31 104 137 39 139 182 63 141 210 118 148 286 19 155 176 93 185 288 125 187 329 130 189 331 89 201 302 73 237 315 23 242 267 14 251 266 122 252 384 113 253 378 132 255 402 130 281 431 55 291 354 102 314 425 40 323 366 105 323 439 88 377 479 11 383 395 47 418 471 44 442 491 10 480 491 76 513 595 50 527 583 90 549 646 93 564 668 35 576 614 13 586 600 84 627 716 16 640 658 11 650 662 19 673 693 32 676 711 13 701 716 18 706 725 22 736 761 8 737 746 26 745 773 7 752 760 8 761 770 6 763 770 9 768 778 
43 38 8 50 130 32 174 34 49 87 39 57 99 24 104 130 119 104 245 14 121 136 118 123 253 55 149 209 99 167 277 93 233 327 53 274 331 97 286 389 85 327 423 33 340 375 100 360 470 84 368 468 133 386 534 104 427 542 114 451 578 3 466 470 122 475 609 132 507 661 67 508 582 30 563 597 59 569 636 53 571 629 115 574 699 93 583 684 55 609 670 87 614 709 35 630 667 66 640 712 23 656 680 61 671 741 61 672 738 73 680 763 33 684 721 22 712 736 49 712 765 23 733 759 5 763 769 6 763 770 
48 65 3 74 65 3 79 41 29 74 49 42 96 83 49 140 130 74 215 123 79 219 33 86 122 137 86 241 38 93 134 113 127 251 32 134 170 6 165 172 121 165 299 16 184 201 102 188 301 28 188 218 82 210 299 5 236 242 49 249 303 61 276 341 98 303 411 85 312 406 128 327 468 86 337 430 62 362 430 51 398 454 134 410 557 119 414 553 47 425 478 2 474 477 81 476 565 7 493 501 101 503 613 12 551 564 35 558 599 57 568 631 17 582 600 34 600 637 37 620 660 53 632 690 5 644 650 75 648 733 88 674 772 37 696 735 18 702 721 30 744 777 21 745 769 
37 21 0 24 93 18 118 85 25 120 134 38 183 116 42 176 57 66 128 119 78 209 121 92 228 131 162 305 29 171 205 42 205 250 70 242 321 81 261 352 74 347 429 57 364 424 126 365 504 60 371 440 128 410 550 89 436 532 66 497 571 118 500 634 26 512 541 70 527 606 5 536 542 99 543 661 34 578 616 68 598 671 105 600 718 57 602 666 83 612 706 20 635 658 52 644 703 88 671 769 42 691 738 59 705 771 28 723 754 20 753 774 
46 61 29 93 62 35 100 25 69 96 63 71 141 48 98 154 122 105 247 116 106 233 89 137 237 48 171 224 34 206 244 45 213 261 54 218 278 93 222 323 9 245 255 73 273 353 85 278 371 21 278 301 137 292 444 111 298 420 39 323 366 67 342 418 43 355 402 52 381 440 125 399 539 88 420 522 25 428 454 24 446 472 9 450 460 116 476 605 128 506 652 57 559 622 63 572 645 42 580 625 37 581 623 114 584 705 13 587 601 109 606 731 139 613 761 88 629 728 30 652 685 19 671 692 11 689 701 29 708 742 9 723 733 16 725 743 8 738 747 
40 129 12 150 138 47 202 46 53 105 93 71 178 22 77 101 96 85 191 8 119 128 129 146 289 56 146 208 64 153 223 70 153 229 12 153 166 60 166 232 68 218 296 62 290 360 119 295 428 97 308 418 106 321 441 44 331 377 119 339 465 109 356 481 14 360 375 131 368 510 98 372 478 129 425 572 100 442 549 40 461 505 137 463 618 31 484 518 59 486 550 92 490 588 10 511 522 5 529 535 119 575 706 83 592 685 99 606 712 60 664 732 62 708 776 51 724 776 5 751 757 
40 82 3 100 119 37 162 126 95 240 55 125 189 119 132 259 12 184 197 8 194 203 105 225 341 59 246 313 43 258 307 130 276 425 27 276 305 41 278 325 119 293 430 123 319 455 127 322 462 74 328 411 7 337 345 26 348 376 43 359 407 90 383 485 122 420 556 104 422 536 82 423 511 97 442 555 114 464 591 13 514 528 3 523 527 47 523 575 58 529 593 86 563 653 84 576 669 96 588 691 87 606 696 39 621 665 49 626 680 41 688 735 43 696 745 35 700 737 13 760 774 
43 124 7 140 74 40 126 60 52 118 45 60 110 61 81 152 92 92 189 99 93 202 19 95 116 98 116 224 23 117 143 41 139 182 24 152 178 103 170 290 50 245 302 99 280 386 110 282 409 121 285 417 109 293 418 42 316 362 32 335 370 52 344 402 137 348 496 20 351 374 63 359 429 62 363 433 109 393 519 39 397 441 20 416 437 122 456 591 123 457 593 72 464 542 32 485 520 65 491 562 97 510 617 25 514 541 57 544 608 106 560 668 70 602 681 108 630 749 51 638 695 57 687 748 68 693 765 14 750 765 
47 11 10 22 127 28 160 95 30 138 71 36 117 67 51 127 72 53 134 114 55 178 69 68 144 96 83 187 91 107 210 35 113 151 52 136 194 65 154 226 134 161 308 118 172 297 139 238 392 101 240 355 17 262 280 33 270 306 134 275 422 40 294 337 6 294 301 122 304 436 106 328 441 42 340 384 98 370 480 114 410 541 14 424 439 91 425 525 37 431 473 28 438 469 64 449 519 22 449 472 107 477 593 81 478 567 45 510 558 46 521 573 61 539 605 93 540 639 7 546 554 74 575 658 52 671 729 19 699 720 31 719 754 9 745 755 14 757 772 4 771 776 
51 38 1 44 76 3 86 136 13 162 9 32 42 2 55 58 99 79 192 74 111 193 51 122 177 45 127 179 127 156 293 115 169 299 24 169 195 64 193 265 24 199 225 33 231 267 38 249 290 14 250 265 29 259 291 68 264 341 12 288 301 82 297 388 40 298 340 90 335 438 47 346 396 137 360 502 29 367 399 99 390 499 138 401 551 63 409 478 49 423 478 41 444 488 2 454 457 47 477 531 82 479 569 24 514 540 19 519 540 75 523 603 47 530 583 79 554 649 33 585 621 136 592 738 29 598 629 5 602 608 101 603 717 58 605 670 124 606 741 62 635 704 15 673 689 82 681 774 47 712 763 5 765 771 
51 7 0 8 132 1 148 31 17 51 83 27 121 82 55 144 119 86 218 125 86 228 39 91 134 58 101 164 55 137 203 61 151 219 83 176 266 113 181 304 127 202 341 43 210 259 12 220 233 33 241 276 12 247 260 113 268 392 37 270 310 37 290 332 105 333 450 103 338 452 96 342 449 14 354 369 33 389 425 6 423 430 36 438 479 112 449 570 118 466 590 93 493 595 21 499 521 128 514 655 36 520 558 52 524 578 73 529 608 31 535 568 83 539 631 49 547 601 33 571 607 60 588 652 90 620 717 46 627 678 109 652 775 39 657 698 2 678 681 25 683 711 17 715 733 10 727 738 9 739 749 8 748 757 
46 77 11 94 120 21 151 68 98 177 116 100 232 47 105 156 111 114 236 35 126 164 34 128 166 114 131 261 94 151 251 100 181 289 144 188 343 31 194 227 135 205 355 122 236 375 12 255 268 86 261 355 77 264 349 71 283 365 6 307 314 78 322 405 37 348 389 135 392 541 77 435 522 42 448 493 6 480 487 75 480 562 73 487 573 91 505 607 14 511 527 33 563 599 101 569 684 5 570 576 133 595 741 68 620 693 28 637 670 17 653 671 24 687 713 16 690 707 69 692 765 55 693 756 66 695 768 27 728 758 5 733 739 30 740 773 18 753 773 
50 65 8 82 35 40 78 32 62 97 26 74 103 8 76 85 98 81 191 12 94 107 41 132 176 104 135 250 5 147 153 22 158 182 140 170 320 68 205 282 108 223 339 33 230 267 94 239 346 26 246 276 43 263 311 111 277 399 54 326 389 141 382 535 85 392 485 20 398 420 13 428 442 32 428 463 98 454 567 25 468 497 88 493 593 23 495 519 63 508 576 94 524 628 65 526 594 135 532 678 97 543 651 30 544 576 57 551 616 129 551 694 47 574 625 109 584 704 96 593 701 129 607 748 13 614 628 68 616 690 39 661 705 54 700 759 24 703 728 40 716 759 41 725 770 9 754 764 2 773 776 
45 34 4 42 46 21 70 136 60 213 41 78 123 122 88 222 137 131 284 23 140 165 32 171 208 143 207 361 53 212 270 139 217 372 59 230 296 32 256 293 11 256 268 48 273 327 37 274 315 29 278 311 87 285 382 69 288 362 14 307 322 53 324 381 81 337 423 110 361 482 82 375 469 58 384 448 135 415 568 23 419 445 74 438 520 114 472 601 72 475 553 57 484 548 66 501 573 59 551 618 39 574 618 79 585 670 126 594 739 69 622 697 66 630 705 37 632 673 15 643 660 36 673 711 23 714 739 18 723 743 20 742 764 21 744 766 
38 48 40 93 38 41 82 50 59 114 121 91 226 51 111 167 139 131 284 26 154 185 30 205 236 114 230 357 51 230 288 73 241 318 110 284 402 131 304 445 25 327 355 117 368 497 94 377 483 24 383 408 91 385 487 85 401 496 136 427 574 21 428 451 120 475 610 127 517 665 126 534 677 119 550 686 45 562 611 57 569 631 87 581 677 57 586 649 74 600 686 100 631 742 59 641 709 99 655 764 30 678 711 40 714 758 28 715 746 49 721 774 4 752 757 
