15 110
4 65 52 188 66 130 251 16 150 176 59 177 269 
8 30 154 214 66 174 267 4 204 210 33 289 340 40 387 466 27 394 441 4 556 562 27 559 629 
8 6 10 23 22 19 48 55 89 200 24 122 157 62 139 245 65 430 535 15 558 586 8 669 681 
9 32 233 286 69 348 468 48 473 540 54 535 640 5 579 587 7 584 594 35 600 651 26 653 694 3 686 690 
3 44 50 181 66 443 554 60 588 682 
11 44 71 154 18 91 123 29 249 301 40 300 361 46 345 421 85 358 482 8 383 398 6 396 403 43 487 547 7 646 655 6 651 663 
10 7 41 53 41 83 146 29 184 224 37 205 257 26 277 320 49 480 564 8 528 541 25 549 598 44 569 639 79 596 690 
7 15 148 176 78 275 400 11 420 436 22 439 472 38 495 564 45 585 682 10 648 664 
8 88 83 209 99 83 212 29 295 351 7 349 360 31 410 463 83 412 521 16 597 621 15 651 672 
6 72 5 120 21 22 51 58 126 226 43 266 334 17 389 420 26 617 685 
5 54 83 190 67 145 251 55 318 438 16 584 603 2 692 695 
11 28 8 49 65 36 158 23 90 125 8 187 200 6 316 323 38 374 449 6 402 409 80 450 560 22 556 594 21 631 670 5 650 657 
10 69 3 104 10 74 91 36 123 176 36 166 216 35 229 283 39 307 367 38 482 553 21 616 646 28 642 680 10 674 690 
4 43 230 343 25 372 412 72 445 558 26 473 539 
6 9 119 130 54 151 278 86 382 510 10 383 402 41 411 472 50 437 511 
