15 417
26 75 11 93 51 27 82 57 32 93 89 66 167 46 144 194 38 172 215 75 186 269 113 186 307 18 222 241 67 247 326 121 281 417 124 337 467 37 339 380 46 364 415 109 395 512 10 418 429 101 422 538 74 456 538 111 487 612 35 493 532 117 505 631 26 521 549 42 531 577 23 545 570 41 556 602 20 662 683 
26 35 27 65 82 57 146 64 84 152 86 106 200 51 116 173 46 152 206 115 153 280 122 155 288 97 169 275 121 185 316 59 194 258 69 195 275 60 229 298 112 236 359 14 241 256 98 299 407 115 386 512 58 431 496 5 516 522 98 526 638 49 548 602 5 563 569 20 652 674 15 661 677 19 673 693 3 689 693 
26 60 44 109 93 57 162 43 60 106 86 132 227 58 150 214 11 170 182 121 213 348 56 237 296 50 279 335 78 281 368 97 304 411 25 334 361 77 347 431 76 387 469 109 405 518 27 432 461 47 446 498 101 458 576 79 469 555 118 483 612 21 521 544 65 530 603 72 579 655 72 580 654 101 583 694 2 688 691 
31 90 19 119 74 42 124 35 63 101 16 102 119 38 115 158 110 129 250 26 165 193 96 167 276 22 192 216 66 206 278 122 209 337 29 250 282 54 252 313 113 261 393 42 293 340 120 374 506 29 416 450 58 444 509 107 444 561 79 494 580 34 542 579 42 544 590 24 556 582 45 600 650 59 612 678 16 616 633 30 638 671 26 640 668 17 657 675 25 658 685 10 678 689 
27 55 4 63 82 73 165 60 99 165 99 115 227 52 126 181 120 138 271 20 177 198 85 192 287 74 195 274 88 207 302 15 235 251 75 286 375 62 338 403 115 358 488 111 393 515 41 446 492 78 465 552 81 502 593 26 527 555 47 546 599 48 592 645 43 615 662 17 629 647 49 636 690 10 641 652 14 673 688 3 684 688 
22 72 14 91 54 46 106 118 57 196 48 106 160 108 110 227 91 257 364 97 279 387 21 296 319 75 308 391 99 413 522 119 420 550 107 452 568 58 491 558 32 510 545 14 523 539 99 553 661 124 555 693 72 561 639 44 568 617 35 588 626 11 655 667 28 662 693 
26 11 12 24 109 40 160 60 51 116 23 68 92 24 72 98 72 99 178 115 125 247 65 226 298 18 246 265 86 251 350 119 265 403 95 265 366 98 273 379 46 292 343 77 295 384 100 311 422 46 321 372 38 326 368 36 340 380 58 353 413 103 375 488 44 428 476 78 456 543 70 523 601 70 571 649 18 670 690 
33 27 20 48 28 37 68 12 96 109 102 96 207 85 115 207 115 128 259 101 137 246 18 166 186 15 170 186 85 191 288 76 242 324 63 253 321 109 301 421 54 304 361 3 306 310 86 320 416 129 322 461 68 338 408 66 339 411 41 378 424 13 386 400 97 391 493 22 400 424 112 495 619 10 504 515 44 514 562 13 516 530 87 544 637 65 602 674 9 640 650 30 643 677 30 645 676 8 682 691 
32 93 19 127 68 23 99 69 39 115 20 64 85 29 131 162 62 149 215 112 199 320 19 202 222 79 205 296 121 212 342 2 216 219 10 233 244 14 251 266 118 251 377 82 283 374 9 309 319 77 330 418 9 331 341 20 333 356 84 366 460 56 369 431 57 412 474 39 419 463 29 428 460 59 484 548 68 486 565 74 493 574 36 536 576 95 536 642 48 580 631 18 642 661 5 687 693 
28 42 19 66 29 24 56 34 43 79 124 49 183 104 57 175 80 65 152 6 107 114 39 137 179 63 157 228 95 198 305 39 268 311 66 303 376 25 318 345 37 414 453 122 461 596 75 466 549 45 475 523 85 481 576 60 513 581 42 535 581 89 558 660 44 579 628 43 581 631 66 609 682 32 633 668 22 636 662 23 668 693 11 677 689 
31 28 6 37 112 15 139 86 26 122 55 29 94 70 41 117 42 90 136 66 134 209 43 188 234 10 194 205 104 200 316 118 223 353 115 227 356 51 241 298 121 302 437 75 346 425 2 382 385 39 384 427 123 456 595 30 502 535 23 503 527 15 506 522 79 568 653 54 607 666 42 610 656 49 621 672 20 634 655 43 642 689 24 655 680 2 656 659 10 666 677 13 672 686 
24 127 53 191 102 60 183 26 72 100 72 124 200 60 134 203 91 139 242 74 143 223 94 180 285 59 193 259 40 231 277 116 247 375 36 303 342 103 330 440 2 353 356 39 492 534 119 508 641 71 515 594 106 549 670 35 601 640 68 614 689 25 619 647 35 646 685 14 646 661 18 655 674 
28 30 27 58 16 31 48 24 49 75 33 56 92 18 91 110 51 142 197 69 163 237 27 187 217 84 193 284 125 200 337 46 229 280 4 285 290 34 288 326 103 293 409 58 331 398 22 356 379 21 395 418 94 417 524 46 453 505 42 473 518 78 483 571 104 484 597 79 511 605 19 527 548 117 546 681 42 600 646 74 604 686 33 630 666 
28 29 10 42 91 32 129 41 43 90 45 106 155 76 113 196 54 133 194 34 143 180 50 145 200 111 148 271 66 187 263 83 228 322 11 243 255 88 249 346 43 262 308 51 305 360 91 349 452 92 363 465 100 364 472 54 391 451 36 425 466 118 500 626 66 528 601 69 540 613 32 558 594 34 604 643 33 652 688 9 659 669 15 672 688 
29 61 1 67 72 4 82 118 8 145 57 9 69 17 52 70 45 73 121 128 121 259 60 163 228 96 168 276 98 263 372 51 266 321 10 283 294 64 326 396 55 337 396 119 385 512 64 390 459 90 392 492 14 398 413 26 418 445 112 425 550 89 476 573 18 483 503 43 512 558 30 543 577 95 575 674 49 594 647 67 612 686 13 612 626 66 620 694 
