15 159
9 40 23 76 47 156 220 70 308 392 92 323 460 21 389 413 75 412 507 66 573 666 52 576 648 40 619 673 
12 39 74 123 37 105 149 87 161 278 68 168 266 34 177 224 29 186 227 34 219 265 86 328 450 44 364 420 5 542 548 16 657 681 8 666 677 
9 15 140 157 99 169 307 47 245 301 72 305 400 32 396 439 94 407 538 34 423 465 100 552 682 30 610 652 
9 91 25 139 61 251 334 72 254 353 58 289 368 83 463 578 101 472 599 27 535 575 45 617 679 13 672 687 
11 100 43 162 53 68 140 40 104 161 83 112 222 3 337 341 15 445 467 72 458 578 75 561 647 16 583 607 16 637 656 18 649 677 
9 103 23 159 99 104 243 28 178 215 88 226 331 56 242 313 78 347 450 26 442 471 90 453 590 18 547 569 
13 60 38 111 28 145 189 62 159 245 7 179 188 9 319 331 92 374 497 93 380 492 62 423 499 67 554 647 15 594 613 43 618 684 8 623 632 6 686 693 
13 38 53 99 5 80 87 66 164 256 49 242 317 103 260 389 32 277 321 25 290 320 51 336 401 27 431 465 33 543 591 103 546 677 16 641 662 8 674 684 
8 51 4 73 41 10 62 88 74 197 89 81 220 49 295 357 83 318 435 19 515 539 16 623 645 
12 47 35 92 2 71 74 92 99 229 69 99 182 34 100 144 94 191 326 55 344 417 110 414 551 24 509 536 16 601 623 9 647 659 6 669 677 
12 56 79 159 12 177 194 30 195 231 38 313 363 82 371 474 4 375 380 87 430 551 26 465 504 82 508 620 21 521 547 30 527 567 20 558 583 
9 59 80 156 64 197 286 80 212 346 17 256 276 75 288 380 42 372 433 46 498 562 17 570 597 14 582 599 
12 19 17 42 42 78 127 95 153 275 9 167 177 83 259 372 37 270 319 63 277 364 110 346 482 63 486 567 57 517 593 5 669 675 2 673 676 
11 69 6 104 55 67 137 8 67 77 77 210 312 28 258 300 102 432 560 49 479 537 63 489 570 10 546 560 52 565 632 41 634 693 
10 94 124 263 112 284 419 42 291 345 57 319 400 83 330 439 17 407 432 43 522 582 15 529 548 7 612 620 19 639 663 
