15 188
15 51 49 105 32 108 142 45 199 247 24 201 227 28 203 233 56 231 295 35 253 292 15 255 272 75 305 383 96 336 444 14 351 367 44 376 423 51 407 464 16 454 472 33 567 602 
9 53 11 68 51 79 136 75 181 264 70 201 278 63 363 430 93 369 477 35 384 423 34 423 460 66 530 604 
13 20 21 42 102 109 221 40 117 161 33 154 190 102 283 396 75 306 384 6 370 377 25 415 442 95 420 530 53 473 531 6 548 555 38 555 596 14 583 598 
14 26 11 39 29 47 80 103 75 192 49 149 203 15 182 198 27 184 215 34 302 338 23 380 405 16 469 487 105 473 590 21 475 498 45 482 530 50 523 577 26 574 602 
12 6 19 26 62 81 152 9 217 227 37 222 263 37 236 274 69 243 318 29 284 316 2 321 324 87 367 460 74 461 545 115 471 591 92 477 580 
9 67 35 107 75 42 127 37 123 164 68 163 240 96 186 288 62 260 327 103 305 416 62 341 408 91 494 602 
11 41 131 176 101 188 299 50 209 263 34 260 297 70 325 405 75 328 413 90 339 443 66 393 463 24 446 472 14 544 559 7 601 609 
11 73 49 129 92 79 182 27 140 169 77 215 296 96 303 408 20 350 372 76 380 465 83 405 496 41 522 569 44 555 602 12 593 606 
18 39 13 55 35 34 73 39 59 103 86 111 201 17 136 154 61 219 282 24 246 273 38 253 295 5 370 376 64 382 454 46 409 461 26 410 439 44 442 492 12 497 510 15 517 533 49 517 571 4 591 596 3 607 611 
13 42 8 57 104 29 140 24 97 123 100 106 214 81 119 206 49 171 224 73 202 280 29 231 263 23 262 286 37 328 368 50 426 483 44 523 572 3 598 602 
7 82 12 98 84 13 107 67 88 163 89 184 282 93 265 365 107 315 437 62 343 412 
19 46 12 62 99 24 130 10 47 58 6 55 62 98 77 186 59 270 334 23 298 323 55 300 362 66 329 402 23 334 359 13 386 400 48 389 438 42 422 470 24 468 494 16 479 497 3 514 518 26 520 547 25 538 567 2 606 609 
11 62 5 70 66 152 226 78 190 270 105 245 362 86 377 475 84 393 487 26 425 452 51 445 502 67 463 533 16 534 552 12 558 571 
13 28 36 66 27 50 79 89 67 165 95 102 206 26 261 290 6 281 288 13 312 326 101 363 475 56 417 479 101 448 560 14 550 565 17 590 609 8 594 603 
13 78 5 91 12 10 23 19 67 88 64 74 143 41 104 150 52 114 171 64 132 206 73 156 239 23 233 258 63 304 375 35 514 552 14 579 594 9 591 601 
