15 268
17 85 91 200 18 155 180 7 219 227 26 238 270 78 243 351 38 260 310 12 408 426 99 492 630 97 509 652 101 513 632 102 581 722 54 585 663 110 640 767 17 663 685 10 674 686 32 683 725 25 719 753 
22 29 62 103 6 68 75 31 72 112 14 75 92 99 112 250 55 155 238 28 207 246 12 230 246 73 231 337 62 288 370 44 314 368 19 367 390 64 396 476 63 413 491 22 482 510 34 561 605 38 576 619 65 583 671 108 595 732 24 696 723 23 701 731 19 707 731 
19 49 20 85 101 38 174 120 67 212 102 98 227 27 109 147 78 140 237 78 154 260 26 161 192 59 254 336 76 279 377 15 290 310 44 300 361 10 323 337 103 476 610 11 490 504 27 690 725 38 707 759 16 738 758 7 756 766 
20 99 98 234 10 121 132 84 143 242 87 172 282 5 184 190 15 230 249 6 248 255 89 257 384 88 309 446 37 316 359 25 356 390 19 379 403 5 453 460 54 511 588 32 534 578 67 563 662 16 652 671 73 654 750 33 654 699 3 762 766 
20 96 11 139 21 76 104 56 95 173 23 180 208 74 185 279 14 191 209 14 237 254 93 243 365 115 244 397 14 260 278 57 320 387 53 437 514 91 444 576 31 478 525 7 655 665 3 673 677 55 678 745 27 724 768 5 765 772 6 766 773 
18 14 68 85 100 97 219 93 128 246 93 146 296 75 151 265 39 171 230 67 244 339 73 273 370 48 295 362 7 432 441 45 479 534 93 554 687 15 575 595 40 632 684 28 638 670 3 692 696 9 708 719 30 733 773 
21 34 37 83 36 45 90 31 60 107 51 201 268 69 440 528 34 442 487 98 445 571 59 450 541 115 511 664 27 530 565 70 561 649 12 589 608 81 630 738 11 679 693 53 683 754 38 689 746 69 691 773 47 723 777 26 736 770 9 754 764 5 771 777 
17 25 1 35 92 21 126 97 91 230 65 91 172 10 92 107 16 106 127 48 136 200 91 157 302 46 182 241 88 230 346 16 316 338 20 515 539 15 520 543 111 536 687 47 595 663 106 626 757 39 713 765 
16 101 82 213 74 130 226 17 179 199 97 217 345 20 273 299 15 423 444 28 424 459 18 490 513 93 548 693 108 566 708 83 586 699 38 590 643 114 604 751 12 621 635 119 635 765 13 759 775 
16 108 34 164 103 61 210 67 98 190 44 146 207 10 236 249 76 253 370 20 301 327 93 313 436 20 330 354 69 376 483 45 464 529 79 492 588 11 560 577 17 605 623 71 627 712 5 746 753 
19 70 54 162 66 66 146 34 67 108 28 138 173 124 200 343 70 222 309 96 320 437 6 334 343 29 391 430 74 415 508 36 473 520 54 510 586 59 518 602 49 535 597 81 552 656 9 609 620 89 650 776 53 684 758 7 756 764 
18 6 36 43 64 56 149 96 71 197 50 92 158 37 95 143 51 184 260 117 220 369 43 341 396 26 341 372 80 383 480 65 399 495 68 438 530 30 456 496 77 619 731 77 632 735 5 657 664 8 692 703 5 735 741 
16 33 72 121 28 137 177 80 145 243 45 163 229 60 173 264 24 240 273 14 277 296 94 417 541 7 477 486 25 511 547 88 526 644 86 581 714 81 609 718 28 633 675 75 656 760 14 712 730 
12 96 66 195 67 105 204 63 207 293 86 208 326 96 258 384 35 357 399 57 361 432 35 379 425 88 442 569 97 497 625 107 537 683 48 681 749 
17 26 105 138 19 109 134 110 114 244 54 119 193 9 141 152 110 144 287 7 219 228 103 268 408 75 312 431 42 321 375 51 331 401 71 339 431 103 379 511 13 394 408 65 399 476 82 583 696 40 687 740 
