15 80
5 90 76 184 12 192 208 6 201 209 50 488 557 44 495 561 
4 66 131 226 21 222 250 79 267 368 61 476 550 
7 70 64 160 29 184 227 69 186 276 13 191 208 10 199 211 8 362 373 10 590 605 
10 30 46 85 19 192 219 67 263 368 36 370 413 18 377 399 31 441 484 3 479 483 10 574 587 14 587 606 14 590 608 
5 57 84 151 65 108 211 81 339 442 101 437 548 4 555 560 
3 67 205 299 61 375 450 77 422 532 
5 95 210 317 63 231 305 36 285 338 85 296 403 38 373 417 
6 11 58 72 81 190 295 36 270 316 26 417 451 78 496 608 34 516 561 
7 72 52 140 60 289 366 43 336 387 20 379 403 25 451 487 7 499 507 16 540 561 
4 75 6 104 46 56 116 45 317 370 30 541 587 
4 25 55 87 73 370 464 68 480 566 53 501 577 
5 60 6 80 76 90 188 6 249 257 21 401 429 53 489 567 
5 61 72 147 37 136 191 63 275 356 46 412 470 22 488 516 
6 9 79 91 55 114 194 31 225 266 35 469 513 57 502 569 13 514 531 
4 63 64 140 85 343 461 75 446 546 15 567 584 
