15 172
10 20 87 115 37 219 269 41 368 429 82 413 521 61 414 498 105 433 561 99 436 569 94 496 612 58 536 605 9 655 667 
12 7 76 85 32 183 225 73 224 328 36 317 367 82 341 452 98 362 496 4 408 413 19 517 541 43 534 587 38 564 619 5 567 573 41 609 669 
12 4 98 103 94 115 238 97 141 262 86 196 308 38 350 402 100 360 477 67 421 519 33 455 503 47 507 566 13 543 559 32 618 658 59 621 693 
14 2 41 44 102 244 359 80 253 358 22 308 337 78 349 452 79 372 473 14 384 402 11 401 414 82 470 574 43 507 564 69 557 644 18 634 658 12 680 696 12 687 705 
9 94 139 259 79 146 259 63 171 277 80 207 306 91 280 394 91 311 434 16 326 348 2 424 427 9 687 698 
11 14 23 41 79 88 208 102 99 230 55 158 231 12 218 232 8 240 251 34 280 325 77 300 395 10 325 338 24 565 598 66 598 699 
11 100 11 146 61 88 168 66 265 348 14 282 300 32 337 379 36 356 402 26 364 399 104 409 541 27 411 451 97 530 657 34 548 593 
14 69 69 158 70 79 167 19 114 137 85 121 223 17 145 168 44 415 470 15 436 458 76 443 551 96 456 563 37 499 547 93 525 653 13 565 580 12 656 673 4 694 699 
8 79 30 151 76 39 135 65 130 238 34 241 286 24 364 398 87 387 494 99 390 504 39 634 688 
12 116 70 211 91 72 176 14 144 164 85 312 413 91 355 492 29 404 441 65 516 601 2 538 541 60 603 681 9 630 642 50 635 694 23 677 705 
12 79 32 139 65 51 136 52 110 184 73 141 235 21 143 172 87 222 340 2 242 245 75 390 485 45 471 530 9 480 491 86 540 639 20 603 629 
15 10 59 73 63 62 148 36 114 162 4 169 174 41 179 232 56 209 270 118 302 436 76 424 526 12 456 472 58 484 561 37 523 576 54 556 624 15 656 676 26 659 696 6 691 699 
8 25 55 89 44 195 248 99 213 350 106 358 494 47 384 452 59 426 503 63 440 525 60 480 567 
14 26 39 70 49 55 124 77 114 210 10 132 145 75 188 275 58 267 352 51 289 358 77 407 503 9 447 460 92 484 602 8 572 583 60 587 656 18 609 631 7 695 703 
10 65 149 238 10 210 223 50 273 343 77 382 491 80 476 573 37 478 536 102 491 622 44 540 597 109 576 700 26 590 621 
