15 177
15 62 5 98 27 79 122 34 243 308 44 263 332 37 332 382 84 345 443 80 384 520 50 440 515 28 445 489 25 511 554 30 527 576 86 544 670 81 616 722 8 708 720 4 781 787 
12 93 152 300 66 172 307 7 181 194 27 197 257 40 282 355 60 333 444 14 418 440 19 427 472 26 481 516 19 481 515 49 555 640 8 561 573 
13 72 103 215 67 135 229 3 151 155 89 160 291 77 161 277 31 186 230 71 293 382 49 470 553 59 480 576 28 539 597 30 689 743 37 698 761 7 763 776 
11 88 28 155 29 338 399 58 346 427 6 416 427 87 457 590 57 533 656 56 643 715 95 649 790 29 690 752 11 756 776 10 773 786 
10 21 67 105 44 136 216 32 141 208 18 152 178 89 187 331 53 220 292 64 368 486 48 576 651 48 638 722 61 649 758 
15 47 30 110 71 57 175 108 57 196 48 132 215 5 156 164 60 251 346 60 442 529 16 469 499 24 509 543 2 587 591 87 589 701 40 676 745 37 738 788 15 755 783 5 770 777 
14 46 23 100 5 29 38 20 67 96 11 79 92 65 161 265 75 191 347 24 258 294 61 271 356 35 321 372 40 331 398 10 486 504 96 502 646 2 734 737 10 755 768 
9 7 101 113 66 143 257 89 160 315 95 259 416 44 316 412 24 436 474 3 559 563 75 635 765 34 730 790 
10 19 101 129 43 148 255 15 207 231 24 288 330 49 331 422 42 392 466 36 503 582 7 556 569 40 643 755 48 700 770 
11 22 38 69 76 126 271 103 163 300 24 193 253 20 255 284 10 348 362 24 426 458 45 463 544 31 465 519 53 474 567 81 565 694 
8 60 6 119 39 181 251 85 378 530 64 402 524 92 419 571 41 632 706 24 682 743 4 780 786 
14 61 128 262 40 151 208 21 159 194 4 208 214 22 244 276 30 273 330 56 347 449 23 514 551 39 560 613 22 617 651 81 624 751 69 668 790 11 688 718 3 691 696 
11 77 3 120 46 77 157 93 86 224 15 125 152 28 369 417 62 440 544 71 655 782 25 674 719 40 710 780 34 729 770 11 762 783 
15 82 170 292 98 178 318 51 245 331 120 295 451 82 375 529 97 422 563 9 488 503 27 506 543 3 523 527 111 567 697 22 568 597 39 582 656 7 756 769 3 761 766 6 784 792 
9 38 165 230 56 179 264 60 294 405 102 385 509 113 463 604 79 629 762 52 652 767 56 667 749 24 668 702 
