15 75
5 101 91 211 84 227 337 24 319 350 57 441 515 23 547 577 
5 14 72 94 43 191 248 24 392 421 93 454 570 48 470 530 
7 22 145 171 52 157 224 34 296 338 32 375 418 21 420 447 41 513 557 52 519 594 
6 51 173 239 58 252 335 44 445 509 37 544 587 10 601 616 6 612 621 
4 67 15 105 91 15 135 18 43 66 53 262 334 
7 12 37 53 15 141 161 65 208 290 2 228 231 72 301 386 43 422 482 44 509 557 
5 51 50 111 11 276 291 35 324 364 78 435 553 13 608 622 
5 86 129 223 80 429 540 100 475 592 41 481 538 5 612 618 
5 69 87 172 58 145 227 76 306 406 36 422 466 7 580 589 
5 51 115 179 18 178 206 94 356 479 66 427 507 8 595 606 
4 76 37 125 95 166 288 44 166 229 69 431 522 
5 18 17 39 94 417 535 51 477 546 21 480 506 80 515 613 
3 55 301 367 77 330 432 82 438 551 
4 87 39 152 5 103 109 85 105 224 41 472 519 
5 46 33 91 10 108 122 78 264 374 19 270 296 40 471 527 
