15 250
12 82 14 108 37 17 70 78 97 201 87 275 400 86 292 408 82 344 455 63 398 489 73 549 654 92 558 683 15 581 601 103 661 792 51 666 740 
20 100 23 148 13 32 49 95 55 164 96 108 239 95 189 321 34 198 242 69 238 341 50 320 386 46 347 409 6 404 411 66 507 602 10 551 565 11 578 592 108 582 725 54 651 727 93 660 771 3 679 683 32 743 791 12 759 773 14 766 783 
19 13 60 76 123 115 272 110 152 300 102 188 311 7 206 215 42 227 296 74 234 337 59 378 473 10 511 524 23 513 540 17 523 544 4 536 541 55 545 615 84 557 666 78 623 720 61 687 764 40 711 769 56 719 792 5 785 791 
12 118 7 162 109 96 242 93 104 241 92 112 246 11 161 175 97 232 367 68 326 423 31 343 382 85 354 455 18 535 557 99 535 677 49 625 703 
15 96 23 173 114 117 269 71 118 233 13 125 140 7 193 202 86 244 372 80 266 371 72 276 373 79 346 448 52 348 409 54 510 590 21 549 575 52 672 735 11 693 705 24 761 792 
16 17 13 38 93 23 149 108 167 301 113 273 415 128 305 461 11 356 372 65 464 562 12 469 484 70 479 569 36 532 581 74 558 664 101 589 726 111 604 746 14 626 644 31 716 759 24 742 773 
19 71 26 120 16 64 85 93 83 202 102 93 247 20 109 142 4 119 124 51 138 207 67 219 301 43 295 347 63 314 393 47 420 482 100 421 559 46 494 551 81 512 621 34 524 566 36 573 616 26 662 697 23 712 744 9 776 787 
16 67 3 98 61 87 177 78 131 233 61 168 250 74 254 353 88 322 432 136 329 486 59 335 419 118 412 551 112 417 562 16 499 522 44 583 636 82 646 750 10 660 672 60 698 778 2 783 786 
15 100 132 268 28 159 193 75 173 284 110 251 405 89 288 413 53 289 363 23 333 361 62 420 483 103 514 636 122 532 689 77 665 770 50 708 777 14 738 758 26 749 777 19 764 788 
21 52 9 81 30 23 60 3 34 38 75 83 180 105 108 240 11 180 197 39 197 247 67 220 317 97 220 365 3 236 240 10 240 254 7 367 377 59 404 484 74 432 524 31 550 597 77 601 706 76 660 755 60 695 777 4 761 767 4 765 770 2 789 792 
18 16 88 109 87 182 295 70 194 295 59 269 349 97 295 426 123 343 484 82 360 471 11 373 389 64 406 492 57 425 500 66 431 521 91 479 605 18 488 513 53 515 579 68 659 742 46 698 765 14 757 777 3 774 778 
17 96 130 250 77 160 279 64 188 278 71 229 315 27 233 267 86 236 369 68 242 327 81 273 385 57 355 438 29 404 438 28 420 453 125 504 658 11 583 596 22 714 746 46 722 782 5 777 783 8 778 787 
18 79 12 126 82 28 132 9 39 51 13 197 212 58 215 290 94 261 377 54 261 329 73 262 361 62 286 375 73 335 448 12 393 408 33 396 434 59 457 530 107 601 737 41 607 657 100 659 778 88 688 792 32 692 733 
17 43 27 81 110 49 185 31 113 148 93 135 259 44 142 197 116 181 339 89 233 350 91 250 371 17 382 402 103 430 567 34 496 538 101 564 704 20 596 622 46 617 677 12 663 676 36 720 766 2 744 747 
15 19 12 38 81 57 158 49 97 162 63 175 261 21 198 229 76 235 337 85 245 364 98 257 391 27 450 485 27 464 497 120 498 635 91 519 655 95 598 725 99 672 790 40 716 771 
