15 447
30 57 16 79 49 51 106 115 59 191 19 105 126 123 117 253 90 129 227 38 149 192 34 159 196 101 217 329 49 219 271 72 224 300 35 236 275 81 273 362 79 275 358 24 302 327 36 318 358 107 319 439 104 402 518 98 415 519 37 484 525 56 493 553 2 493 496 40 502 546 25 526 553 96 526 635 10 545 556 118 559 688 39 606 649 57 623 684 36 655 692 
31 117 37 158 65 43 114 65 47 123 108 74 193 20 77 99 35 87 125 118 90 219 50 94 147 95 114 221 44 115 164 124 159 292 113 164 288 80 167 257 38 180 221 56 197 258 25 221 248 39 226 270 7 243 251 116 317 449 9 340 350 120 379 514 17 382 400 27 431 460 30 461 495 44 531 579 109 543 660 115 550 676 2 559 562 19 610 630 15 660 676 5 675 681 
26 62 6 76 92 12 115 127 48 183 85 60 154 92 61 161 79 80 170 85 130 227 54 170 227 85 204 301 66 223 297 56 239 300 110 305 427 64 308 379 9 340 350 43 343 392 68 456 530 13 462 476 116 471 592 90 480 579 113 539 662 96 549 655 28 584 616 85 610 703 9 673 683 3 680 684 6 682 689 
31 45 16 65 68 29 105 115 42 161 50 54 111 67 61 133 83 72 158 13 120 134 16 132 149 100 152 262 80 164 255 129 195 331 67 197 272 30 221 254 14 257 272 122 325 461 61 344 413 81 347 437 89 375 471 10 418 429 42 444 488 74 461 544 46 525 575 113 554 686 65 591 662 19 593 614 62 605 677 67 630 705 13 632 646 31 634 670 35 636 675 8 696 705 
34 79 9 98 22 32 56 66 47 120 61 59 124 21 65 88 107 69 185 15 69 85 125 69 208 13 88 102 103 105 216 100 128 235 52 143 200 128 151 287 72 156 241 117 175 301 82 188 282 54 198 259 34 266 303 12 393 406 100 410 518 92 435 532 96 440 542 85 464 557 25 473 500 46 515 566 75 518 602 30 573 606 31 584 618 13 598 612 71 610 688 3 663 667 12 672 685 2 693 696 7 698 706 
30 85 61 152 12 65 78 17 80 99 72 81 161 108 114 233 99 121 230 65 135 206 95 143 252 47 159 210 124 230 366 18 249 269 37 249 292 51 268 322 71 282 360 99 314 421 41 352 397 31 359 392 13 373 387 66 403 478 124 410 547 97 468 571 67 565 640 108 578 698 47 579 631 47 591 641 3 596 600 75 612 695 36 663 702 9 690 700 8 694 703 
33 25 16 42 57 39 99 97 60 166 63 79 152 46 144 193 18 171 191 59 200 265 36 200 239 24 201 226 21 235 259 11 237 249 59 308 370 12 331 344 16 364 382 8 377 386 22 420 444 116 421 553 41 433 478 75 441 524 87 446 541 53 447 502 123 486 623 60 488 556 81 492 579 120 504 633 119 514 647 29 518 551 9 535 545 38 559 599 99 587 700 56 587 652 12 621 634 41 636 682 
28 18 4 24 79 18 103 23 27 52 108 75 194 87 81 180 111 91 216 73 91 171 16 139 156 34 250 288 26 251 280 54 283 345 94 381 488 99 382 493 105 399 518 79 429 518 47 431 484 38 479 520 111 523 643 70 552 631 26 559 588 88 583 679 20 605 628 15 621 637 41 628 673 55 638 701 11 645 657 33 646 683 17 663 681 
27 87 26 127 11 32 44 61 57 124 51 65 124 127 73 207 82 132 225 120 178 307 74 209 293 3 247 251 17 250 268 44 278 327 89 318 414 63 325 394 105 350 464 104 361 475 58 394 457 68 439 516 18 462 481 58 471 536 84 473 566 51 487 543 62 509 574 103 529 647 54 573 631 68 593 669 48 641 694 24 680 705 
34 24 9 34 98 15 119 108 38 161 36 60 100 45 70 119 25 71 98 120 73 201 117 118 251 74 126 205 118 127 258 33 130 167 119 180 308 10 189 200 58 198 262 61 204 271 81 205 298 32 248 282 97 271 381 31 408 442 10 437 448 102 475 579 90 489 586 35 526 564 23 535 560 39 541 584 86 544 639 31 560 596 25 578 605 10 586 597 85 591 686 9 606 616 27 632 661 29 641 671 2 680 683 
35 42 16 62 11 21 33 6 26 33 103 30 142 70 39 113 53 65 123 54 83 143 66 122 198 40 126 170 50 128 183 107 129 246 58 146 213 38 155 198 49 188 242 90 207 305 74 242 320 116 252 380 128 257 394 24 327 352 62 362 430 6 364 371 33 406 440 105 421 539 71 464 546 58 529 592 77 569 654 9 587 597 32 588 623 32 599 634 28 609 639 39 634 675 49 635 690 30 655 687 25 661 688 4 686 691 
25 5 8 14 123 45 178 86 122 217 78 134 227 76 159 238 108 170 290 43 185 232 96 191 306 87 240 338 46 355 407 107 365 479 47 365 417 81 376 464 76 444 529 44 464 513 100 481 591 98 493 601 123 500 634 30 534 566 31 534 567 14 537 552 45 606 658 65 627 701 14 648 663 19 666 687 
22 117 60 196 40 164 207 56 249 311 101 265 378 117 282 415 113 286 410 119 296 432 121 319 456 63 326 395 50 368 422 99 410 521 6 426 433 22 436 460 68 464 538 96 515 617 109 528 655 51 577 631 40 609 653 49 616 672 33 623 660 18 682 702 16 687 704 
29 22 20 45 19 57 77 2 66 69 64 95 164 123 150 290 67 205 279 94 209 312 22 228 252 62 229 298 18 231 250 47 302 353 67 331 401 17 359 378 107 391 511 48 419 475 65 469 542 107 481 600 112 520 646 43 535 583 35 566 605 87 569 665 90 582 682 88 589 689 59 597 664 5 604 610 23 614 638 24 662 688 38 665 707 21 677 701 
32 85 2 94 63 16 86 125 16 149 15 60 76 82 62 154 113 64 190 53 71 131 95 85 185 119 103 237 76 131 215 48 143 196 55 221 285 22 239 263 84 240 331 30 259 292 26 274 302 87 314 411 97 319 421 41 321 367 82 403 495 29 405 436 46 411 463 83 413 501 60 436 502 51 495 552 93 546 647 64 560 628 72 575 651 22 596 619 35 643 680 3 697 701 4 702 707 
