15 120
7 63 55 170 59 94 196 55 354 427 28 472 531 54 589 684 11 626 653 4 694 699 
8 37 10 72 70 277 391 55 352 422 26 355 404 54 433 519 59 585 683 21 601 627 8 651 662 
8 31 42 84 42 173 274 79 191 331 65 425 549 15 428 451 29 469 512 17 534 563 3 700 705 
9 20 209 247 58 212 307 6 322 330 26 376 422 57 408 508 31 480 542 10 595 608 31 621 673 7 688 701 
6 49 280 358 41 363 428 86 371 505 71 390 523 36 393 460 5 691 697 
10 2 22 25 54 75 187 15 233 258 21 311 353 45 313 394 27 556 593 9 588 602 35 601 659 9 677 689 4 693 698 
8 20 28 52 66 64 160 28 65 113 81 93 207 90 267 401 33 497 538 57 593 684 17 657 684 
8 40 151 214 70 207 312 20 417 450 99 443 570 48 446 518 76 557 692 4 675 681 4 700 706 
9 13 113 135 62 115 210 51 131 194 13 308 327 31 355 414 35 363 431 82 469 590 28 616 653 3 703 707 
8 49 215 296 36 259 319 44 311 387 88 331 444 31 415 486 4 515 522 49 599 679 2 704 707 
9 60 57 140 72 70 196 67 90 217 35 237 314 5 258 266 33 376 427 8 526 539 19 652 679 3 697 702 
5 32 72 129 30 338 396 88 508 637 51 555 694 34 613 657 
5 47 0 100 76 86 203 53 198 306 47 307 407 16 660 688 
11 4 0 7 111 16 143 50 39 118 20 74 99 53 99 185 13 289 310 5 488 497 24 549 600 25 573 620 48 626 698 13 658 684 
9 5 218 226 32 232 306 47 271 334 49 335 399 32 341 387 62 359 488 55 426 509 63 484 583 23 509 544 
