15 186
11 78 76 161 26 148 177 101 201 309 50 326 381 106 335 455 41 381 427 23 392 417 80 414 499 23 445 469 57 539 605 51 546 601 
17 15 39 55 91 93 195 7 100 108 66 148 219 38 149 191 100 170 285 51 212 266 37 269 308 5 294 300 32 296 331 52 310 366 14 463 478 15 516 533 62 517 583 19 574 594 5 588 594 14 600 615 
13 10 20 31 34 32 71 49 46 100 40 91 133 82 92 180 99 103 213 81 133 224 61 153 219 28 301 332 45 310 357 42 441 487 80 502 591 11 599 611 
7 26 18 48 82 49 147 53 193 256 101 243 361 33 336 371 56 349 411 73 431 514 
17 37 14 55 93 28 131 20 176 198 114 230 349 18 295 314 4 315 320 3 318 322 61 335 400 53 376 437 48 387 440 61 397 463 99 459 572 35 529 566 3 540 544 23 543 568 25 586 614 19 594 615 
14 47 49 100 35 78 115 50 151 207 71 271 349 36 293 334 2 294 297 59 323 391 36 423 463 15 463 480 86 463 562 47 531 581 30 536 569 13 577 591 5 602 608 
11 68 31 104 46 120 171 4 202 207 26 231 259 102 247 357 74 320 402 92 341 444 98 461 564 77 467 551 53 485 546 17 602 620 
8 101 30 144 25 85 112 111 257 378 109 266 385 23 349 374 32 362 397 110 448 570 52 556 614 
14 102 14 129 18 121 141 51 147 202 36 222 262 60 410 477 25 411 438 65 444 518 5 475 481 12 492 505 84 509 606 17 575 594 12 576 589 11 586 598 4 596 601 
12 76 63 149 97 91 199 65 139 208 109 149 269 90 151 251 10 212 223 62 264 334 39 346 387 99 352 458 16 366 383 15 380 396 4 591 596 
10 72 12 89 66 30 104 47 97 148 33 116 153 68 274 350 98 285 396 82 415 507 12 493 506 38 524 567 45 558 609 
13 6 9 16 82 51 136 49 85 137 28 134 165 76 153 238 79 331 416 105 339 454 88 369 466 60 475 541 41 478 522 47 505 556 15 551 567 4 612 617 
12 10 69 80 70 128 206 50 143 200 41 192 238 86 224 319 9 228 238 61 294 362 72 451 532 66 459 530 35 484 521 25 583 611 26 588 616 
12 65 19 94 29 20 51 47 41 92 31 143 178 78 251 337 53 258 314 28 279 309 95 307 417 71 483 563 24 551 578 47 568 618 29 584 617 
15 66 16 90 64 73 143 46 97 147 17 130 148 64 153 220 23 180 204 32 190 227 33 230 266 19 282 303 39 360 402 72 385 466 71 509 587 55 530 591 14 547 562 7 592 600 
