15 636
44 142 23 180 88 29 128 26 50 79 16 71 88 38 72 114 5 87 93 6 111 118 52 147 205 11 161 173 12 161 174 85 172 264 16 181 198 72 257 334 122 260 397 45 262 313 83 265 355 4 302 307 98 315 426 117 323 453 115 348 476 54 354 415 93 356 461 90 361 459 121 364 500 90 395 498 137 414 565 71 443 519 28 459 491 26 460 487 37 464 504 138 478 627 114 568 695 105 590 708 79 609 698 126 620 762 36 665 705 77 677 762 84 695 782 38 706 748 24 738 764 23 740 765 33 751 787 34 754 791 4 784 789 
41 133 26 167 4 30 35 143 49 201 67 66 141 112 77 204 68 85 159 55 115 177 132 129 274 61 143 208 106 151 273 46 175 222 132 182 326 75 210 289 103 227 339 6 228 235 60 235 300 104 265 380 137 273 427 75 289 370 100 322 428 14 349 364 102 379 488 40 387 432 103 413 527 122 465 598 9 466 476 66 515 591 21 527 549 127 535 678 21 550 573 141 585 740 28 591 621 137 599 749 121 604 739 68 610 686 60 612 681 60 651 717 60 718 785 47 732 782 34 750 788 14 767 782 
42 105 7 122 80 16 106 57 17 78 59 31 95 108 64 182 56 132 194 109 134 255 19 142 163 96 149 256 13 150 165 96 186 289 83 202 294 12 204 217 88 242 338 3 243 247 80 266 356 65 291 366 12 310 323 2 313 316 41 316 363 70 317 397 105 326 441 39 339 380 65 379 450 137 387 537 42 387 433 105 394 512 23 401 426 106 406 521 76 406 492 115 416 542 128 464 608 109 517 634 60 541 609 70 551 631 130 563 703 79 563 650 135 589 739 18 631 651 24 711 737 43 740 787 2 772 775 
39 22 51 75 132 56 200 25 94 122 121 96 234 130 124 274 142 219 363 12 239 252 88 249 348 149 285 442 127 300 442 117 305 440 81 324 415 54 343 401 118 348 478 132 401 550 136 436 582 21 481 504 93 489 591 37 496 536 141 498 655 94 498 601 75 537 618 108 557 672 26 584 612 38 588 629 112 595 718 99 598 703 101 600 716 119 614 743 5 625 631 58 630 694 118 635 764 76 664 746 63 711 781 12 736 749 33 749 785 24 763 789 14 770 785 2 788 791 
39 14 10 25 77 81 166 10 97 108 20 99 121 123 124 256 146 153 310 6 156 163 100 173 280 87 209 309 138 275 427 96 276 383 27 300 330 79 320 414 107 324 443 32 331 367 137 342 489 111 377 497 114 380 508 48 403 456 70 427 508 122 430 567 11 456 468 73 474 555 111 495 618 141 505 659 102 510 624 40 552 596 28 560 590 125 579 717 51 595 653 58 600 664 126 612 754 4 644 649 123 647 787 19 680 700 41 703 749 29 725 757 19 766 787 3 786 790 
40 75 8 90 7 65 73 97 88 194 113 113 238 40 129 173 101 129 239 52 135 192 73 143 222 13 165 179 22 166 190 88 209 311 40 212 256 52 224 282 68 234 310 120 277 409 147 286 439 141 291 447 116 293 413 41 370 417 89 389 490 69 396 472 101 426 540 70 457 536 85 458 547 82 462 554 86 494 588 104 508 620 40 509 554 129 513 661 103 549 661 76 552 637 84 558 654 84 581 677 72 605 681 111 638 761 67 650 726 90 660 760 45 696 746 6 743 750 8 768 777 
44 39 2 44 84 48 144 68 57 129 112 57 181 93 73 172 97 79 188 43 99 145 146 101 249 106 111 229 33 111 147 70 118 195 139 140 293 98 160 268 3 188 192 41 194 240 21 230 254 87 258 352 108 267 388 6 268 275 119 356 490 126 367 503 44 380 430 31 385 421 129 405 547 84 410 504 24 476 502 34 517 556 79 545 630 128 548 697 37 568 608 31 570 605 141 582 732 110 606 731 6 608 615 67 614 692 78 617 700 60 672 742 49 686 740 11 694 706 42 702 746 61 706 773 42 725 771 21 748 770 19 760 781 
38 108 10 130 90 24 122 91 46 150 23 84 110 83 114 206 98 150 255 137 172 328 50 207 260 38 218 261 84 220 312 86 226 318 26 230 259 140 261 417 128 267 403 73 274 354 90 282 384 80 420 507 79 432 517 21 448 471 60 452 520 133 456 603 51 459 518 106 549 666 100 554 665 47 570 623 122 583 716 111 605 728 63 617 685 138 630 784 105 650 765 82 651 744 2 686 689 67 696 771 13 723 738 43 739 786 7 743 751 34 748 788 25 750 779 
49 13 82 96 106 93 211 86 114 204 71 136 213 71 147 224 95 161 264 47 168 221 96 170 278 59 193 254 96 199 302 8 202 211 111 207 330 109 218 335 82 235 331 54 244 305 99 270 381 38 297 340 42 300 346 43 330 377 12 351 364 6 355 362 42 360 406 73 381 468 64 384 456 124 439 579 122 469 600 30 479 512 41 503 546 102 518 628 5 554 560 63 564 631 108 570 690 79 578 665 133 594 740 57 594 660 24 598 623 110 605 719 42 610 656 80 616 709 58 622 683 77 624 707 30 629 660 25 636 663 105 652 765 53 706 765 23 724 748 30 731 766 2 736 739 2 779 782 
53 70 2 77 2 12 15 32 28 64 66 56 130 20 74 96 144 104 262 89 124 222 11 144 156 29 195 228 40 219 263 78 236 320 46 259 310 72 263 343 135 266 415 62 272 340 28 312 343 85 323 416 64 339 408 53 359 418 45 370 421 20 397 418 134 399 552 96 506 618 6 510 517 80 514 602 87 516 615 87 548 641 53 549 607 3 558 562 41 575 620 134 576 723 46 590 640 40 593 637 5 599 605 53 613 670 51 618 675 123 642 780 121 652 789 43 657 704 16 667 684 25 685 712 67 697 771 81 700 790 54 702 761 25 715 743 58 730 792 45 737 784 30 741 773 12 763 776 20 764 786 9 776 786 5 778 784 6 782 789 
41 50 5 61 101 11 125 64 14 85 89 19 119 120 21 158 80 23 114 11 35 47 85 37 134 47 70 122 96 88 196 49 103 157 92 112 213 134 127 269 59 152 218 72 218 300 54 224 284 127 247 385 47 254 306 70 267 347 92 276 378 61 317 386 113 330 458 4 338 343 31 350 386 65 375 446 23 402 427 79 413 502 140 471 625 53 489 547 15 519 535 112 528 654 111 566 687 42 568 617 99 579 683 84 602 693 32 677 714 8 696 705 53 699 755 63 701 771 11 730 742 5 784 790 
38 77 33 123 34 63 100 117 69 199 15 103 119 145 138 291 98 154 263 74 172 251 46 176 227 133 231 383 132 233 375 88 238 336 123 244 383 15 278 294 143 298 450 33 309 346 76 310 389 71 345 426 88 348 446 60 362 429 54 378 437 116 402 536 140 420 577 51 473 526 140 495 652 102 513 622 80 517 610 105 562 681 7 578 586 44 583 634 112 593 715 85 628 720 22 674 698 85 683 778 25 718 746 58 724 789 21 725 748 27 744 773 21 759 782 
37 28 19 51 129 20 165 112 55 182 141 64 214 51 89 148 86 145 239 92 173 278 122 175 313 106 180 302 26 207 234 33 224 261 139 261 417 85 329 423 29 365 396 147 372 526 65 415 486 16 498 516 27 503 531 139 504 660 128 513 648 115 515 640 123 518 656 74 523 605 71 538 618 113 606 729 90 625 727 51 627 681 65 630 702 90 661 761 98 667 780 15 682 698 34 692 728 78 693 783 31 694 727 28 706 736 51 712 766 37 741 780 
42 14 8 23 75 11 89 127 33 178 95 70 175 102 79 194 6 144 151 34 150 187 26 173 201 81 214 305 125 216 358 111 256 382 103 275 390 59 278 341 72 305 383 115 312 441 62 324 392 24 347 373 139 357 508 135 367 514 12 410 423 118 447 576 50 463 520 9 473 483 13 508 522 93 529 634 3 536 540 143 545 702 123 552 685 60 567 636 125 570 703 18 571 591 119 578 715 97 595 708 15 599 615 98 658 767 81 684 773 20 710 733 10 718 729 44 720 768 27 760 790 16 763 780 13 771 785 
49 92 21 122 43 47 95 9 86 96 138 88 237 72 97 172 22 97 121 133 117 256 75 120 204 13 148 162 45 161 209 79 167 256 93 178 282 105 216 333 120 265 398 96 271 378 95 283 396 18 287 307 103 290 401 125 325 459 21 348 371 82 363 455 62 396 463 84 422 516 117 429 562 56 432 494 35 435 474 52 440 500 13 441 455 29 454 486 133 460 610 50 462 517 17 463 481 2 467 470 9 468 478 52 576 634 22 582 607 8 586 595 26 607 635 95 615 718 141 620 773 106 633 749 102 658 769 106 665 781 20 688 709 5 747 753 8 750 759 8 751 760 9 760 770 3 776 780 
