15 54
5 33 101 152 56 200 322 12 209 227 39 327 390 9 446 459 
2 62 25 129 38 99 168 
3 9 1 14 33 21 68 52 223 330 
6 6 137 148 18 207 238 32 383 427 3 388 392 51 426 503 52 443 514 
2 40 245 324 66 456 580 
3 20 44 83 66 441 556 12 471 492 
2 34 181 263 59 435 537 
3 41 20 85 8 147 158 57 351 454 
2 36 223 297 50 516 610 
4 12 3 31 6 170 178 40 344 425 17 356 383 
5 49 125 220 9 336 351 32 341 407 23 550 588 7 581 590 
3 20 118 151 45 172 243 74 378 482 
5 68 16 134 34 119 160 20 139 168 13 151 170 45 286 355 
4 56 28 115 7 245 255 8 299 310 27 339 393 
5 8 300 320 49 421 502 5 561 568 32 566 614 9 579 594 
