15 155
9 108 246 400 50 346 428 84 357 486 37 465 537 19 487 519 81 522 674 47 602 693 5 648 656 40 698 758 
6 88 156 306 57 302 404 41 309 399 59 520 658 55 631 714 76 638 759 
10 7 10 22 46 17 111 48 40 166 63 60 200 31 87 146 18 228 260 92 329 486 56 340 412 10 689 706 24 726 777 
7 67 100 241 26 318 359 66 470 596 86 471 614 67 553 656 60 572 654 74 632 755 
11 71 57 180 27 96 142 42 226 285 110 236 389 10 358 390 57 482 593 65 616 740 17 662 685 86 675 771 35 676 723 10 698 712 
13 72 35 158 57 38 140 16 88 123 44 134 243 29 265 308 23 369 408 22 400 428 58 424 511 11 429 447 93 492 621 52 502 581 38 602 657 11 713 730 
8 52 195 293 30 289 330 56 294 395 57 383 534 30 539 593 17 630 663 70 637 754 28 733 788 
9 94 139 291 12 154 171 102 217 369 85 337 471 41 463 551 47 592 690 84 653 774 21 729 762 13 755 777 
8 12 117 140 59 351 445 63 417 542 79 536 659 101 548 697 66 551 705 16 639 663 58 694 788 
14 6 0 8 20 33 64 60 131 233 39 136 190 89 242 392 17 254 286 16 309 336 87 331 428 47 378 461 35 498 556 14 599 623 11 668 688 28 727 779 22 736 785 
15 49 17 106 18 115 144 9 140 150 9 149 164 17 174 202 39 207 265 85 260 397 31 332 374 8 373 393 50 387 461 41 408 470 76 568 707 20 711 738 29 728 777 12 763 779 
9 77 65 162 86 155 299 46 156 224 97 157 312 53 190 283 105 289 437 27 401 441 56 653 762 2 782 787 
12 27 9 74 18 37 73 38 41 105 64 153 257 50 316 408 56 337 427 44 364 438 25 482 532 40 572 630 37 672 744 9 685 698 31 689 737 
10 14 122 143 101 255 391 57 287 385 75 329 459 23 425 459 65 442 583 67 524 641 78 553 658 10 689 701 15 761 781 
14 101 30 183 41 124 198 32 161 201 82 297 442 84 325 441 26 355 383 69 439 551 31 446 500 29 483 536 49 492 555 21 543 581 13 661 682 6 746 754 2 782 785 
