15 74
6 85 46 149 70 252 341 49 269 323 20 274 300 31 311 348 25 380 411 
4 53 390 458 21 426 463 77 468 578 18 504 529 
4 20 22 49 41 57 109 45 403 474 57 439 514 
5 61 30 101 79 84 191 21 327 354 31 470 506 59 480 550 
4 7 229 239 23 296 328 74 424 529 38 449 506 
4 55 65 139 43 93 159 92 129 251 7 466 474 
6 26 38 75 49 184 238 23 262 289 79 412 524 3 449 453 25 462 502 
5 60 53 145 30 314 355 43 471 524 5 516 522 16 595 619 
4 36 22 77 73 382 486 30 398 437 11 539 554 
4 94 57 175 41 365 420 48 489 551 25 575 611 
8 37 118 167 27 133 169 43 242 293 6 300 307 78 364 463 17 443 462 15 460 481 17 591 611 
4 49 110 172 65 111 198 85 404 523 4 599 604 
6 15 68 87 40 259 308 65 309 386 6 369 376 51 428 510 26 561 593 
5 43 47 101 69 90 196 7 219 227 85 235 357 44 312 363 
5 41 23 81 26 60 93 50 125 188 54 396 464 55 513 578 
