15 97
7 87 36 158 53 268 352 57 453 522 32 480 544 23 511 547 95 512 645 32 512 568 
5 19 211 240 63 358 466 29 462 513 46 486 584 43 596 681 
7 11 20 42 48 36 126 26 129 177 64 168 282 31 185 226 17 250 288 73 294 413 
7 65 168 282 43 241 313 23 288 330 28 338 381 73 384 494 37 622 690 24 649 694 
5 57 87 206 76 303 432 74 394 493 58 411 501 50 509 581 
6 28 118 166 3 147 151 85 201 329 46 222 293 51 443 560 47 463 582 
5 78 84 208 17 186 213 61 274 380 63 285 383 74 405 529 
8 7 15 25 39 44 106 62 73 164 69 220 324 52 284 365 29 287 333 49 371 475 4 690 695 
8 71 98 219 36 303 364 62 327 448 7 423 435 66 469 576 8 492 503 17 537 566 4 695 701 
6 39 9 58 59 94 190 76 99 235 15 280 308 64 371 470 62 496 592 
6 81 139 266 86 165 284 71 251 379 69 339 457 60 545 634 4 569 574 
8 84 38 156 40 142 195 53 189 266 76 243 358 51 288 373 12 325 347 12 545 567 7 682 694 
8 51 67 154 16 97 119 47 137 226 6 149 157 11 250 277 16 318 343 63 432 552 9 506 523 
4 59 314 430 54 426 550 75 464 577 16 467 496 
7 70 12 102 6 46 53 65 123 229 19 349 376 50 407 525 43 419 484 32 645 696 
