15 469
30 29 63 94 35 96 134 118 100 227 31 102 136 83 124 218 106 147 263 96 173 281 44 202 249 92 219 323 44 223 269 32 237 273 120 247 382 71 254 334 53 328 387 48 363 418 42 383 429 102 417 528 89 429 525 71 464 543 17 464 483 108 471 589 25 475 503 13 483 497 21 512 536 128 518 655 58 565 628 34 567 603 25 615 643 59 635 703 29 647 679 
38 34 6 43 31 26 60 127 28 168 69 35 113 85 120 214 20 152 174 12 187 200 67 193 265 21 205 228 48 215 269 25 223 250 20 276 298 42 294 338 35 333 373 19 357 378 26 385 413 54 389 447 50 395 452 72 477 554 37 492 533 111 493 612 68 495 570 56 514 573 131 525 661 15 527 544 66 537 609 71 553 631 84 556 648 58 561 621 41 570 614 89 578 676 5 587 593 52 587 646 53 615 676 45 637 688 41 649 692 34 665 703 9 686 696 
31 99 28 135 103 51 165 4 101 106 61 102 169 120 142 274 117 158 287 66 173 246 114 251 375 12 288 301 86 359 455 88 363 458 20 369 391 21 390 412 36 412 453 69 420 496 100 422 534 114 438 563 52 452 510 88 452 551 21 463 485 51 468 526 16 469 486 28 492 522 78 526 614 63 540 611 86 590 685 6 617 624 29 658 690 5 684 690 10 691 702 2 698 701 
32 34 8 48 15 31 47 73 60 143 52 61 114 29 89 121 2 99 102 46 101 151 97 104 211 57 104 166 16 126 143 119 184 324 126 214 354 94 254 363 46 259 309 56 260 323 79 302 390 114 321 448 32 338 373 16 341 358 111 364 492 7 418 426 26 433 461 126 461 596 97 469 578 11 539 551 93 577 680 38 581 624 5 621 627 32 652 687 19 654 675 20 658 679 17 665 683 
36 44 11 58 39 17 60 116 51 177 6 88 95 84 90 185 22 94 117 38 102 145 45 111 159 6 136 143 97 145 256 22 237 261 5 259 265 21 271 294 53 272 330 123 273 409 9 277 287 29 333 363 14 337 352 81 356 441 75 371 459 8 375 384 103 383 498 18 391 411 114 408 528 66 447 517 58 479 543 97 497 605 67 498 571 122 508 640 3 544 548 20 552 573 87 565 661 79 608 696 8 690 699 3 690 694 2 700 703 
37 10 34 45 80 43 131 13 44 58 123 44 182 34 44 81 114 86 210 35 104 143 110 129 246 76 137 219 19 166 186 23 176 201 51 195 250 35 218 257 74 227 307 25 231 259 111 232 362 102 341 455 25 383 411 13 391 405 60 410 477 58 419 484 79 462 549 93 504 610 55 508 568 12 521 534 92 550 648 42 569 614 27 576 607 28 599 630 21 604 627 9 634 644 42 656 702 10 677 688 8 682 691 12 686 699 11 689 701 5 697 703 
27 98 48 158 14 82 98 112 86 210 116 102 234 61 107 175 83 114 207 27 138 169 72 150 231 9 166 176 50 173 228 49 177 231 77 190 277 105 218 334 32 271 306 102 323 433 28 371 402 3 379 383 56 387 451 119 431 565 15 480 496 68 516 590 17 545 564 5 553 559 64 571 642 109 578 699 55 599 658 16 663 680 
32 109 9 125 22 27 50 66 70 142 53 95 155 92 132 232 90 135 231 91 318 416 83 325 415 117 326 454 40 356 400 34 358 395 23 372 397 59 374 440 14 404 419 110 449 574 122 459 593 38 469 511 99 487 590 61 504 573 55 505 563 111 542 672 13 550 564 23 571 596 27 580 610 70 592 668 57 636 702 30 641 676 34 658 698 9 659 669 16 667 684 9 684 694 3 692 696 
31 55 34 94 12 37 50 104 73 192 101 78 191 95 105 211 72 106 186 44 164 212 20 172 194 53 193 250 73 206 284 72 238 317 123 247 380 66 249 324 33 280 316 32 292 329 92 304 405 19 307 327 42 313 359 11 315 327 53 356 414 121 410 547 30 452 483 70 465 544 114 486 607 41 536 580 115 555 680 4 559 564 72 564 643 32 611 648 32 611 647 13 685 699 
31 81 47 136 56 52 114 124 55 190 8 77 86 28 95 125 70 124 198 118 131 259 27 206 236 67 206 279 30 210 243 73 240 319 38 246 289 13 246 260 83 328 421 68 341 416 129 346 482 13 363 377 97 364 468 24 411 438 33 422 458 89 438 538 42 445 491 96 478 580 124 494 632 73 510 591 126 539 677 63 587 656 60 601 665 59 607 672 15 680 697 13 682 696 
29 54 29 87 90 34 136 47 35 87 74 75 154 54 90 148 101 176 290 15 200 217 25 213 242 111 246 371 77 275 359 102 281 394 71 296 377 6 337 344 82 342 433 86 343 437 77 398 482 70 409 483 81 414 506 97 421 529 19 439 459 23 439 464 110 466 589 89 549 645 34 631 666 28 648 679 16 650 667 14 657 672 29 670 703 7 686 694 
25 84 14 105 76 76 157 59 113 180 125 130 263 107 139 258 58 154 217 123 169 303 30 195 229 75 196 282 29 207 239 91 229 335 62 266 334 42 302 348 118 376 509 13 382 396 106 383 498 86 384 484 25 384 411 107 398 513 11 458 470 97 466 574 75 506 585 69 599 673 96 600 703 7 686 694 
28 43 41 89 67 55 125 96 90 198 66 95 167 48 104 156 86 114 210 63 146 214 96 163 272 31 170 203 49 183 238 13 242 256 54 312 373 76 374 459 135 383 522 125 392 531 90 396 495 29 399 432 76 411 496 126 480 620 51 497 551 47 508 562 74 540 621 67 546 622 77 597 683 22 607 630 53 640 701 21 676 699 5 691 697 
33 25 6 32 58 14 82 122 19 151 87 27 124 95 41 144 22 61 85 40 70 113 80 89 177 13 94 108 47 132 183 56 134 191 65 186 260 27 186 215 85 207 299 123 212 345 25 229 257 58 252 315 57 337 397 18 349 369 88 383 480 27 396 426 71 418 494 82 427 516 110 460 583 79 517 604 110 550 671 117 555 683 33 598 635 59 626 691 9 627 637 13 652 667 23 660 685 14 676 691 
29 73 3 84 34 42 80 30 44 75 57 60 122 19 99 120 27 178 208 50 190 245 84 196 289 9 213 223 116 225 360 100 231 345 105 239 362 28 240 269 124 258 394 29 268 301 17 298 317 114 355 479 26 361 390 17 467 485 47 492 545 93 511 622 28 530 560 7 554 562 73 608 695 16 621 638 60 629 698 14 670 685 3 692 696 8 693 702 
