15 623
38 129 54 202 109 72 199 22 73 98 29 73 105 26 106 135 136 177 324 131 185 332 66 194 266 68 216 297 75 217 299 71 229 308 32 230 265 20 247 270 102 248 361 85 267 366 110 281 404 49 282 333 92 336 437 70 343 419 77 357 442 100 390 504 125 393 528 16 454 472 35 458 496 16 479 497 94 480 590 97 484 591 79 581 666 75 582 665 38 589 631 101 601 713 128 611 756 23 636 660 66 660 730 30 674 707 65 677 750 11 749 761 2 777 780 
42 113 20 147 103 28 143 108 28 146 54 34 95 109 75 198 107 86 207 62 122 188 61 147 213 84 148 237 123 165 298 98 190 297 89 195 297 60 228 295 12 254 267 116 268 393 108 331 453 92 346 445 35 353 392 38 381 424 46 387 437 56 399 464 111 423 545 90 431 530 79 451 537 48 462 512 103 467 576 22 493 516 56 510 570 64 519 591 22 555 579 20 566 587 54 572 632 45 598 645 26 609 637 90 632 738 120 634 765 60 689 759 63 704 773 63 705 773 43 710 757 22 718 742 9 761 771 
43 15 7 24 4 8 13 139 36 191 58 40 103 119 48 180 120 113 249 12 117 130 42 149 196 80 159 246 44 179 228 115 233 362 133 262 415 105 277 394 119 297 427 151 325 480 88 332 429 87 375 473 18 376 395 56 396 454 125 429 567 60 442 509 115 463 590 29 469 501 108 488 607 21 494 517 120 533 667 46 546 597 24 553 579 114 583 711 4 598 603 64 606 675 81 607 700 12 613 626 35 618 656 41 638 682 57 668 733 87 675 774 27 676 705 7 708 716 27 717 746 49 726 781 4 780 785 2 781 784 
48 12 9 22 98 25 133 98 52 163 87 67 165 103 94 203 45 94 147 85 97 189 98 97 205 28 107 138 26 120 148 81 121 211 43 150 195 117 152 282 76 156 246 126 174 310 147 182 339 69 191 267 41 199 243 64 215 287 128 237 378 57 267 331 128 283 415 108 288 405 78 369 454 90 388 483 119 390 515 83 406 497 97 407 516 58 422 486 140 422 573 33 438 474 134 453 599 11 463 475 3 484 488 27 506 536 8 525 534 92 613 713 5 623 629 59 626 690 98 641 746 83 646 732 9 650 660 113 651 770 5 690 696 69 703 779 28 712 742 5 758 764 3 781 785 
37 89 2 100 38 28 70 110 40 164 96 59 163 75 80 166 138 105 255 36 106 145 71 134 216 38 141 181 61 164 232 82 241 328 134 252 399 18 259 278 125 259 401 99 303 417 26 315 344 10 329 340 53 345 405 40 363 407 25 377 403 69 417 493 41 417 462 57 465 532 135 468 619 112 500 625 94 505 609 131 507 661 37 509 549 68 513 589 71 571 650 143 601 754 141 621 776 59 622 687 96 630 735 22 693 717 16 700 717 27 722 750 
42 102 7 117 79 12 98 110 25 144 87 32 127 70 43 120 19 61 81 40 67 112 61 84 154 45 91 140 41 129 175 128 147 295 41 188 233 42 200 245 31 224 258 24 225 251 95 275 385 107 276 396 49 278 332 27 287 315 109 298 413 126 305 444 65 306 375 27 319 350 16 328 345 142 385 539 126 389 532 37 403 443 105 422 537 84 434 534 46 434 486 122 455 588 45 464 513 109 476 598 66 489 564 25 559 587 123 576 706 65 587 659 72 615 694 119 615 742 12 670 683 46 688 737 11 773 785 
42 121 19 151 76 54 138 116 94 218 94 99 202 41 100 148 31 119 153 134 128 271 74 131 214 103 134 248 82 143 233 137 197 352 48 216 269 121 246 382 69 257 334 41 262 306 54 280 336 84 309 401 2 326 329 70 348 424 89 354 454 50 355 414 43 378 425 89 389 485 26 390 419 58 422 485 113 433 564 35 450 488 58 454 518 97 579 691 56 602 664 116 620 748 97 620 726 35 646 685 48 666 718 75 679 760 87 683 776 69 691 765 44 708 757 38 719 760 20 721 743 13 730 744 28 741 772 
42 15 28 44 42 55 102 130 57 200 54 59 117 24 92 120 89 112 209 94 129 232 38 132 174 47 142 193 2 205 208 47 209 262 34 217 253 97 219 327 109 244 371 33 283 319 122 331 476 84 353 445 21 382 404 131 403 553 120 424 559 43 427 473 133 442 592 90 483 580 105 484 598 133 509 658 72 526 605 9 541 551 33 574 610 112 584 706 11 634 646 126 642 787 25 674 701 69 676 751 18 686 705 52 696 755 7 709 717 46 715 765 47 729 784 32 740 775 39 743 788 12 771 784 5 782 788 
44 142 34 191 33 68 104 97 68 175 91 108 204 123 127 263 109 136 260 38 155 198 104 156 272 41 158 203 125 172 304 8 176 185 11 210 222 130 239 388 94 243 348 55 294 352 114 316 441 9 404 414 131 453 590 28 455 485 7 467 475 36 476 514 92 482 586 21 486 509 53 488 545 57 508 569 97 524 627 10 532 543 99 548 656 68 578 654 137 602 752 132 603 751 124 614 744 129 622 770 22 624 648 98 641 746 65 658 731 33 675 713 91 682 785 44 721 769 34 738 775 21 760 782 4 772 777 2 785 788 2 785 788 
43 65 89 160 126 126 268 75 140 222 91 144 248 24 145 172 111 168 292 60 173 239 22 180 205 18 197 217 19 203 223 94 244 346 110 268 391 35 287 326 10 333 344 69 337 417 79 350 437 115 351 482 28 356 387 73 361 445 137 385 541 16 389 406 117 395 522 80 460 548 101 460 570 53 478 534 65 497 570 134 507 651 87 515 610 113 545 670 87 548 643 112 557 681 10 573 584 142 581 734 77 596 684 16 611 628 98 649 760 16 662 680 9 673 683 8 675 684 23 727 752 29 751 783 11 767 779 4 777 782 
38 8 8 17 140 12 167 143 92 246 5 110 116 25 117 145 101 124 241 131 147 295 100 151 262 107 171 295 107 181 304 17 195 214 23 226 252 76 243 324 129 314 456 137 351 500 80 377 465 93 395 500 107 398 510 58 398 461 130 417 562 95 455 563 134 512 655 4 559 564 114 563 692 121 576 717 94 588 688 33 638 674 100 640 749 13 651 665 82 654 744 82 663 752 74 696 775 52 703 758 11 710 722 42 731 777 28 733 763 19 736 756 14 771 786 
45 83 14 104 72 22 103 58 29 93 3 31 35 30 75 108 82 101 193 19 161 181 57 170 231 8 182 191 71 225 303 45 246 295 86 249 347 58 260 323 107 279 400 30 284 318 20 301 323 133 316 460 24 329 355 105 342 459 115 389 518 23 404 428 26 427 454 132 434 584 43 443 493 114 469 594 139 471 615 107 479 599 54 485 542 53 514 573 129 519 658 95 523 627 75 560 646 54 563 625 13 579 593 80 587 674 143 592 742 43 606 651 101 622 731 39 643 686 19 656 677 60 695 761 73 696 780 72 700 778 60 715 779 29 743 775 
36 119 38 169 99 51 161 121 68 203 136 97 252 72 120 199 108 133 255 86 155 249 66 175 246 14 181 196 4 191 196 24 211 238 98 215 329 4 216 221 114 236 364 55 256 317 114 270 403 123 276 407 5 286 292 22 335 359 102 345 460 133 380 521 138 412 559 100 457 569 140 478 627 127 498 637 24 538 564 126 539 681 132 554 699 36 574 614 80 611 700 47 646 698 14 663 678 53 665 722 84 671 764 74 672 752 34 747 785 
47 82 19 107 86 27 125 74 54 135 108 69 193 38 79 122 52 114 169 124 120 261 16 134 152 46 171 225 63 195 262 45 217 265 7 239 247 49 268 322 117 293 417 115 294 420 89 328 427 54 347 407 60 353 418 141 354 509 82 360 452 31 392 427 26 395 424 28 401 430 16 429 447 132 442 590 76 475 557 32 487 522 27 511 540 12 513 526 135 515 668 132 519 666 26 526 556 53 539 594 5 546 552 123 562 697 45 585 633 71 604 685 18 619 639 101 623 732 8 657 666 58 659 723 105 662 780 49 663 718 28 670 701 36 707 746 8 721 730 25 723 751 
36 50 0 54 126 4 143 93 21 128 51 31 86 130 71 220 77 134 225 97 141 251 72 160 238 72 179 259 46 229 281 114 237 359 23 241 267 44 243 291 92 250 352 21 258 281 122 299 436 136 303 460 103 308 421 32 356 392 101 390 499 134 411 560 113 422 552 42 423 471 46 467 520 69 488 562 51 493 548 116 499 622 27 502 530 72 516 594 48 608 663 94 609 715 33 644 681 50 670 726 75 703 786 31 713 746 2 784 787 
