15 156
9 88 34 150 66 34 119 111 43 179 93 100 237 78 162 273 56 371 454 12 559 577 16 569 587 23 670 701 
12 27 6 40 91 124 257 10 205 219 34 348 399 11 354 368 8 425 435 86 461 584 83 508 624 58 520 592 58 559 635 36 590 633 12 641 654 
13 14 2 20 117 9 136 54 20 110 65 50 132 58 82 158 61 280 362 5 426 433 13 521 536 67 553 643 11 566 580 73 591 690 27 610 649 32 664 702 
10 73 2 96 77 38 150 36 95 140 107 133 273 111 307 441 7 322 331 63 447 524 16 530 551 73 568 661 21 669 698 
13 99 27 148 100 201 333 39 314 366 14 330 351 30 342 383 6 404 411 60 480 546 15 502 522 78 556 664 63 557 643 39 643 695 16 649 668 14 687 703 
9 17 51 77 65 122 218 91 176 307 82 233 330 31 316 355 35 319 366 60 388 474 31 523 561 75 562 676 
10 45 73 132 29 183 220 108 321 459 26 323 366 37 376 429 109 404 538 77 421 519 15 446 462 34 572 636 54 589 653 
7 114 207 338 95 331 457 45 404 465 55 415 496 99 525 662 75 533 636 82 580 692 
8 71 20 114 57 188 279 30 268 305 97 343 462 81 379 486 73 597 703 42 608 662 59 611 686 
12 66 58 153 4 191 196 46 194 259 88 211 324 16 281 304 41 287 346 100 342 466 19 515 540 79 528 643 86 539 659 2 582 585 2 599 602 
12 98 86 206 60 151 231 93 284 414 72 302 384 63 397 477 17 397 417 83 400 519 18 449 472 27 651 686 24 659 697 3 686 690 4 687 693 
13 107 114 248 7 130 138 49 283 351 23 321 356 36 361 413 24 362 393 47 373 432 83 487 609 31 523 562 108 528 662 58 570 638 37 628 678 7 695 703 
7 69 9 99 87 145 273 90 149 280 66 388 473 89 444 574 18 610 630 20 648 677 
9 12 23 43 26 40 75 78 153 243 75 213 319 28 267 306 77 273 379 72 299 384 104 395 532 63 611 696 
12 24 61 93 61 168 235 75 169 273 22 229 258 97 237 367 8 315 326 88 321 450 89 406 513 86 422 532 62 426 503 12 483 498 20 673 697 
