15 57
9 42 61 114 48 98 188 21 164 193 2 181 184 7 255 263 31 546 606 7 551 560 2 573 578 4 612 618 
4 51 298 393 3 438 442 60 438 530 2 615 618 
3 28 12 62 32 133 178 16 138 183 
4 27 45 91 38 349 427 5 405 412 32 533 581 
3 64 145 261 38 412 489 2 494 498 
4 54 196 276 35 246 301 30 413 469 10 533 554 
2 42 0 90 42 226 315 
4 56 382 473 25 412 451 34 565 616 9 584 600 
4 68 365 460 59 400 494 15 541 571 3 550 554 
3 69 73 181 46 436 515 6 455 464 
4 34 73 131 82 218 338 26 238 281 4 290 297 
3 64 102 207 3 128 133 70 252 355 
2 81 229 349 54 297 420 
4 23 14 42 37 99 157 6 172 181 67 403 503 
4 52 466 562 5 497 506 20 511 545 16 570 608 
