15 250
16 26 5 37 28 25 64 78 38 140 28 154 187 84 172 286 112 248 394 28 296 338 28 321 363 85 349 463 20 361 387 11 380 393 33 382 425 95 555 679 97 565 712 18 570 591 37 674 734 
27 47 4 63 68 13 94 4 14 19 110 98 220 11 100 112 55 122 202 8 157 167 94 232 353 11 256 272 55 349 421 16 364 384 22 371 399 69 432 537 41 455 511 67 480 562 74 508 597 16 522 544 4 558 563 66 582 680 6 603 611 5 670 676 59 682 760 6 709 716 60 710 777 24 718 749 12 738 752 18 763 788 
14 121 106 250 80 121 247 83 133 247 64 165 240 54 190 252 70 324 416 103 355 503 54 376 447 50 465 526 74 487 585 19 489 516 106 619 769 27 691 725 23 715 742 
16 71 25 116 41 68 125 75 94 203 54 96 174 28 231 271 83 355 475 22 368 397 84 395 507 86 440 557 43 489 550 63 513 589 64 540 626 16 541 563 93 612 725 4 712 717 35 741 786 
15 96 20 141 85 70 185 67 107 197 70 192 296 78 209 308 10 302 316 38 327 376 90 375 497 103 407 535 49 465 528 96 549 660 83 593 702 7 640 651 83 676 775 60 699 776 
15 50 17 89 63 65 150 111 82 213 62 156 249 53 252 329 99 260 387 101 371 520 106 448 579 51 519 581 38 575 625 77 607 715 51 623 684 10 758 771 2 769 772 4 772 778 
18 45 20 86 69 247 338 98 289 400 56 330 408 102 343 468 92 364 477 4 385 390 113 437 574 54 497 570 103 530 677 104 634 764 16 639 659 18 666 689 52 691 768 67 691 778 36 694 736 9 726 738 9 743 757 
16 72 54 156 113 100 257 41 127 177 15 150 169 87 290 423 71 298 394 17 327 346 47 353 425 79 404 504 93 430 555 84 463 568 67 583 661 31 619 657 4 736 741 10 757 770 16 759 782 
9 79 145 282 91 166 288 34 311 355 13 351 368 88 385 517 107 413 563 84 429 548 70 505 615 78 595 706 
19 6 8 15 6 40 47 87 102 203 113 111 265 71 114 233 47 119 177 54 317 387 62 356 434 98 379 511 85 461 578 10 467 479 52 497 559 116 498 633 96 501 613 27 543 583 11 680 694 39 733 787 3 768 772 2 777 780 
21 21 5 31 89 66 170 27 68 110 45 151 206 39 194 246 65 339 424 12 343 361 62 345 425 13 348 363 7 359 369 54 362 424 49 380 452 107 388 525 70 389 480 109 413 559 9 446 456 83 460 559 14 566 584 83 587 698 83 590 701 22 684 709 
17 21 6 32 70 68 159 31 81 115 98 228 373 121 250 402 20 338 361 75 357 452 31 401 442 61 488 570 18 490 516 76 509 594 99 553 679 43 562 618 51 590 657 111 629 771 88 664 767 23 691 721 
15 92 28 148 60 98 179 90 160 290 59 166 242 95 181 301 82 251 357 12 270 285 111 329 472 23 471 503 56 515 583 90 548 666 51 563 630 43 587 646 99 610 726 31 729 768 
18 65 27 129 42 51 105 24 99 135 5 118 124 55 124 196 115 184 318 59 205 283 25 258 295 84 306 417 103 367 503 45 374 433 13 383 399 20 397 424 102 433 582 54 598 668 88 670 785 26 698 735 4 783 788 
14 38 5 50 91 28 171 85 57 148 120 102 255 102 123 245 31 161 197 117 176 327 81 266 385 15 361 379 84 456 556 107 528 658 112 539 676 56 659 745 2 690 693 
