15 168
9 87 149 244 59 186 253 44 192 242 54 273 332 87 305 402 19 332 353 75 411 495 35 485 524 70 503 583 
9 77 0 86 75 111 193 105 138 245 45 206 254 105 244 357 36 401 441 18 418 438 95 420 528 82 522 612 
11 12 32 45 7 36 44 56 49 113 73 69 152 64 171 243 36 197 238 69 295 369 68 428 507 73 474 557 45 509 558 5 595 601 
11 30 15 47 93 53 148 53 131 191 7 138 146 25 219 246 96 296 403 47 322 374 47 482 532 87 488 592 62 537 605 4 613 618 
7 67 7 82 103 68 188 50 91 145 106 327 445 53 415 472 70 429 512 49 551 605 
13 66 37 109 3 62 66 9 137 147 74 149 236 30 248 282 85 324 416 20 368 389 61 379 448 47 483 538 59 507 573 20 519 541 43 537 582 2 575 578 
15 90 31 130 95 43 150 73 127 206 66 206 276 25 213 240 15 224 240 43 272 318 38 344 386 48 450 503 73 488 569 25 510 537 77 511 595 15 573 589 4 581 586 3 614 618 
12 23 7 33 79 58 147 96 59 168 86 155 245 36 190 228 65 211 281 33 243 280 19 339 360 61 355 424 73 383 462 11 507 519 24 584 611 
9 31 63 97 62 104 173 92 205 308 71 327 407 51 349 406 68 358 432 90 495 597 45 503 552 3 609 613 
8 78 63 152 71 94 168 84 216 306 64 266 337 115 353 476 99 485 595 58 487 549 80 501 589 
14 27 103 133 100 123 233 91 147 244 32 151 185 3 167 171 37 265 305 77 282 365 114 287 410 48 359 412 67 438 511 79 457 544 22 467 490 30 468 500 15 588 604 
8 92 8 113 10 38 49 75 63 146 66 116 192 107 149 269 76 181 267 27 410 441 3 559 563 
12 62 46 114 101 87 194 6 187 194 48 218 270 9 227 237 42 362 409 50 367 422 78 385 468 90 411 513 77 474 559 75 477 559 12 598 611 
11 7 28 36 92 125 226 63 217 285 94 365 471 85 368 464 57 381 444 74 444 525 48 557 615 23 569 593 2 587 590 3 610 614 
19 100 48 157 9 67 77 23 127 151 26 140 167 27 169 198 39 195 238 27 270 300 29 305 337 29 344 375 49 359 414 68 409 485 10 410 421 51 438 495 37 444 484 11 478 490 75 529 611 24 589 615 13 595 609 11 595 607 
