10 108
13 109 6 152 9 61 73 35 117 162 28 199 243 18 205 231 25 222 252 111 251 390 89 326 454 56 522 596 32 576 617 33 742 786 25 748 781 10 757 769 
10 13 119 135 69 154 243 38 195 246 47 200 267 79 339 445 49 445 515 61 448 533 112 531 684 59 668 744 17 709 733 
8 58 170 246 14 346 366 71 405 490 82 443 575 72 463 557 18 519 545 93 561 693 96 592 724 
12 75 8 106 74 77 179 71 80 175 55 166 227 56 199 273 20 360 385 27 395 438 10 578 591 60 624 700 93 649 775 19 703 727 42 729 787 
9 102 104 250 117 247 396 14 329 348 62 341 419 27 367 400 57 429 504 58 459 550 129 503 660 72 629 727 
11 97 138 253 130 243 393 110 414 552 5 428 434 96 435 562 78 443 541 98 532 655 111 540 668 79 644 754 8 702 711 8 766 777 
13 99 106 256 48 112 171 46 256 316 91 282 405 7 322 331 35 332 376 71 341 436 71 364 453 41 370 426 133 550 706 49 633 695 10 757 771 2 781 784 
8 66 51 144 41 171 233 75 296 434 80 398 513 34 421 460 24 439 474 64 575 675 7 660 668 
12 117 25 181 40 74 126 118 93 239 48 142 199 16 162 185 12 221 235 115 386 537 101 409 546 20 415 440 56 641 716 27 646 680 7 700 710 
12 7 5 15 5 79 85 87 156 289 58 223 293 41 354 402 73 445 561 78 570 679 46 625 681 18 635 660 70 671 766 26 677 710 8 770 780 
