10 74
6 84 22 167 11 432 448 28 438 480 83 525 669 108 607 764 9 766 778 
7 68 107 204 81 196 306 60 355 482 23 421 462 43 465 539 62 615 707 7 702 719 
5 94 121 273 12 148 173 76 203 340 69 357 485 19 645 675 
8 50 191 275 81 219 332 14 222 241 74 249 353 75 456 586 46 617 700 37 721 788 3 728 732 
6 41 29 133 70 78 222 23 300 346 3 302 307 98 564 698 12 693 709 
7 36 164 229 87 215 335 44 238 309 41 262 344 30 337 374 64 668 785 43 702 766 
9 9 1 14 26 109 149 56 110 205 39 186 262 8 209 223 85 229 365 54 270 358 8 391 405 9 763 776 
10 8 69 83 29 87 136 6 152 159 70 226 324 83 269 371 18 369 397 85 385 522 34 450 515 20 570 599 44 622 688 
8 62 66 164 21 111 139 87 118 255 31 257 312 78 585 697 59 606 698 44 647 718 11 666 682 
8 26 13 66 8 59 76 76 106 218 80 364 490 45 509 580 40 626 695 25 650 693 53 678 748 
