10 278
24 73 34 116 119 100 230 7 198 206 72 213 293 48 217 274 90 228 331 121 229 361 62 236 305 35 279 317 90 281 380 134 301 453 43 304 351 124 387 522 4 397 402 108 469 590 144 484 639 129 545 690 130 565 710 8 589 598 72 660 739 74 686 767 21 748 771 3 778 782 2 783 786 
31 61 29 98 68 60 137 137 69 219 33 71 110 47 156 210 72 169 252 109 180 302 39 182 226 35 238 276 87 295 392 34 365 401 12 370 383 22 392 417 15 402 418 86 428 519 38 461 502 41 488 532 108 490 609 71 501 580 98 510 619 123 528 661 93 555 656 17 582 601 84 609 709 52 628 685 30 637 670 39 688 732 73 691 768 20 705 728 4 752 757 8 772 781 
29 81 54 147 76 88 169 56 105 165 37 108 148 124 124 259 113 134 256 22 186 210 33 187 223 99 187 295 60 190 256 125 199 333 8 269 278 58 285 348 9 323 333 23 340 365 130 383 523 121 392 528 131 432 574 15 468 484 98 496 603 124 506 641 72 518 597 55 556 618 130 622 772 33 625 661 67 689 763 16 714 731 12 740 753 2 758 761 
26 135 6 155 34 62 100 131 95 237 118 140 269 132 157 301 45 191 241 119 233 365 45 247 297 57 295 359 91 298 398 104 406 518 123 459 594 98 475 585 114 486 610 63 487 554 40 487 530 47 545 597 3 553 557 27 554 583 83 593 684 56 594 656 52 621 679 123 626 763 56 676 740 40 684 728 3 780 784 
26 16 4 21 106 18 136 136 46 191 90 53 153 70 139 216 124 194 327 56 201 262 76 323 413 115 325 447 21 356 378 47 373 423 95 390 502 23 406 432 117 421 553 115 477 613 49 490 544 63 517 588 84 563 657 127 573 712 78 628 718 14 679 694 30 717 749 26 719 747 28 735 766 13 755 769 11 771 783 
32 67 20 91 120 22 154 5 42 48 138 90 237 17 92 112 42 110 157 114 114 243 46 123 175 122 135 276 29 137 168 147 183 335 5 208 214 12 247 261 112 256 387 39 276 318 45 350 400 132 431 575 142 438 592 11 465 477 62 477 545 64 494 562 44 517 566 97 589 698 82 635 726 79 656 746 26 696 724 24 697 722 26 705 733 9 734 744 7 762 770 2 773 776 7 776 784 
22 128 98 244 35 106 146 78 127 214 110 191 311 132 200 351 52 216 273 48 216 269 113 222 350 120 313 442 67 317 392 96 368 476 48 384 438 73 417 496 41 421 467 35 513 551 35 536 576 128 536 677 30 550 582 74 569 652 125 645 783 69 650 726 9 722 732 
31 75 61 146 14 67 82 26 99 129 143 193 348 33 262 298 96 280 384 38 302 345 83 339 431 88 348 447 33 372 409 126 373 515 31 373 408 124 392 522 25 394 421 107 423 545 84 427 523 137 431 577 81 441 530 9 468 478 34 469 505 44 501 548 79 507 597 98 517 629 22 521 545 38 585 626 5 588 594 74 702 781 32 718 752 5 738 744 8 739 748 16 769 786 
29 103 16 129 61 44 115 98 119 228 89 147 247 46 156 206 3 185 189 134 221 368 82 239 326 5 242 248 140 251 404 119 274 405 92 281 382 113 285 408 116 308 432 59 330 393 79 340 424 12 387 400 67 504 579 26 562 589 100 571 680 25 581 609 64 585 655 33 653 687 28 668 699 36 681 720 79 687 773 69 692 768 61 698 768 43 700 746 
28 65 17 89 14 28 43 79 55 139 23 76 101 62 130 200 121 138 271 113 227 352 67 240 311 27 313 344 141 329 485 36 331 368 102 361 471 138 425 579 113 439 566 114 450 576 111 472 595 107 501 618 96 515 618 22 574 598 38 594 636 14 614 629 69 614 689 64 622 694 100 626 738 41 635 679 45 648 694 11 750 762 3 776 780 
