10 461
49 118 9 148 42 52 97 124 59 200 141 85 242 82 95 183 60 127 194 28 159 189 126 179 312 153 193 360 50 207 263 7 209 217 126 230 372 79 235 326 73 251 335 102 255 369 53 260 320 38 260 302 49 270 322 10 286 297 107 290 409 70 294 369 28 312 344 48 350 402 50 367 422 90 368 470 67 471 546 59 481 546 45 497 547 96 521 635 142 529 682 106 542 656 33 543 578 120 599 723 24 616 643 74 666 745 101 671 784 69 698 775 116 747 875 98 758 867 65 766 839 32 790 823 71 801 875 64 813 882 16 837 855 4 837 842 32 838 873 14 840 855 4 844 849 11 871 883 
44 95 2 103 7 6 14 151 59 217 38 73 114 49 75 128 17 80 99 31 88 122 135 93 243 97 117 228 76 117 204 111 121 244 93 122 230 62 124 191 145 174 339 72 247 330 116 288 412 152 319 491 101 323 434 65 334 406 83 351 442 91 361 466 67 377 452 17 396 414 97 408 513 98 469 575 137 527 675 22 538 562 109 545 665 143 595 762 30 625 656 153 627 787 132 633 777 127 637 776 29 644 678 24 655 680 61 660 726 78 704 791 115 711 833 30 720 752 48 779 832 37 833 874 23 850 874 24 854 879 12 868 881 
52 149 2 164 143 4 150 64 16 86 129 23 170 66 36 109 18 51 72 22 141 165 18 141 161 98 142 256 120 159 289 88 161 255 14 168 183 2 230 233 32 237 273 118 239 371 138 250 398 7 254 262 22 285 309 103 304 420 129 309 452 66 393 465 7 400 408 17 415 433 62 426 494 132 431 580 13 438 452 87 450 547 99 462 567 99 517 624 2 535 538 137 545 696 67 550 625 127 566 703 154 571 733 148 595 757 19 601 622 127 606 750 145 631 787 22 659 682 30 668 699 124 691 828 103 712 825 50 757 811 30 764 796 58 774 839 12 779 792 21 785 807 31 816 851 3 842 846 17 853 872 4 877 882 2 880 883 
46 115 28 153 153 38 209 46 45 95 148 52 219 4 70 75 22 86 109 116 96 222 42 107 153 42 113 159 141 119 275 99 121 231 43 132 181 5 139 145 32 219 255 99 228 335 131 231 376 35 239 277 80 290 376 78 343 433 82 406 496 131 419 564 88 469 565 133 496 646 23 518 542 103 519 633 122 549 684 35 559 598 34 564 601 104 607 721 18 618 637 133 641 786 144 653 813 144 665 821 148 713 877 13 737 751 90 760 863 61 772 839 15 791 807 29 802 836 37 825 866 46 828 876 23 832 856 40 839 882 11 866 878 4 873 878 3 879 883 
49 13 25 40 91 40 139 35 45 84 66 73 149 33 121 157 157 134 305 6 148 155 150 155 327 106 157 276 28 189 219 117 199 330 47 221 273 115 225 354 20 227 249 60 230 295 122 236 369 136 239 383 108 246 366 11 251 263 99 253 367 92 260 364 49 285 339 66 304 376 72 310 389 81 357 447 30 434 468 37 471 512 152 471 639 63 473 542 13 484 498 82 555 647 83 559 646 143 587 742 108 601 713 39 607 648 81 625 717 65 663 739 18 674 695 144 683 840 38 701 743 72 702 779 121 736 872 19 756 776 13 763 777 33 825 863 26 854 882 18 854 874 18 855 875 12 865 879 
45 83 21 116 19 84 105 68 98 177 73 100 183 39 117 161 126 119 259 25 127 155 119 181 311 58 191 258 126 208 355 49 211 265 48 221 274 152 242 411 137 268 421 12 277 290 100 300 407 119 309 436 43 311 357 59 319 383 108 363 477 44 375 423 59 477 541 149 499 666 112 512 634 132 515 660 134 529 673 27 564 594 2 568 571 120 629 761 75 644 729 129 661 797 30 685 718 68 695 772 36 703 743 38 728 768 109 745 868 63 750 820 37 783 822 87 789 883 62 807 877 53 809 868 40 811 857 2 843 846 25 847 875 7 867 875 
41 58 2 68 58 27 93 78 48 132 67 61 134 87 71 170 123 76 209 146 87 252 71 103 181 37 104 143 13 113 127 120 113 244 105 134 251 90 158 258 98 163 274 149 163 335 105 184 299 60 203 265 157 225 401 112 237 362 120 265 399 143 272 428 120 283 418 44 352 402 112 361 483 36 389 428 91 407 507 18 422 441 19 442 464 149 448 614 115 529 653 74 581 660 103 615 725 54 628 689 107 644 760 37 653 695 100 767 874 79 789 878 68 807 878 6 853 860 13 854 868 3 873 877 
48 38 23 66 37 53 97 155 120 289 91 134 237 16 152 170 31 166 201 17 168 186 84 206 299 82 210 302 44 215 263 129 245 386 96 309 413 94 310 411 7 332 340 74 359 442 90 360 461 34 370 408 42 383 429 3 384 388 108 402 522 118 405 543 23 406 431 26 410 440 52 414 469 88 446 545 153 458 628 111 459 583 67 469 543 125 479 617 119 482 616 50 492 548 92 556 660 147 558 725 61 585 655 26 593 621 95 610 716 13 654 668 30 717 750 66 719 790 75 730 809 80 761 848 41 772 818 27 780 810 18 794 813 48 825 877 25 849 877 26 853 881 18 859 878 
40 77 1 87 95 27 130 68 59 134 131 60 200 69 92 166 131 98 243 144 120 273 74 176 257 83 253 344 157 254 425 65 289 364 69 290 368 142 304 452 41 326 368 22 331 355 20 347 368 143 360 524 125 369 510 146 376 538 42 379 423 107 444 559 149 458 624 36 485 525 45 517 566 136 547 704 97 551 661 98 564 673 117 631 755 15 660 676 19 689 710 137 691 839 15 700 716 36 711 751 154 711 883 72 726 806 105 732 845 68 740 813 66 761 841 65 791 862 20 820 841 
47 159 10 183 66 33 109 29 63 95 127 68 206 39 70 116 131 104 252 135 142 294 39 187 229 24 194 220 136 201 350 33 204 241 67 205 280 143 207 362 11 221 233 161 223 389 89 226 326 20 269 290 72 273 351 26 282 310 121 284 417 86 285 383 6 296 303 106 301 420 46 386 436 36 409 447 61 439 503 102 442 558 31 482 515 98 493 602 5 505 511 37 521 560 31 540 575 116 552 682 54 571 632 102 587 704 121 602 740 42 612 657 129 623 764 45 666 715 34 699 739 137 725 880 7 727 735 17 784 803 33 787 823 46 829 880 24 856 882 4 866 871 
