10 116
15 24 46 85 16 219 245 15 232 253 64 264 378 49 278 345 5 397 403 24 523 571 47 544 637 43 551 622 96 586 754 51 693 763 55 745 842 9 748 762 26 821 859 12 821 840 
9 31 41 86 54 171 253 28 206 253 68 256 384 53 320 442 81 333 463 56 357 464 80 392 516 25 788 835 
7 73 63 175 76 150 319 70 220 346 34 235 291 89 425 575 97 435 604 5 866 874 
16 23 153 206 30 224 268 82 335 488 9 402 416 93 543 669 61 591 662 89 637 794 36 681 746 38 725 802 6 734 744 46 788 863 29 791 833 28 814 869 3 853 857 4 866 871 2 872 875 
9 66 54 198 34 309 358 86 372 499 61 399 504 55 498 573 60 594 729 36 747 800 48 749 863 3 875 880 
10 13 184 203 7 269 279 87 297 446 91 403 573 120 717 877 71 721 866 72 751 883 6 829 839 31 829 864 7 847 859 
10 66 27 139 48 65 169 31 70 119 76 88 216 120 116 266 11 241 268 22 290 323 36 448 541 14 460 488 67 704 833 
13 2 93 96 34 126 169 4 159 164 6 226 235 18 304 360 89 482 650 89 557 714 114 574 722 79 630 771 50 772 838 52 783 868 36 814 873 2 880 883 
13 7 319 332 90 351 494 21 426 464 37 427 495 14 514 547 91 522 670 44 523 584 42 586 662 44 627 735 46 714 798 21 740 774 40 819 878 2 877 880 
14 32 51 91 22 155 201 27 204 244 63 300 435 55 392 469 65 399 561 36 418 486 5 419 425 69 456 595 37 563 618 3 634 638 27 759 801 16 851 881 8 867 881 
