10 187
20 98 35 161 4 82 87 95 135 252 17 163 184 20 207 236 129 303 470 90 338 462 64 361 437 68 517 604 60 548 630 138 597 767 102 612 763 69 654 760 27 688 730 22 744 773 36 776 825 5 789 795 11 842 855 13 847 864 3 871 875 
29 67 10 104 86 25 146 4 104 109 138 147 311 110 167 314 121 193 331 69 203 284 10 242 254 30 280 327 9 302 314 111 356 483 54 380 457 60 449 527 2 457 460 62 469 541 13 509 528 29 511 551 5 581 587 133 599 763 86 675 776 55 727 792 18 731 752 22 797 820 17 802 823 28 835 873 25 844 876 3 846 850 7 858 867 3 879 883 
15 98 5 134 136 17 171 129 58 226 89 78 222 6 102 111 61 299 387 93 334 452 77 433 535 31 494 535 67 571 651 77 617 730 61 704 773 111 708 864 22 772 800 7 867 877 
18 60 110 185 132 133 306 67 133 214 48 177 234 35 218 271 128 393 556 54 453 526 128 496 640 24 499 530 46 559 617 45 667 742 71 674 769 70 681 785 36 733 786 84 743 849 80 757 852 8 820 832 4 843 848 
17 74 46 146 124 185 353 28 280 320 97 282 420 26 289 324 56 344 421 92 365 485 115 483 631 60 510 590 32 543 585 110 562 701 23 639 664 96 684 805 78 714 815 8 833 842 31 835 876 22 840 866 
17 26 14 60 21 160 190 50 204 268 90 217 331 73 307 406 83 320 425 103 358 509 140 378 551 70 431 528 44 462 521 85 472 590 73 485 578 37 531 583 88 553 662 27 820 856 6 863 871 14 866 883 
16 111 51 227 42 257 323 111 259 407 42 265 321 66 277 360 64 296 388 57 314 394 71 393 481 63 510 601 126 516 675 84 624 739 13 678 695 36 733 780 10 820 833 6 866 873 5 875 881 
13 124 105 263 65 116 193 101 240 380 13 292 308 72 325 440 83 365 474 117 401 562 92 414 533 127 440 612 106 559 684 62 621 704 122 737 875 28 832 867 
26 120 12 148 26 41 72 144 43 217 50 44 106 23 71 104 117 93 230 32 130 172 5 134 140 46 210 272 118 268 419 141 289 464 95 310 437 78 323 422 7 500 508 76 583 685 80 604 712 3 703 707 37 765 817 45 765 816 10 816 828 24 816 848 6 816 824 4 837 842 23 845 877 12 862 878 2 868 871 
16 58 5 71 21 11 37 41 124 186 99 145 276 96 186 302 57 197 283 44 245 306 4 292 297 39 334 387 95 395 528 97 496 645 133 535 689 41 639 695 70 666 775 49 673 736 5 841 847 
