10 122
13 41 29 74 101 43 154 120 91 215 115 135 264 9 224 234 95 352 453 40 366 410 2 372 375 66 405 478 23 468 494 58 598 664 74 610 692 3 668 672 
11 67 18 93 131 19 157 88 30 127 33 63 99 68 84 158 60 253 316 82 317 413 121 333 468 22 525 549 69 534 607 40 614 657 
14 5 7 13 5 7 13 110 99 221 107 156 268 49 253 308 37 348 389 90 357 458 58 360 421 111 380 504 33 430 466 34 521 560 29 605 637 15 676 692 2 685 688 
13 69 2 79 124 38 171 83 51 139 93 118 219 101 183 290 32 305 341 82 384 479 33 418 454 80 505 590 2 602 605 43 639 686 21 650 673 2 691 694 
12 95 53 155 115 128 258 40 197 241 48 219 271 66 372 446 124 452 586 36 481 519 46 559 610 84 573 665 30 619 651 24 666 691 11 671 683 
12 31 3 37 31 34 68 94 126 230 122 157 295 95 172 274 17 210 229 42 245 290 62 326 395 45 438 488 95 444 548 26 657 685 2 684 687 
12 46 3 55 61 67 136 72 79 158 27 86 116 78 103 188 33 128 165 73 270 351 83 378 466 110 568 693 29 636 667 8 676 685 4 682 687 
12 47 3 53 14 38 53 54 42 103 36 228 269 19 274 295 100 279 389 62 333 402 23 342 367 111 383 511 89 542 639 46 601 651 10 668 679 
12 118 34 162 4 133 138 104 133 246 31 176 209 55 219 277 69 273 354 49 302 355 46 448 497 111 450 573 45 478 525 92 531 631 69 544 623 
11 89 42 146 98 76 187 49 93 148 40 200 246 47 237 290 51 353 411 58 423 487 29 456 489 24 490 516 43 540 586 17 653 671 
