10 106
9 33 135 173 111 271 395 29 310 344 39 312 354 110 325 446 4 377 382 63 491 563 131 544 689 74 570 648 
9 35 41 81 54 135 191 17 193 211 41 273 318 58 325 389 120 456 600 89 480 584 96 615 722 23 697 722 
7 84 47 141 88 69 166 126 246 378 120 330 463 34 340 377 108 452 580 132 457 600 
14 97 32 133 6 91 98 44 96 147 114 144 269 20 220 242 46 230 281 125 436 570 101 468 579 64 477 544 49 501 554 52 601 658 45 604 653 19 655 676 28 690 721 
10 130 336 472 95 484 591 86 527 625 121 576 710 23 583 608 79 591 678 68 618 691 92 621 719 22 648 673 7 691 699 
8 100 205 314 85 303 398 110 373 495 132 382 523 133 421 564 77 461 546 87 520 619 5 684 690 
10 45 3 52 72 85 162 25 165 192 99 206 315 83 249 343 57 382 446 125 524 663 90 565 664 27 623 652 46 661 708 
14 21 50 73 76 99 183 6 128 135 20 227 249 102 305 420 2 312 315 94 314 419 31 371 404 106 393 506 72 423 504 42 476 524 59 503 566 29 633 665 22 688 711 
8 129 14 152 100 271 383 50 299 355 89 339 437 85 422 518 103 562 673 98 575 682 97 576 682 
17 121 158 289 17 225 243 66 226 300 35 280 319 15 284 300 14 317 332 77 337 418 77 341 427 72 412 495 16 440 457 22 511 535 12 533 546 27 539 568 14 628 643 40 643 686 48 664 717 11 694 706 
