10 65
3 73 125 276 49 584 660 63 647 805 
8 27 101 148 80 177 298 75 211 317 44 301 367 44 709 783 79 712 823 29 754 803 9 792 808 
6 122 109 253 66 173 289 95 237 341 59 342 462 7 395 405 76 606 733 
4 113 76 233 80 337 477 23 341 412 52 392 495 
10 104 84 237 52 161 229 5 413 421 22 416 468 22 457 504 59 503 611 30 572 616 42 737 806 7 752 761 4 814 819 
8 30 11 67 22 129 171 77 380 526 110 517 672 36 545 610 91 600 738 6 664 673 35 734 788 
7 17 105 129 93 216 378 71 234 372 7 358 367 27 491 545 30 621 668 14 734 763 
5 82 235 376 22 403 447 49 558 638 28 566 610 92 605 769 
7 14 64 91 4 129 136 85 145 277 60 215 328 45 346 429 53 657 739 41 762 818 
7 64 193 317 97 209 341 115 352 513 49 353 448 51 405 481 15 577 600 5 661 668 
