10 273
31 67 8 84 78 10 96 3 90 94 136 105 254 34 124 162 66 130 199 125 130 267 20 138 160 78 291 379 23 295 320 134 306 454 25 367 395 29 371 404 53 372 428 146 397 553 76 402 487 79 407 493 100 434 545 111 492 617 18 521 541 29 550 583 83 567 654 19 602 623 107 620 738 32 640 674 49 731 789 75 742 825 65 753 823 51 756 810 45 762 812 36 780 819 
26 30 6 38 33 56 93 108 156 282 22 191 215 29 206 237 36 215 254 137 227 381 93 286 390 150 293 458 105 427 548 80 438 528 3 455 459 21 487 509 16 494 512 38 496 538 94 503 612 79 579 669 125 597 734 33 604 641 93 628 733 51 663 721 28 671 703 89 684 786 48 709 764 44 726 774 13 735 749 
23 135 38 194 116 131 258 88 136 233 100 175 286 69 196 273 130 221 364 120 248 379 102 337 452 135 373 518 66 373 448 124 387 527 30 424 458 79 442 527 62 448 520 147 492 653 132 506 651 53 557 614 28 628 659 76 660 745 8 691 700 12 762 775 20 802 824 13 805 819 
30 95 52 155 77 56 141 141 142 285 70 162 237 33 168 203 108 189 307 9 198 208 111 204 332 131 233 379 27 287 317 79 312 398 145 335 492 71 347 430 57 359 425 81 376 466 122 401 529 143 405 559 104 433 549 142 434 594 13 448 462 56 491 552 69 560 635 60 635 698 75 644 720 11 652 664 8 723 732 35 753 791 36 785 825 25 797 825 4 814 819 
24 83 121 209 135 124 278 141 151 309 73 154 234 3 171 175 141 185 342 79 209 296 46 254 303 54 292 353 90 298 398 36 306 343 122 312 445 136 317 470 35 320 357 4 339 344 6 413 420 88 505 600 87 514 611 49 547 603 100 614 727 126 646 793 90 647 745 93 648 749 37 674 714 
29 145 1 156 151 22 180 91 27 127 76 30 114 33 38 74 15 39 55 115 82 206 48 82 136 6 86 93 44 112 160 10 158 169 49 164 218 127 211 348 108 212 333 25 244 271 97 289 402 91 338 443 132 344 493 143 348 510 147 395 555 63 401 469 30 464 497 42 477 524 16 539 556 10 607 618 43 712 760 14 722 737 42 761 809 23 795 820 
24 142 76 240 21 88 111 124 109 244 102 288 402 78 373 459 88 376 475 121 432 566 98 447 554 51 488 545 32 514 550 73 526 606 137 528 679 31 571 605 25 582 610 114 590 717 36 596 636 56 598 662 68 611 689 46 618 669 68 665 740 55 680 744 69 717 799 22 746 769 8 781 790 
31 23 29 55 12 205 219 114 255 385 43 260 306 139 263 419 55 270 330 49 286 341 6 371 378 36 378 417 145 388 550 66 408 481 37 412 453 67 414 489 118 445 569 103 480 600 13 504 518 13 528 542 40 528 572 95 572 676 49 584 638 58 591 653 75 617 701 113 639 765 91 692 789 6 702 709 92 712 819 71 713 790 42 739 786 42 750 796 55 764 823 7 813 821 
27 107 6 126 74 13 92 27 41 71 80 83 170 27 170 200 29 210 242 71 290 367 102 363 474 116 384 511 9 385 395 132 410 557 127 425 566 124 445 573 101 455 567 77 464 552 86 505 603 40 512 556 64 565 635 135 606 761 111 615 736 83 628 718 38 636 677 112 676 798 64 733 805 40 772 815 19 789 809 7 813 821 
28 8 4 13 106 15 132 97 30 141 116 57 182 33 65 102 117 70 199 91 79 181 101 132 240 80 190 279 65 208 280 120 236 370 103 242 354 5 363 369 16 433 451 66 442 513 31 470 505 113 525 650 145 538 698 127 544 681 20 622 645 152 629 794 137 645 790 67 666 740 118 686 808 15 725 741 23 731 756 38 735 777 24 762 788 
