10 114
9 92 34 161 68 37 137 118 47 207 22 285 317 76 543 632 86 571 681 73 722 816 13 730 747 49 748 808 
15 44 64 124 65 273 358 62 314 400 67 351 444 69 417 510 28 538 575 99 572 713 32 637 679 24 711 745 29 756 795 28 761 801 2 803 806 6 815 822 4 819 824 2 822 825 
11 66 168 255 113 193 331 97 362 504 39 440 492 140 596 758 85 610 727 24 628 657 14 705 723 62 722 805 57 737 815 20 741 767 
12 5 27 33 78 139 237 16 283 304 105 321 457 95 344 475 17 402 425 93 440 567 34 468 517 87 680 798 64 692 764 19 776 801 15 800 820 
18 58 46 121 23 108 138 37 144 191 70 176 272 8 188 198 75 210 310 61 210 282 33 297 337 108 333 448 11 564 577 60 586 670 37 737 787 21 738 766 26 746 783 57 754 823 44 759 814 3 763 767 8 804 814 
12 70 2 88 60 25 119 61 158 234 84 206 318 134 266 427 56 340 414 64 442 523 26 675 708 19 694 717 53 747 823 4 769 774 3 808 812 
8 110 11 153 94 14 151 71 94 201 98 248 368 33 426 475 50 486 547 26 510 547 108 612 754 
8 53 5 76 61 30 109 36 81 133 90 271 402 34 375 413 90 427 544 99 507 662 48 749 815 
13 75 149 267 106 280 420 9 302 315 8 313 323 49 364 427 14 394 412 41 531 578 86 540 650 103 566 695 96 632 772 18 770 790 31 776 813 5 807 814 
8 96 57 189 89 61 179 125 97 256 65 144 238 70 502 593 72 542 627 69 728 819 39 766 818 
