10 112
10 65 301 398 24 403 457 78 413 563 88 495 675 21 540 571 24 617 651 61 618 705 14 622 645 78 642 773 39 835 894 
12 77 9 119 60 206 288 73 272 388 58 311 400 66 416 515 29 464 512 97 567 741 14 675 698 108 701 873 23 719 756 9 750 765 13 893 911 
12 53 57 173 47 152 242 50 200 284 105 222 381 25 234 273 35 237 301 123 289 470 53 459 532 16 492 515 41 507 585 18 537 561 2 910 913 
11 42 23 109 64 50 176 106 120 278 82 125 252 40 128 194 49 258 360 6 297 306 22 332 378 20 371 402 25 629 688 47 786 864 
10 32 9 63 26 192 232 125 213 397 21 238 279 50 273 352 96 278 421 86 312 464 91 573 741 101 693 836 3 911 915 
14 5 10 20 88 28 141 16 58 84 37 111 191 58 118 211 79 141 258 21 184 226 27 275 319 43 311 404 54 525 617 9 554 570 22 585 642 33 745 812 5 866 873 
16 88 44 178 109 152 320 12 182 199 51 213 305 82 338 454 11 507 527 5 608 618 37 652 710 118 661 840 47 674 744 115 683 855 54 792 876 7 842 853 15 897 918 4 899 905 3 915 919 
8 41 189 254 94 378 547 50 430 519 92 482 647 9 483 494 76 501 614 92 514 677 117 590 764 
9 139 158 330 58 173 299 84 397 546 55 623 713 70 631 732 36 652 708 24 726 767 45 751 847 49 821 903 
10 3 33 37 85 159 300 20 222 254 5 487 495 46 497 635 105 561 712 137 711 882 104 761 923 79 789 922 46 850 921 
