10 448
41 66 12 84 147 20 187 114 30 159 138 43 198 145 75 227 28 92 123 21 134 157 94 149 254 5 196 202 34 216 251 92 285 387 9 287 297 142 345 504 131 357 504 156 358 531 123 361 493 113 418 546 129 461 604 154 461 632 105 464 574 153 471 641 29 509 540 48 531 583 146 542 704 51 570 625 91 574 677 162 585 761 6 617 624 66 623 695 87 649 748 22 677 701 69 690 764 105 716 833 158 741 920 41 752 796 50 792 845 29 812 843 65 837 911 8 902 911 10 903 914 6 913 920 
44 114 13 137 143 38 195 11 48 60 132 75 233 60 82 145 26 84 113 69 98 178 85 105 200 145 114 275 114 151 280 151 152 323 126 250 392 154 259 420 49 262 318 87 282 377 65 303 372 130 316 459 156 325 498 45 394 442 166 398 577 39 453 495 49 513 569 111 533 652 116 541 665 147 547 709 16 548 566 83 607 692 99 619 725 16 624 641 159 626 801 64 633 707 65 652 721 95 695 797 114 741 874 107 755 872 103 786 899 12 802 815 43 837 885 70 842 918 11 844 856 24 858 883 9 867 877 2 911 914 5 916 922 
49 38 23 65 121 44 176 25 82 109 92 110 215 46 118 168 16 127 144 35 153 192 162 212 381 161 221 393 147 241 405 22 247 273 13 247 262 71 258 339 40 267 311 121 306 439 28 319 350 66 341 413 144 351 510 91 367 470 132 372 514 58 387 454 158 414 594 57 416 476 171 440 624 64 444 515 64 494 565 13 506 520 103 507 625 66 510 585 97 522 632 122 523 655 59 568 636 28 596 625 36 615 655 139 664 820 21 668 691 55 670 730 158 677 853 52 723 782 85 762 853 58 780 843 20 823 844 26 828 857 73 830 910 56 838 896 39 843 885 37 847 888 41 873 919 12 882 896 
50 142 8 165 72 8 89 74 17 96 132 21 173 54 41 97 41 77 121 36 98 135 85 107 197 135 132 278 138 143 291 102 143 255 32 156 191 18 159 179 140 185 345 70 217 295 153 272 440 120 286 415 14 296 311 72 336 415 119 370 505 165 404 584 108 449 566 64 495 571 134 519 670 17 534 552 147 540 704 167 554 731 149 564 723 111 582 709 58 592 656 9 612 622 120 618 749 10 639 650 5 640 646 83 652 740 144 683 851 8 706 715 45 718 764 53 745 803 13 749 763 31 763 796 112 765 887 28 801 831 68 806 882 30 843 875 34 845 883 13 874 888 7 897 905 6 900 907 2 903 906 
41 142 2 159 123 9 143 161 31 211 30 54 87 127 60 210 82 64 155 70 78 155 83 96 190 34 108 146 18 178 198 99 186 299 40 193 236 26 202 231 115 205 332 52 216 272 81 222 313 47 253 304 37 263 304 117 284 416 69 316 395 86 318 416 162 323 501 136 325 473 81 383 468 163 412 590 24 453 478 65 497 567 46 579 628 137 600 750 43 604 651 159 610 788 2 623 626 87 690 783 141 701 861 148 717 876 104 727 844 33 750 785 80 752 846 17 838 857 58 845 909 2 918 921 
46 155 43 219 128 61 198 90 77 173 87 90 185 124 157 296 166 166 348 73 188 269 23 201 225 107 215 332 60 269 336 93 270 373 65 298 368 108 307 420 27 321 350 74 351 435 158 395 562 13 405 419 38 420 463 49 424 478 30 447 480 160 494 672 21 499 523 160 518 695 158 523 705 148 549 712 72 556 634 27 574 603 143 578 736 160 600 782 103 627 739 2 640 643 18 644 664 156 654 826 51 681 736 77 687 771 97 688 794 14 692 707 65 766 839 91 775 873 27 810 840 32 834 867 56 839 899 5 893 899 9 894 904 20 896 918 3 916 920 
48 32 26 62 100 70 184 149 131 296 155 142 308 133 144 284 112 154 281 8 158 167 4 162 167 155 175 350 141 181 338 11 187 199 16 291 308 163 298 475 33 299 338 32 304 338 164 313 486 49 314 369 7 332 340 47 336 389 41 361 408 107 369 490 71 371 448 42 380 424 92 413 520 57 428 491 158 461 637 150 512 671 43 516 563 138 529 680 50 588 644 130 620 767 50 621 673 64 629 701 83 646 738 104 675 791 9 696 706 25 697 726 72 723 804 112 731 851 118 767 898 67 802 877 36 803 842 54 812 874 71 838 917 20 855 876 20 877 898 13 880 894 6 910 917 
40 85 6 104 22 11 35 140 38 195 154 42 215 149 81 247 87 85 179 147 92 253 96 106 219 17 153 172 98 155 260 89 174 274 88 208 301 100 213 324 42 230 279 20 232 254 2 233 236 54 262 322 61 273 339 100 276 389 135 284 429 105 398 512 33 446 483 69 496 570 32 506 542 134 577 729 22 578 602 124 609 748 138 658 806 18 682 702 155 689 868 13 699 713 72 724 803 77 725 812 33 731 767 131 732 884 65 746 818 108 760 876 110 773 897 57 808 872 8 869 878 
40 42 4 51 79 62 151 143 67 224 123 83 225 93 119 218 76 119 209 23 129 154 106 150 267 105 168 281 125 202 342 115 261 391 145 279 449 55 287 347 57 334 396 61 360 429 99 360 466 150 366 530 45 382 431 143 440 598 151 450 618 106 473 589 151 548 710 83 551 643 12 553 566 119 560 694 18 592 611 8 604 613 94 611 713 92 665 762 125 703 849 67 718 793 74 763 845 23 769 793 11 777 789 89 796 897 65 811 885 50 816 872 36 823 863 46 853 904 7 883 891 
49 159 6 175 32 48 84 22 58 81 71 58 138 142 66 228 51 81 136 6 89 96 162 120 299 117 121 245 152 144 310 31 148 181 91 172 276 121 179 315 14 184 199 6 213 220 65 261 335 74 310 389 59 397 461 164 415 595 81 415 504 120 469 599 54 471 531 83 484 574 12 503 516 69 505 582 27 565 594 124 600 736 79 620 709 80 630 714 15 640 656 31 661 695 128 663 812 111 667 788 128 714 863 35 720 757 89 758 856 2 760 763 38 762 805 31 782 816 4 788 793 113 794 920 49 816 870 78 832 923 71 833 913 31 840 874 59 846 910 38 876 917 35 884 921 7 911 919 
