10 49
4 83 127 267 18 477 501 26 665 702 11 707 721 
4 77 170 267 77 233 336 39 409 461 60 519 602 
6 88 5 123 55 253 337 2 307 310 9 576 590 65 648 721 9 693 704 
4 92 40 180 24 433 464 37 471 520 27 649 685 
5 68 54 142 45 55 122 30 328 367 109 377 503 31 524 564 
5 25 229 266 93 244 374 44 386 449 55 587 656 3 722 726 
6 49 239 303 18 259 285 119 461 606 90 554 667 12 642 656 9 690 700 
4 65 94 177 72 156 265 47 211 272 34 256 309 
5 7 122 131 51 273 339 52 343 408 86 361 482 17 440 463 
6 51 2 64 56 110 181 72 185 277 81 345 449 22 386 412 3 720 724 
