10 183
15 90 149 263 109 217 375 66 228 337 118 229 386 110 290 445 135 318 491 87 406 505 50 480 547 19 502 525 30 509 548 7 514 522 76 528 632 61 557 646 19 831 855 2 916 919 
23 35 25 67 95 73 197 70 92 184 6 151 158 89 219 337 63 223 322 108 262 388 22 272 299 75 333 428 57 347 422 21 414 441 57 449 520 136 568 741 5 633 639 133 659 806 16 709 730 41 741 789 32 779 821 79 810 908 4 826 831 40 830 884 71 835 920 36 861 913 
17 94 5 125 30 34 69 4 147 152 92 200 325 96 315 447 60 415 506 148 482 665 84 489 600 2 517 520 30 520 560 119 529 690 101 555 697 79 632 745 23 817 849 28 835 870 10 859 872 5 916 923 
18 33 33 77 121 88 243 47 91 156 65 108 185 4 115 120 118 116 276 73 131 226 50 263 325 98 307 430 99 386 518 79 397 493 105 507 636 98 549 683 47 652 706 39 662 706 29 693 734 100 731 855 81 774 872 
20 78 16 115 6 74 81 114 102 276 38 117 167 19 177 202 66 261 360 15 297 318 59 316 395 80 596 691 28 612 646 6 617 624 26 622 659 85 654 760 123 665 814 158 676 845 9 680 693 109 773 920 64 785 874 82 815 922 15 886 903 
21 33 44 86 83 109 217 6 112 120 11 127 141 19 147 169 6 155 162 56 159 238 120 202 378 144 312 493 126 331 509 46 366 422 27 367 403 25 444 475 126 460 615 31 461 509 137 542 709 42 657 710 22 824 853 61 842 917 39 844 897 2 920 923 
15 104 3 130 52 107 181 103 202 367 42 266 321 64 317 405 4 347 352 82 400 513 79 467 577 66 500 599 100 597 746 36 625 672 51 687 754 73 756 859 19 858 883 10 866 879 
22 12 82 98 49 116 184 14 255 273 30 282 317 35 327 385 31 335 371 47 397 462 44 450 506 89 489 610 80 509 609 17 541 564 37 547 595 108 565 721 78 596 710 73 605 705 78 616 730 31 696 739 41 715 767 31 754 792 36 831 877 14 850 867 16 886 905 
17 65 1 95 98 151 278 38 168 216 5 232 238 108 286 417 16 346 367 115 414 577 112 494 623 65 498 572 92 609 741 10 646 658 125 670 851 36 683 727 93 744 892 70 760 864 5 885 891 18 895 914 
15 10 35 47 32 267 306 117 286 445 99 292 433 43 406 470 97 420 541 21 435 466 50 458 527 78 464 562 99 628 767 90 668 785 136 728 891 111 748 921 37 849 894 23 889 919 
