10 181
12 57 11 91 97 36 168 59 75 153 28 85 118 127 115 282 118 261 418 122 395 572 75 409 516 81 488 593 147 567 750 137 575 763 72 851 942 
14 145 83 273 97 105 237 10 195 208 99 206 341 144 257 426 52 298 371 110 478 638 80 497 616 88 580 706 56 604 672 118 764 915 114 766 920 32 864 910 14 923 943 
17 141 1 187 104 53 200 47 56 118 71 138 227 19 199 227 141 327 509 98 468 585 89 488 604 57 558 636 34 622 669 110 634 770 59 709 790 117 736 904 90 748 862 60 837 908 23 839 870 7 943 952 
22 86 7 111 108 28 173 5 74 81 47 139 202 9 146 157 40 158 222 25 191 224 10 238 251 38 279 341 107 329 471 74 336 421 56 451 523 56 531 608 93 550 687 83 556 669 118 562 714 27 581 616 28 640 678 34 820 866 98 843 954 21 919 947 30 921 956 
22 33 76 121 61 110 192 101 159 300 42 206 262 10 209 224 33 281 325 34 312 354 118 401 559 12 462 478 95 485 607 21 506 533 95 578 718 71 628 713 43 675 726 76 700 798 33 703 744 114 745 909 44 764 826 85 794 908 72 822 914 13 838 856 18 925 953 
20 29 44 82 81 51 164 41 61 116 111 130 253 18 183 208 38 194 237 63 250 336 63 285 367 124 303 478 57 358 441 159 446 623 35 578 627 34 582 626 128 682 859 105 700 839 84 700 818 31 849 893 15 915 934 3 922 926 10 932 945 
16 130 60 218 29 107 147 73 139 247 126 202 392 9 315 327 36 316 358 44 323 386 71 333 439 64 347 425 15 368 389 151 527 711 125 607 775 73 635 738 84 723 833 77 785 882 68 861 949 
24 41 13 63 22 43 73 100 64 212 100 72 201 88 116 223 5 146 152 11 157 172 26 159 190 29 283 318 84 296 423 33 312 359 67 321 412 50 345 421 9 428 440 89 594 730 83 594 686 25 631 670 87 634 728 57 636 719 138 644 833 53 769 843 15 903 924 2 950 953 2 953 956 
16 130 15 184 20 22 47 135 53 236 82 102 203 46 110 173 118 188 346 102 256 387 51 258 329 14 355 373 125 437 611 62 495 572 127 634 824 21 653 677 137 710 885 41 837 893 10 935 946 
18 21 72 103 100 76 206 49 82 151 51 144 206 81 170 293 165 196 386 105 243 368 32 257 299 107 276 427 97 291 446 129 359 545 20 376 404 43 400 464 86 419 533 51 431 484 82 441 541 22 839 867 2 953 956 
