10 73
7 37 261 330 52 266 347 80 289 438 4 340 347 27 376 434 37 640 716 17 794 824 
8 39 236 298 29 272 331 66 376 502 82 398 516 43 450 550 25 464 503 52 480 557 9 803 820 
10 4 198 203 23 230 263 25 259 301 95 278 440 11 346 362 47 636 741 56 654 734 89 672 814 39 793 842 8 814 827 
6 52 257 349 58 273 369 29 385 442 49 429 516 73 569 698 2 832 835 
7 40 95 157 28 133 165 89 337 473 116 453 623 68 602 716 43 638 742 17 772 803 
5 76 161 323 41 438 517 71 456 626 13 460 489 87 586 723 
7 18 74 107 58 96 193 111 103 262 8 461 475 14 494 515 74 557 702 42 572 654 
7 41 220 280 86 385 545 67 514 670 73 555 698 38 785 840 8 820 832 3 843 849 
8 39 247 310 91 253 354 54 350 455 40 371 446 108 415 576 10 461 476 94 648 776 12 820 837 
8 12 66 89 33 168 227 25 194 230 94 211 362 62 351 459 21 404 436 35 506 571 24 618 668 
