10 115
9 126 2 162 77 10 99 127 266 432 6 312 319 110 350 511 32 507 550 106 651 784 68 751 847 22 771 799 
12 6 11 18 36 24 77 121 44 201 52 53 130 90 172 280 18 343 375 43 347 406 62 367 452 16 376 398 38 488 539 100 607 730 34 753 800 
14 10 102 117 86 124 225 126 165 335 55 223 294 34 268 322 61 442 519 29 444 481 117 458 607 16 545 566 59 576 653 35 631 680 2 633 636 41 792 851 10 797 810 
12 45 46 105 36 84 131 101 88 228 45 133 183 43 141 202 56 316 384 55 404 481 84 576 698 99 717 841 20 729 753 13 773 789 19 820 848 
14 80 8 128 118 53 193 34 55 98 6 66 73 95 105 232 57 143 224 5 168 175 58 179 254 65 269 359 29 433 477 17 462 484 53 471 542 67 654 735 19 819 844 
16 118 19 158 81 83 180 61 210 304 4 247 252 116 297 433 46 434 497 37 436 481 43 513 568 7 545 553 45 583 636 128 635 803 8 648 659 56 656 724 11 747 762 32 765 807 18 821 844 
12 66 103 199 105 171 310 94 213 335 92 229 336 87 261 378 51 326 386 79 332 441 37 367 412 68 637 729 10 721 733 42 724 778 6 745 753 
12 78 40 139 16 232 252 43 287 353 33 356 401 19 385 408 46 386 455 80 399 498 65 445 538 114 501 653 63 602 701 10 652 663 41 780 831 
6 95 247 379 34 267 313 116 300 463 41 364 421 116 425 590 96 443 586 
8 113 59 216 123 118 273 104 198 345 66 375 461 116 539 696 20 572 601 48 601 672 58 673 752 
