10 437
43 85 12 104 103 14 130 112 37 165 112 121 241 41 139 184 51 142 197 96 148 250 104 176 293 126 192 324 6 219 226 33 220 255 144 234 400 126 269 419 121 271 407 28 281 313 110 304 427 74 318 402 129 319 464 152 332 500 60 398 461 88 427 522 66 444 517 154 490 662 119 493 617 35 510 547 33 574 610 57 617 678 151 688 865 12 699 712 38 712 753 27 713 741 123 738 883 134 739 887 109 744 861 159 756 928 89 777 874 104 780 892 66 842 916 90 849 951 9 873 883 40 874 918 23 892 917 8 904 913 
42 93 21 127 24 22 49 130 23 169 86 54 154 154 81 253 161 86 260 33 88 124 165 110 289 19 118 139 88 129 222 130 175 319 60 194 263 10 203 214 129 229 371 137 288 440 49 307 360 155 359 531 45 391 441 122 391 522 103 418 529 60 422 490 119 422 551 18 453 473 139 476 628 170 525 713 129 533 672 146 546 708 130 565 705 134 575 726 141 625 778 55 674 737 21 709 734 81 718 805 114 721 840 155 722 896 14 779 794 128 808 953 22 839 863 47 883 935 27 890 920 2 937 940 15 940 956 
50 105 8 128 21 10 34 134 36 178 80 98 192 123 156 294 168 169 356 131 171 317 61 177 245 172 185 364 57 217 278 139 224 381 73 227 310 31 248 282 118 255 382 72 256 336 37 280 321 71 299 376 47 338 390 31 388 423 4 406 411 58 414 479 97 441 543 129 457 599 35 491 529 54 505 562 8 509 518 146 515 677 156 551 732 135 577 725 59 596 658 95 617 725 8 620 629 154 723 885 49 738 793 29 747 779 113 750 872 62 761 830 134 783 931 86 815 910 31 821 854 80 827 914 99 836 945 98 842 948 100 845 956 38 866 910 5 868 874 31 869 903 39 906 948 6 938 945 10 940 951 
49 51 19 75 143 20 183 26 33 63 86 45 138 13 45 59 74 71 152 44 105 153 103 107 225 10 111 122 134 127 275 49 160 216 134 168 317 59 204 270 35 258 297 7 264 272 164 292 469 33 301 336 169 340 518 6 351 358 171 397 584 37 398 437 146 417 576 89 446 548 54 461 523 27 464 494 62 484 551 153 484 650 106 501 615 20 529 551 152 531 691 153 531 703 22 542 566 150 590 754 100 625 739 52 649 710 27 654 683 101 657 767 104 688 800 159 708 888 164 727 910 52 731 787 62 755 823 82 792 885 41 813 858 18 853 872 16 855 873 71 861 940 10 910 921 7 917 925 
46 125 2 140 32 20 55 117 54 181 20 76 98 127 78 219 27 80 108 76 109 195 77 114 198 81 131 221 53 132 190 172 156 344 31 170 205 90 189 286 23 203 228 146 229 383 30 245 277 129 248 389 63 253 325 49 262 315 81 278 366 155 291 459 21 320 343 75 347 434 117 402 540 109 429 547 153 451 623 76 528 614 29 584 616 156 636 816 155 650 820 33 654 690 112 657 775 143 704 857 57 721 784 144 724 882 60 748 815 92 754 855 114 786 914 115 809 935 117 811 945 68 855 932 24 903 931 32 903 937 25 904 931 20 934 955 6 948 955 
40 133 37 188 128 48 193 138 67 218 134 70 214 68 77 148 30 107 140 80 113 201 158 116 288 63 127 196 81 154 242 140 164 324 159 167 353 164 175 347 152 232 399 3 259 263 131 284 430 58 308 373 164 383 563 10 423 434 28 446 478 101 466 575 82 480 573 5 496 502 95 535 640 75 550 633 37 576 617 150 593 759 106 670 785 73 678 761 158 712 889 156 715 885 130 728 869 59 769 833 101 801 914 104 805 923 50 859 918 37 870 910 21 892 915 29 910 940 13 923 937 
42 139 0 153 143 24 185 73 45 125 76 85 168 124 93 233 127 112 258 32 126 160 107 160 277 147 169 332 76 191 278 128 227 372 21 244 267 140 246 401 55 261 318 163 276 464 3 277 281 3 283 287 7 294 302 165 335 515 63 391 459 68 483 562 114 492 618 165 494 680 37 510 549 114 539 669 17 595 613 40 605 647 150 641 806 169 656 844 26 696 724 156 716 901 6 726 733 141 728 876 40 750 794 104 818 932 34 861 898 69 868 942 38 876 917 53 888 948 21 890 914 20 897 918 20 935 956 
39 33 10 46 131 21 167 158 41 210 112 62 182 45 98 147 123 98 236 129 106 255 9 125 135 155 165 338 29 174 204 33 217 252 163 242 426 111 279 403 101 282 397 166 311 500 165 318 505 121 413 552 53 421 480 109 465 583 165 489 674 140 519 677 69 544 624 82 595 687 97 598 704 69 619 693 140 660 813 87 677 775 128 705 845 91 733 837 36 742 782 105 820 949 94 836 935 25 903 930 31 904 938 5 919 925 13 931 945 6 938 945 9 944 954 4 951 956 
42 43 1 49 76 8 91 110 68 195 171 89 278 89 120 214 49 121 174 156 214 389 76 219 303 156 229 404 106 238 348 115 244 372 86 245 338 161 256 439 6 278 285 92 310 416 64 311 380 10 314 325 37 354 397 85 363 462 138 376 533 99 432 543 164 439 616 2 456 459 60 463 530 91 513 614 43 524 570 158 534 708 98 551 662 108 554 673 47 610 662 161 640 824 26 697 726 91 702 799 72 703 783 124 742 876 64 746 817 52 758 816 26 782 812 37 795 837 116 796 925 47 868 917 12 908 921 
44 128 23 163 91 26 130 165 48 225 7 53 61 74 71 153 32 81 115 110 86 205 132 145 288 152 168 339 160 182 363 103 204 320 110 239 361 111 243 362 36 261 300 117 283 413 33 310 346 164 317 495 74 322 402 46 353 406 142 446 606 136 454 600 47 460 510 174 472 663 30 487 521 134 505 653 36 555 595 54 558 616 28 584 616 74 597 682 82 608 702 21 615 638 81 675 764 150 689 857 125 713 852 127 733 873 148 739 903 86 793 889 29 825 858 41 829 873 110 830 950 21 858 881 17 873 892 31 890 923 44 894 941 
