10 45
5 80 51 174 71 127 221 50 307 377 34 381 421 33 614 654 
3 54 23 98 110 29 179 78 527 635 
2 75 392 505 63 482 586 
5 99 104 228 36 352 398 123 485 624 32 523 564 60 621 706 
4 71 72 181 23 451 477 66 586 690 32 696 738 
6 35 306 357 33 365 414 13 444 459 67 467 555 59 587 659 16 630 654 
4 96 116 241 71 132 222 56 544 617 57 661 736 
7 106 161 279 25 230 266 60 339 419 10 393 404 33 398 440 61 563 640 38 689 742 
4 101 206 342 99 379 500 39 685 739 3 718 722 
5 66 75 171 28 421 458 63 524 605 68 552 639 7 734 743 
