10 129
14 2 28 31 67 28 104 86 40 135 98 80 187 114 242 362 57 276 339 5 333 339 109 352 470 90 356 449 62 508 575 64 648 723 25 701 730 9 713 723 5 745 751 
15 16 47 65 10 51 62 36 89 128 24 99 126 49 137 191 40 314 357 59 371 439 104 409 517 24 421 447 105 423 544 76 453 537 20 521 542 89 602 702 55 665 725 12 730 743 
13 64 131 201 7 193 201 95 218 319 18 245 264 124 252 392 69 265 343 41 293 339 24 387 414 102 399 511 91 410 509 90 493 591 9 735 745 2 746 749 
10 18 143 162 83 158 248 84 216 313 47 354 407 100 398 511 122 476 613 93 537 641 106 539 656 10 691 702 3 746 750 
10 74 33 115 99 36 146 3 70 74 26 74 101 128 136 281 63 297 368 101 479 595 40 568 612 116 607 744 16 714 731 
15 129 48 192 76 57 138 42 88 135 103 92 202 46 131 181 38 138 178 75 171 252 104 266 383 27 306 336 87 316 411 89 326 421 27 328 359 46 507 556 11 629 641 3 686 690 
16 29 0 31 23 86 111 3 112 116 63 235 303 115 237 366 42 332 380 19 365 385 7 407 415 12 410 423 69 416 495 111 521 649 30 573 605 55 599 663 41 635 682 46 697 751 15 730 746 
16 9 16 26 24 54 79 34 69 105 35 70 108 44 107 154 68 152 225 44 177 223 50 183 237 130 184 327 6 247 254 68 325 402 69 374 449 118 463 594 70 526 602 22 656 679 47 669 721 
11 133 23 166 112 198 320 69 208 283 57 315 377 101 417 528 115 471 596 2 494 497 112 571 694 105 577 689 86 597 689 10 726 737 
9 116 51 179 131 71 221 37 229 271 52 347 404 83 349 437 103 372 487 60 510 575 30 544 577 102 611 722 
