10 272
28 55 27 91 60 52 121 124 72 208 100 91 204 162 166 335 98 180 281 65 231 300 62 244 311 7 268 276 40 271 313 155 321 486 56 328 391 132 372 523 2 439 442 36 455 493 31 506 539 59 530 594 88 533 630 99 569 680 78 591 677 67 610 683 144 627 783 34 668 705 66 681 754 96 710 819 107 714 829 63 733 803 39 743 786 
28 104 22 137 37 23 64 13 26 40 32 104 140 92 105 204 60 125 188 65 211 282 28 253 284 130 282 425 140 323 485 115 328 459 138 383 543 59 396 461 20 398 420 30 429 461 19 434 454 140 435 588 70 476 550 15 498 514 50 518 573 71 544 622 100 561 669 77 627 710 123 671 807 83 694 785 59 785 849 8 818 827 2 850 853 
27 156 1 171 58 9 73 150 58 219 66 94 167 20 116 138 89 218 318 114 272 398 44 309 359 116 313 441 19 367 387 85 371 466 111 401 523 51 432 489 30 442 474 136 445 594 143 479 634 52 481 539 67 511 590 71 530 608 84 565 656 15 607 623 76 624 709 64 672 743 22 679 702 63 740 808 2 801 804 6 803 810 
26 131 51 194 141 188 346 93 199 304 93 210 312 88 215 307 35 225 265 14 237 252 42 267 314 131 275 421 130 279 418 101 356 464 54 363 422 68 392 466 27 477 506 47 485 537 26 509 537 148 538 702 50 579 634 115 633 762 100 700 815 87 703 801 56 709 769 40 725 771 16 766 783 20 789 811 15 833 850 
33 101 32 143 19 59 80 17 65 83 82 108 203 118 111 238 101 123 237 16 129 147 50 148 202 32 158 193 108 219 334 69 285 363 30 291 323 90 294 391 77 294 380 48 318 371 49 339 393 65 348 419 88 357 454 47 378 430 95 382 486 107 420 535 69 441 519 98 453 561 101 509 619 14 511 526 39 551 592 152 688 853 74 712 792 49 754 807 19 755 775 11 762 774 21 787 810 10 806 817 
26 91 13 115 71 30 109 74 87 169 93 101 207 80 105 195 15 165 181 154 180 348 145 220 377 45 288 338 125 294 430 133 298 444 115 405 534 10 474 485 32 504 538 115 528 651 131 531 681 51 588 646 37 592 633 73 612 694 78 643 731 67 695 769 58 711 775 11 736 748 20 758 781 2 841 844 6 843 850 
28 113 8 132 73 13 94 75 93 175 127 144 284 18 173 192 41 218 264 63 267 335 115 273 400 129 278 415 144 294 461 86 306 403 87 347 444 97 352 460 123 358 489 46 390 438 74 400 483 89 463 559 54 471 529 58 510 570 30 512 546 57 557 617 29 624 655 48 658 710 148 678 836 13 690 704 39 693 737 74 735 819 38 797 838 
24 17 16 34 18 25 45 53 46 105 132 78 229 11 83 96 26 137 167 68 249 326 132 285 424 136 297 450 113 310 433 44 344 391 65 384 456 115 411 544 109 419 534 148 442 604 89 497 600 142 510 661 54 520 580 124 532 673 83 593 690 105 621 733 16 628 645 63 778 847 26 812 840 
26 132 51 200 120 57 190 152 59 228 159 135 303 118 139 268 147 149 314 89 159 255 120 176 308 82 219 308 45 318 367 15 345 361 146 355 513 138 372 527 121 375 513 97 478 580 13 529 543 48 557 608 27 587 615 23 624 648 88 647 749 86 648 741 46 675 724 64 780 846 18 789 809 2 816 819 8 839 848 
26 133 156 304 74 167 254 2 174 177 71 276 356 59 288 353 112 314 438 68 320 392 129 355 504 91 356 455 60 366 428 98 373 489 82 377 467 52 427 486 46 438 487 138 445 598 128 457 592 106 475 592 59 489 551 64 507 581 43 518 566 16 550 568 100 588 696 96 622 726 23 733 757 49 777 827 58 778 840 
