10 115
11 3 6 10 83 29 176 75 115 239 102 399 582 53 480 573 92 491 616 110 531 679 80 789 923 4 907 912 9 924 939 2 927 930 
9 97 377 534 93 462 634 117 546 698 103 572 697 84 584 771 93 609 721 23 716 754 13 775 795 26 778 829 
12 51 27 98 64 143 267 22 148 197 4 405 412 37 567 626 60 650 758 93 679 852 48 680 760 68 792 913 25 897 939 18 900 926 22 903 932 
10 66 2 110 15 40 67 86 93 232 33 198 245 98 266 428 53 457 545 101 492 649 100 637 816 51 817 894 7 859 868 
12 69 80 214 2 119 122 15 143 177 32 147 194 65 270 409 24 386 420 30 395 447 6 408 415 79 478 617 76 575 703 38 592 661 42 641 739 
18 39 7 64 14 9 32 13 62 77 5 244 253 32 250 302 68 258 381 48 297 360 25 348 384 29 385 429 63 390 480 40 508 569 46 597 665 95 775 908 50 777 866 74 824 930 24 856 891 33 876 925 25 905 948 
11 99 223 369 81 324 460 61 340 439 74 384 496 134 442 630 55 662 747 14 666 686 90 776 950 10 921 936 12 930 945 3 934 938 
8 98 58 189 80 95 246 88 172 315 71 396 571 75 515 620 69 825 942 36 840 903 2 935 938 
10 28 190 260 70 228 337 117 313 483 117 324 505 37 559 625 89 633 768 112 755 893 31 798 847 64 822 939 5 945 953 
14 28 61 118 2 88 91 45 115 217 80 143 283 23 179 224 43 193 262 33 503 558 103 566 694 85 588 712 65 618 709 30 725 771 69 731 834 34 858 915 9 868 883 
