10 101
10 70 20 117 18 80 106 51 218 291 16 231 251 67 317 409 50 337 409 57 346 423 63 402 491 91 522 637 71 655 737 
9 115 223 374 24 258 293 91 275 387 54 320 390 54 504 574 79 566 692 38 636 691 18 643 665 64 680 765 
10 91 154 261 14 200 219 98 215 350 107 283 434 110 326 475 62 389 468 95 436 552 102 474 600 13 517 533 37 637 683 
11 83 14 119 58 24 94 52 166 232 99 203 342 91 225 353 23 372 401 41 390 445 60 429 511 62 539 616 25 630 666 24 685 716 
11 98 12 149 46 13 77 63 54 141 7 129 138 98 240 356 94 262 398 70 348 444 5 646 653 30 687 723 37 717 766 8 752 762 
11 35 10 54 76 10 119 30 28 71 78 114 222 80 283 391 112 315 458 17 320 340 109 582 730 22 627 661 27 740 777 5 768 775 
10 95 55 191 2 228 231 102 253 376 66 277 372 73 389 488 57 405 490 79 436 538 72 541 630 7 591 599 98 622 735 
8 12 41 54 116 114 251 99 139 271 79 286 408 86 429 572 86 439 567 27 498 533 3 744 748 
10 29 7 43 98 196 317 83 213 317 95 362 499 115 431 572 69 442 534 53 510 589 110 571 696 33 624 672 19 628 655 
11 70 53 151 40 69 123 44 294 357 19 301 324 27 378 411 27 403 435 124 403 551 94 464 581 124 611 756 86 651 761 60 668 747 
