10 107
14 29 97 144 19 188 222 17 232 263 107 286 453 8 381 398 81 427 537 39 446 518 34 509 564 110 571 715 45 600 650 43 660 723 86 664 827 61 716 809 15 843 870 
9 64 103 211 25 116 150 86 232 365 102 239 396 66 264 387 55 354 445 54 361 438 47 462 553 93 519 637 
9 65 34 146 96 267 404 65 270 400 105 414 582 71 530 650 112 552 703 66 571 652 39 671 736 18 843 870 
11 70 14 118 4 149 156 77 162 267 15 176 202 68 189 315 52 213 320 93 264 428 37 342 410 16 551 573 6 621 633 48 690 780 
8 59 13 101 69 23 158 91 157 289 71 172 308 95 479 639 56 502 577 104 593 731 40 755 836 
10 54 37 130 89 433 553 17 504 532 47 537 664 58 654 764 64 756 860 42 761 842 20 766 804 12 769 788 18 788 812 
14 59 10 92 7 31 39 33 177 224 63 188 283 110 319 478 41 431 503 88 491 632 11 505 520 71 573 678 10 622 639 80 671 797 19 684 709 74 709 807 19 841 870 
10 44 26 106 41 140 200 72 296 421 76 374 492 26 399 448 55 467 593 70 602 726 44 616 686 9 712 725 4 716 721 
10 94 13 165 64 52 169 69 64 161 56 184 276 55 220 317 126 382 556 62 446 548 9 478 491 63 530 651 3 868 872 
12 71 111 231 54 119 219 128 121 283 26 303 347 93 321 467 9 324 339 30 382 428 87 418 553 53 452 532 7 755 765 26 765 813 32 802 852 
