10 55
7 40 42 94 60 156 240 82 230 335 3 331 335 47 452 510 25 650 681 3 681 685 
5 66 33 113 102 236 371 60 464 538 82 487 579 7 614 622 
4 53 11 86 50 41 115 13 427 443 79 570 669 
4 67 188 287 62 250 348 9 483 494 29 560 595 
5 27 40 75 86 56 172 45 284 347 36 413 459 38 520 567 
6 52 98 167 55 112 186 41 245 299 23 263 294 58 310 398 48 622 680 
4 77 20 122 48 62 121 59 263 346 33 564 609 
6 69 259 349 44 304 363 6 331 338 27 423 455 80 541 640 46 613 671 
5 34 61 109 96 284 419 64 309 396 47 447 514 8 616 627 
9 34 85 130 60 92 175 25 99 132 20 126 153 30 191 232 8 376 386 7 393 402 54 495 561 7 668 677 
