10 66
6 41 42 121 94 52 190 87 120 246 32 176 229 74 481 616 25 596 632 
8 78 48 195 27 119 156 64 159 250 48 165 233 43 197 269 32 214 263 54 284 374 25 711 763 
8 85 0 132 9 87 103 10 181 196 58 222 318 53 268 363 53 303 392 7 378 389 49 573 652 
4 82 70 206 42 90 146 40 369 443 56 539 677 
6 134 103 254 63 358 463 39 490 570 46 500 573 74 510 640 10 551 564 
6 75 15 145 60 19 118 67 143 253 8 159 172 105 622 757 57 623 708 
9 13 25 51 41 28 86 35 90 148 64 202 311 16 298 326 38 346 436 20 508 537 40 664 739 2 772 775 
6 65 138 250 9 226 243 6 233 241 52 464 558 100 468 622 83 538 664 
5 69 34 171 75 367 479 62 370 477 19 386 455 13 409 425 
8 6 28 37 26 251 298 57 391 473 42 405 477 3 462 467 61 611 714 47 611 715 8 691 701 
