10 172
19 120 80 226 64 162 252 93 171 291 117 288 435 42 378 441 54 401 474 95 405 528 130 570 734 6 575 583 104 583 711 101 623 753 53 652 730 103 670 803 11 686 701 54 771 843 11 777 789 11 805 819 45 812 870 9 840 851 
22 8 15 24 26 50 81 8 132 143 41 132 184 25 219 251 73 224 322 110 296 454 84 422 523 122 478 644 20 485 511 80 504 594 30 581 618 47 609 673 16 609 630 139 641 808 88 643 756 85 709 814 31 767 812 47 776 844 12 786 801 41 793 852 37 793 840 
20 151 3 174 61 15 100 122 54 205 98 93 218 124 135 295 50 157 219 69 241 324 4 283 289 81 299 402 103 320 441 111 457 604 119 608 782 11 642 655 80 643 756 32 670 713 20 689 716 6 698 705 33 740 785 8 774 785 11 795 809 
19 92 60 185 132 170 344 109 300 449 87 306 418 57 337 410 75 350 449 71 360 459 24 430 460 37 565 618 39 571 616 14 642 660 2 662 665 101 674 813 107 691 843 17 704 728 44 746 805 12 774 791 24 818 850 2 864 867 
14 107 124 278 24 190 225 30 272 308 123 315 480 118 354 499 72 379 484 7 380 389 79 429 540 49 445 514 86 446 541 4 583 589 72 584 686 121 612 786 74 747 856 
17 22 9 39 76 32 133 71 67 160 23 146 174 125 269 436 113 280 430 110 284 447 10 295 308 29 308 348 56 359 432 117 452 617 46 536 599 58 699 769 64 743 828 42 752 810 30 823 867 16 833 855 
10 92 139 266 117 180 342 108 257 403 69 355 440 86 422 540 122 442 608 131 538 702 116 559 733 117 608 773 47 780 843 
18 74 2 100 79 34 139 17 54 75 84 82 189 22 105 133 52 216 284 64 296 397 115 343 496 124 438 585 26 473 506 39 516 577 137 637 809 49 639 709 72 644 737 91 674 793 71 676 759 11 679 694 21 843 871 
17 82 89 205 19 112 136 4 136 141 126 140 313 52 145 212 10 217 230 28 409 450 106 416 543 75 448 549 118 497 640 112 510 630 138 565 737 90 592 700 68 628 724 93 708 867 62 760 856 29 832 872 
16 108 140 273 112 152 301 69 160 265 42 225 272 47 230 293 120 252 423 78 306 413 54 326 399 23 358 390 64 395 476 44 442 492 92 474 595 88 481 599 73 500 594 71 739 831 10 845 857 
