10 130
14 51 10 66 20 46 68 103 57 177 86 63 157 3 65 69 53 146 203 49 207 260 43 254 303 100 448 561 15 466 482 32 471 506 8 665 674 2 674 677 3 678 682 
14 21 7 30 63 129 197 65 164 232 69 202 276 25 225 252 60 235 301 103 373 485 61 397 466 90 498 594 123 542 677 55 575 636 19 598 618 2 637 640 7 671 679 
11 36 79 118 28 111 143 106 153 264 43 268 316 104 452 569 51 505 560 118 508 643 5 524 530 74 543 626 46 607 660 25 644 671 
11 52 18 76 76 45 133 128 49 186 105 51 168 13 73 87 71 114 192 86 142 239 54 410 470 24 431 457 32 626 661 12 665 678 
15 50 37 91 110 51 175 15 78 94 34 79 117 28 213 244 36 293 332 86 307 406 12 399 412 123 441 573 72 511 587 28 543 573 54 611 669 39 621 668 24 628 653 12 671 684 
15 47 5 58 18 58 77 30 100 133 66 209 280 116 219 349 109 228 345 70 311 385 23 340 366 11 378 390 110 406 531 24 460 486 27 561 591 44 561 608 37 609 651 12 663 676 
15 85 5 101 2 20 23 111 64 189 5 130 136 57 194 253 119 213 336 38 256 296 2 491 494 47 500 550 21 516 539 88 522 620 75 576 663 64 600 667 58 613 680 8 659 668 
13 114 126 251 66 128 202 46 138 189 86 244 343 17 290 308 28 298 328 129 329 466 39 472 513 18 507 527 116 529 657 74 537 617 48 543 594 48 594 644 
11 118 37 170 19 67 88 60 166 232 21 182 205 96 186 289 107 194 310 33 256 293 96 292 397 74 371 453 88 548 642 2 606 609 
11 58 6 73 31 11 47 104 158 275 122 216 353 4 274 279 84 399 493 29 480 511 89 506 602 32 561 597 10 673 684 8 675 684 
