10 250
23 7 0 8 143 3 158 35 76 114 134 108 255 107 134 255 29 214 245 121 238 373 63 289 359 54 330 390 133 343 497 136 353 501 85 361 455 113 431 559 104 453 568 92 486 586 36 519 558 83 550 642 15 556 573 50 557 610 126 633 776 75 654 735 42 662 706 7 769 777 
21 107 26 149 138 89 236 49 122 175 8 172 181 108 215 336 115 237 365 51 278 336 58 297 361 25 401 427 65 417 491 106 418 541 54 441 497 101 509 623 127 521 664 52 537 595 108 575 700 49 593 647 67 595 665 127 624 776 19 665 685 5 771 777 
25 31 4 40 108 45 161 27 62 92 138 78 231 11 85 97 25 155 182 103 203 321 134 225 376 82 250 338 17 260 278 21 292 315 118 364 497 98 415 522 117 454 585 112 522 645 136 531 680 60 539 604 90 554 658 101 575 682 144 581 734 35 650 688 41 673 720 19 735 755 5 765 771 2 773 776 
33 94 33 134 69 44 119 33 49 86 35 107 147 20 213 234 76 231 311 15 284 300 107 296 415 135 302 453 45 367 418 9 378 388 123 434 572 9 453 463 110 474 593 10 500 511 53 504 563 33 508 545 14 535 551 90 543 643 36 545 585 23 548 575 24 551 577 47 558 608 120 575 709 10 599 610 128 622 770 90 626 728 37 637 677 54 648 707 5 664 670 7 697 705 8 725 734 25 740 768 
24 87 7 104 58 22 87 23 40 65 126 42 180 11 166 178 59 281 345 110 305 427 95 339 447 74 393 477 54 442 503 52 448 507 135 454 602 4 515 520 118 516 644 50 526 581 85 538 635 53 568 627 119 573 711 128 585 724 84 633 728 127 636 775 10 709 720 13 753 767 7 767 775 
21 4 5 10 110 12 135 91 17 116 124 26 163 134 83 232 111 155 281 20 160 182 87 174 269 53 265 325 122 322 459 39 367 409 70 391 474 90 412 515 38 503 547 38 520 563 44 554 601 55 558 617 97 585 693 129 612 757 70 634 710 21 754 778 
30 71 13 88 124 20 157 13 21 35 83 45 133 75 59 144 26 129 158 112 227 353 97 273 376 45 283 331 51 308 363 4 308 313 108 315 433 46 348 400 38 371 412 6 374 381 48 421 473 139 470 621 120 471 604 51 478 535 103 553 664 16 588 605 127 601 739 63 607 680 41 609 655 51 656 712 46 702 755 23 702 728 21 726 749 40 730 776 18 742 762 
26 52 7 66 74 13 95 104 94 213 36 105 143 120 105 238 42 108 155 14 148 163 122 167 303 128 197 347 62 210 279 140 224 376 11 307 319 80 323 409 110 381 495 107 410 528 31 429 462 7 479 487 126 546 689 109 620 740 94 641 745 71 659 737 7 683 691 31 695 728 40 718 764 17 730 748 4 773 778 
23 66 25 96 69 46 121 79 118 210 26 134 162 117 135 266 71 158 237 124 185 323 58 191 254 28 255 285 98 352 458 25 366 392 76 379 462 89 393 489 58 450 519 126 503 647 92 504 607 66 524 597 122 527 663 80 549 637 55 570 633 106 618 734 70 683 761 7 758 766 
24 84 25 121 53 28 88 74 38 118 83 101 191 94 134 244 48 167 218 119 186 325 130 207 356 126 228 374 13 254 268 19 281 301 78 287 374 78 306 393 29 364 396 134 453 600 83 459 553 39 488 530 7 555 563 99 618 726 71 639 715 75 647 724 25 677 703 4 709 714 5 736 742 
