10 434
39 122 46 175 34 67 104 127 71 218 110 100 224 108 124 246 61 151 220 42 151 197 169 193 365 76 254 338 139 255 406 159 279 452 48 334 386 145 358 519 76 359 445 24 360 385 137 362 513 68 367 442 123 368 499 163 404 578 4 413 418 99 421 530 34 450 486 154 461 630 98 470 577 37 480 521 80 530 615 28 536 566 137 550 698 33 572 608 106 575 698 82 599 695 68 611 686 2 631 634 115 669 796 150 682 839 136 705 854 82 749 840 71 791 867 30 827 861 
45 74 2 83 6 22 29 60 42 112 12 53 66 65 68 140 51 76 131 143 90 243 31 103 136 12 111 124 34 131 168 105 132 251 158 145 315 128 149 293 152 179 353 108 189 313 65 195 267 4 197 202 51 230 287 21 232 256 16 293 311 52 329 382 11 338 350 109 350 473 149 381 552 123 414 554 33 430 466 141 451 607 36 491 530 80 498 587 96 500 604 156 501 674 29 503 534 125 548 682 151 559 718 88 577 675 5 581 587 6 603 610 8 667 676 46 685 735 113 692 819 72 761 841 76 779 866 8 805 814 21 813 835 35 829 868 
47 103 0 110 59 24 88 68 47 122 134 68 224 65 115 189 19 130 151 163 132 305 140 135 285 115 139 270 165 179 350 44 209 256 18 210 230 75 223 307 65 226 300 106 259 377 132 263 410 31 283 316 79 306 400 129 322 461 110 371 493 121 395 523 149 404 570 29 442 474 16 488 506 35 516 553 135 527 673 7 559 567 144 611 769 44 615 662 22 619 643 39 640 681 147 644 810 136 659 810 90 705 808 89 716 811 89 761 860 17 779 797 28 792 823 47 806 856 38 812 855 25 822 852 30 823 857 21 843 866 10 846 857 19 849 870 9 853 863 10 856 867 
42 27 78 106 15 90 106 109 135 254 22 142 165 115 143 273 111 166 286 84 244 335 58 254 321 85 274 369 83 276 368 125 285 418 149 296 464 135 306 453 97 307 417 86 320 415 35 355 393 23 379 404 73 415 498 135 448 603 61 457 523 74 469 552 30 502 535 88 552 647 7 572 580 42 579 625 64 589 660 57 593 655 117 602 734 151 605 775 140 608 763 141 620 780 6 651 658 157 664 832 129 677 821 32 728 763 72 744 821 71 774 854 64 790 862 2 800 803 33 818 855 17 818 836 2 850 853 
44 93 3 110 46 20 69 100 31 141 83 35 126 119 68 197 57 113 173 132 152 299 20 187 208 4 221 226 134 265 417 42 272 319 89 305 405 87 327 426 87 334 433 64 338 413 110 344 465 19 347 369 28 369 400 53 373 431 12 377 390 37 378 418 86 403 498 80 412 503 69 447 523 91 462 564 10 492 503 4 507 512 127 530 670 127 573 710 17 578 597 80 582 667 56 592 654 131 599 748 77 606 692 147 641 802 122 643 775 86 649 742 99 707 819 108 710 830 30 723 756 91 770 868 52 772 829 4 842 847 6 847 854 
44 104 11 129 109 17 140 102 24 135 127 42 179 121 52 182 64 71 140 138 77 231 9 83 93 73 89 170 28 103 133 21 116 139 68 117 193 29 118 149 67 197 269 135 198 342 117 235 362 145 291 454 139 294 450 129 295 436 21 321 343 53 427 489 59 478 543 20 480 501 132 504 646 8 557 566 2 561 564 138 570 725 16 581 599 153 593 757 36 604 644 66 606 681 60 616 682 145 621 782 28 649 680 139 658 813 93 668 769 42 706 752 16 723 741 92 739 840 77 741 828 5 767 773 31 768 803 53 789 847 72 791 870 
41 115 2 126 107 9 131 54 22 83 90 41 147 40 73 117 20 99 121 60 104 170 66 127 204 77 131 217 127 138 280 66 154 229 87 157 252 159 162 336 113 173 297 40 213 257 26 249 277 44 250 299 134 337 492 149 349 518 99 386 495 27 398 429 89 399 501 41 413 458 100 459 574 123 530 670 155 554 717 117 607 736 96 646 749 116 670 803 26 676 706 3 682 686 27 683 713 56 692 757 65 713 784 24 801 826 45 817 866 26 833 860 15 845 861 19 848 868 6 858 865 3 860 864 
45 28 30 61 46 60 110 16 87 104 142 100 255 106 103 223 113 135 260 21 164 188 127 166 309 23 203 228 144 211 371 148 224 393 75 232 317 44 232 280 109 258 377 101 319 439 31 328 362 79 335 425 64 337 407 86 384 482 118 386 522 82 387 476 82 396 486 42 408 453 88 418 518 70 446 522 69 488 561 41 525 570 94 545 648 53 584 643 150 590 753 132 596 742 46 633 683 60 636 699 29 669 700 100 670 783 48 746 797 21 751 774 28 770 800 42 795 841 23 808 832 42 823 869 8 830 839 3 850 854 12 850 863 4 854 859 
48 21 9 32 63 47 115 47 61 113 14 63 78 81 69 160 98 141 248 73 163 243 55 191 252 49 196 249 52 201 258 99 243 355 90 247 342 121 248 381 141 285 447 84 298 391 148 318 475 157 328 497 30 340 372 44 460 510 35 463 502 61 473 540 98 477 593 41 482 527 43 490 536 57 498 562 134 520 663 92 533 634 92 536 636 112 538 665 88 556 654 91 563 663 56 567 631 4 572 577 32 576 613 68 657 736 63 685 753 44 689 739 140 690 846 85 706 799 53 753 812 23 767 792 42 799 846 23 808 834 2 840 843 11 850 862 15 851 867 13 857 871 6 865 872 
39 125 48 194 62 51 119 79 80 166 2 90 93 109 117 238 160 138 312 154 145 311 76 148 235 132 161 307 106 168 284 111 175 300 141 175 333 150 245 412 8 278 287 115 278 408 138 312 468 92 313 417 162 321 495 38 328 367 106 361 482 20 395 416 94 418 520 104 492 605 38 493 535 100 538 649 49 587 640 52 587 643 83 609 698 23 628 653 95 635 740 85 642 734 84 680 775 94 748 845 21 769 793 84 777 869 9 792 802 22 797 821 31 838 870 24 846 872 
