10 72
5 39 245 312 98 320 488 59 574 669 76 586 698 86 721 852 
8 64 16 108 13 251 268 38 308 397 47 363 442 64 381 481 66 503 612 13 517 537 126 576 730 
7 42 66 131 8 180 193 97 283 414 96 390 552 74 639 769 38 739 792 20 750 784 
9 5 55 64 84 58 161 74 279 387 23 340 389 31 470 524 67 492 605 49 753 844 17 810 837 20 811 841 
8 82 201 325 33 208 261 63 433 551 2 464 468 59 555 656 25 575 620 117 657 827 45 736 794 
7 60 34 118 49 192 319 65 265 358 24 266 315 25 300 331 65 532 648 13 660 679 
7 15 134 160 65 140 258 42 157 237 42 230 320 6 318 326 23 362 405 81 654 777 
8 29 35 78 50 53 137 45 114 189 17 191 215 70 243 348 81 304 437 65 690 800 58 736 807 
8 16 100 134 123 165 284 82 313 478 73 406 525 35 449 504 13 515 535 47 724 808 14 781 809 
5 22 388 428 59 441 565 103 526 676 69 568 705 57 701 793 
