10 300
28 124 0 131 48 30 83 4 37 42 39 55 99 71 67 142 80 80 166 88 96 194 52 133 190 75 153 238 15 192 208 123 192 330 51 200 256 44 240 291 123 241 375 95 306 406 42 401 449 150 404 565 158 407 577 126 415 554 47 476 529 87 574 670 76 627 717 149 656 820 83 692 787 40 708 752 50 797 853 49 800 855 4 843 848 
28 149 14 185 149 181 342 57 204 270 24 224 251 102 229 337 29 328 360 149 374 545 74 405 488 102 507 619 70 522 602 142 524 689 67 524 601 12 555 568 69 560 633 29 593 625 41 604 648 59 626 688 137 666 814 138 667 820 150 686 853 75 724 802 71 782 856 11 811 823 19 811 833 34 813 851 22 825 848 7 847 855 2 853 856 
24 143 7 172 96 110 218 125 140 279 56 180 241 16 270 287 80 297 382 110 326 445 38 348 389 108 355 481 19 389 409 111 502 623 134 502 652 64 511 581 50 512 568 157 526 696 132 534 673 27 573 602 134 593 743 121 619 754 89 623 726 41 678 725 66 713 787 12 728 741 19 801 821 
37 19 7 28 76 10 91 46 144 194 14 153 169 96 160 268 118 168 295 120 194 326 33 210 247 101 229 346 115 234 358 100 242 347 90 254 355 56 264 327 119 268 395 16 313 331 46 324 376 14 333 348 79 343 429 67 383 460 119 412 545 41 420 466 14 430 445 26 440 468 95 449 553 27 483 511 33 486 522 29 558 590 32 558 593 9 633 643 88 641 736 106 697 817 42 737 784 29 757 788 50 768 821 26 775 804 61 775 843 2 843 846 
27 73 10 91 139 63 227 73 179 261 106 190 308 144 230 388 148 245 413 101 292 400 118 316 448 29 354 387 38 364 404 130 443 588 150 493 658 23 567 595 56 610 672 60 612 680 93 616 717 18 641 661 20 643 664 123 664 804 80 726 815 5 727 733 30 746 777 24 759 785 33 798 834 19 799 819 6 848 855 4 851 856 
32 74 14 93 87 53 148 32 70 105 148 81 249 45 99 148 126 134 275 135 151 303 13 187 201 135 187 329 55 204 264 127 210 347 47 282 334 62 294 364 39 322 365 60 343 408 105 384 504 115 393 515 52 394 451 5 411 417 28 425 455 79 451 540 5 470 476 153 483 647 128 511 656 37 539 579 16 554 571 81 660 750 41 687 732 39 707 749 28 797 829 11 837 849 8 838 847 
35 102 1 111 82 9 101 14 30 45 34 56 95 60 64 128 138 74 226 78 108 189 116 136 262 140 154 301 54 183 244 57 259 325 65 273 348 50 290 345 23 328 353 92 333 433 46 334 383 106 336 456 153 342 513 42 391 437 62 392 461 26 424 452 30 540 571 58 541 606 40 579 624 148 662 829 19 664 684 101 710 824 60 717 781 52 757 813 20 789 811 9 798 808 19 808 829 14 824 839 14 839 854 2 853 856 
28 143 19 169 101 121 229 50 125 179 12 153 166 50 207 261 131 211 352 49 230 282 108 249 370 130 262 411 30 275 308 130 297 442 59 317 384 128 355 498 43 365 415 113 371 499 127 545 692 57 547 612 152 601 760 140 605 757 89 629 728 67 704 777 57 717 781 42 783 829 5 789 795 44 794 840 38 800 839 14 807 824 18 831 850 
30 89 21 118 89 33 127 101 57 166 123 83 216 17 94 112 55 149 209 63 187 257 86 190 287 6 257 264 103 273 381 32 300 335 71 303 382 109 321 443 136 362 516 15 368 385 74 374 455 82 407 499 19 433 454 140 449 594 122 518 655 62 569 639 12 575 588 60 583 648 82 608 700 19 617 637 106 641 760 136 659 809 83 671 764 38 775 816 33 775 811 
31 57 5 67 119 58 189 23 64 89 93 84 185 22 90 113 46 137 188 47 144 194 34 194 231 149 200 371 75 220 300 139 226 375 40 228 272 82 243 331 20 263 285 78 271 356 72 333 411 104 375 493 131 429 577 42 460 505 121 470 603 91 518 618 93 553 648 90 586 688 54 603 661 61 619 687 46 649 700 57 674 738 54 681 739 62 742 808 71 746 826 40 786 831 
