10 117
11 51 58 161 52 218 326 135 250 432 95 352 532 53 566 679 58 645 724 62 743 841 27 780 830 21 796 837 4 905 910 31 912 945 
9 128 203 393 40 227 298 30 326 399 80 373 494 101 558 685 83 642 781 57 712 823 38 781 862 32 846 920 
8 56 89 175 53 308 460 103 322 487 61 458 554 56 547 624 42 631 691 98 703 845 104 753 940 
15 36 29 93 8 55 69 23 124 162 51 133 226 24 175 214 34 180 229 51 344 424 104 491 621 16 501 537 7 513 529 100 633 804 46 693 790 126 725 906 21 746 779 3 941 949 
8 54 75 172 93 141 301 75 238 403 91 411 552 19 485 510 59 615 730 22 648 688 119 714 885 
12 72 42 158 48 122 221 49 127 202 30 177 217 39 253 346 105 259 410 49 649 720 72 676 814 98 680 818 14 878 900 37 897 941 15 928 952 
13 159 11 200 30 100 153 10 149 168 73 171 277 99 206 372 41 210 279 14 222 245 25 272 308 52 465 555 49 777 876 81 813 951 37 825 889 4 949 956 
12 52 21 112 92 170 306 65 232 339 67 251 361 84 401 541 2 470 473 105 482 665 56 565 660 56 616 687 33 739 793 100 768 898 8 924 939 
17 9 2 15 20 16 52 13 185 209 45 281 350 28 366 411 19 381 415 16 391 420 41 457 539 115 562 730 38 579 649 24 628 668 18 782 811 57 818 921 10 826 840 32 831 891 30 870 943 11 936 956 
12 21 261 288 50 286 385 32 312 361 20 373 424 90 374 500 80 460 642 61 569 659 82 592 712 13 640 661 23 691 728 31 733 784 62 845 951 
