10 52
5 47 113 166 21 302 330 101 315 435 87 464 577 63 540 637 
3 70 223 316 88 354 470 90 384 510 
5 90 6 116 77 77 190 45 255 317 11 535 551 49 666 725 
8 89 230 345 31 351 388 37 387 433 34 456 505 59 479 548 40 503 559 7 578 586 17 587 608 
4 106 32 170 36 114 161 78 426 535 14 645 664 
8 19 107 132 61 150 230 31 165 203 29 251 290 28 533 570 88 591 707 81 594 688 6 684 692 
3 69 71 156 96 83 217 55 282 366 
6 5 131 137 121 132 273 52 229 298 83 622 738 16 716 740 9 741 752 
7 67 79 163 10 337 350 96 401 531 34 412 454 16 579 598 14 709 732 5 746 752 
3 93 71 195 91 549 677 46 661 726 
