10 118
11 39 114 157 90 129 229 2 291 294 19 341 361 75 397 480 123 401 536 106 493 614 26 535 563 53 540 598 95 548 653 39 710 753 
16 39 94 139 9 133 143 120 169 294 52 238 296 34 249 286 69 280 360 32 320 355 121 329 462 113 361 487 27 361 391 8 616 625 80 658 749 19 717 737 6 731 738 7 743 751 4 748 753 
16 50 8 63 85 78 172 57 262 323 30 280 311 95 403 508 48 473 525 65 483 554 35 514 553 101 521 635 68 586 658 17 587 606 34 654 691 61 673 741 25 682 708 12 695 708 2 740 743 
13 10 40 51 9 115 125 50 155 212 66 200 273 93 212 316 77 257 342 115 306 432 17 358 376 121 456 590 36 517 556 44 546 597 16 579 596 44 607 656 
10 96 350 454 24 366 392 125 387 529 129 466 609 91 474 573 31 537 571 39 554 597 101 555 668 29 642 677 70 664 744 
11 124 6 150 101 37 151 27 206 235 74 240 320 83 296 389 72 401 480 104 511 620 81 573 664 70 581 659 17 716 735 6 724 731 
13 76 14 95 59 87 154 97 149 249 125 257 393 78 412 497 40 423 468 92 511 612 40 518 560 120 559 693 98 603 708 62 645 714 18 723 743 6 729 736 
9 113 139 266 121 451 577 125 473 610 113 544 668 109 590 707 126 609 747 58 613 675 43 666 715 7 725 733 
10 60 39 107 119 69 210 19 75 95 113 148 276 99 254 362 102 405 515 109 519 637 32 638 674 42 672 715 6 742 749 
9 109 158 280 107 420 539 85 429 521 75 532 620 19 540 560 85 541 636 58 595 661 78 606 692 8 660 669 
