10 426
40 93 7 111 142 12 164 150 37 207 44 68 116 41 134 178 85 183 274 77 195 279 42 223 271 152 259 428 112 300 422 28 304 334 16 307 324 74 330 410 41 333 376 135 338 495 169 353 541 12 374 387 115 384 514 138 387 539 140 394 553 33 427 466 94 522 628 171 547 736 43 574 623 105 670 787 88 695 792 65 713 789 155 733 904 130 752 895 62 804 874 52 806 861 103 812 927 50 815 870 56 852 917 23 866 891 67 876 952 10 876 887 65 880 955 18 915 934 9 945 955 
42 43 48 94 30 75 107 26 83 111 115 108 243 25 143 172 17 143 162 4 152 157 76 185 274 134 201 352 158 237 406 145 264 425 41 316 361 134 331 476 111 333 457 82 347 440 142 394 550 8 476 485 89 489 585 13 511 525 8 519 528 165 549 736 9 559 569 129 562 705 27 565 594 74 589 671 139 636 797 158 639 821 89 650 753 159 681 859 108 693 814 174 713 902 40 735 782 74 763 850 83 838 933 7 862 870 25 875 902 31 893 926 40 902 947 45 905 955 3 911 915 15 930 947 12 930 943 
33 109 6 127 27 7 37 6 21 28 108 57 181 100 64 186 35 65 104 158 227 396 32 235 269 151 239 411 53 277 335 177 315 506 30 340 372 142 367 534 30 372 406 167 390 579 159 408 591 88 453 549 7 466 474 171 470 653 74 504 587 160 519 699 123 624 761 112 677 812 75 711 793 114 713 840 63 741 809 167 746 930 144 778 938 111 801 926 34 830 867 6 867 874 42 868 913 63 875 943 
44 53 37 96 80 43 132 86 58 149 166 60 249 72 85 167 115 87 209 164 105 282 148 215 375 105 235 345 114 261 386 53 280 339 150 286 450 96 309 420 19 364 384 159 365 550 34 366 404 53 377 437 166 407 596 119 410 548 75 421 502 119 516 650 82 561 650 16 569 587 96 576 683 153 596 765 72 598 682 125 599 733 34 626 663 26 630 660 92 683 782 127 736 870 16 787 804 31 823 858 33 829 866 52 841 895 85 852 949 22 863 888 17 868 886 27 871 902 35 886 923 60 889 954 46 905 955 11 938 950 10 941 952 
39 144 60 224 31 63 96 42 90 137 41 93 140 158 105 279 166 127 315 118 129 259 153 163 340 113 178 300 59 207 274 131 297 438 143 319 476 123 344 484 21 378 400 5 428 434 78 433 524 145 471 638 89 525 620 103 551 666 122 562 698 95 586 693 85 595 684 49 659 712 168 667 852 149 670 831 163 678 864 104 724 838 64 742 807 129 791 931 71 802 881 10 825 836 55 849 910 67 860 932 25 894 922 39 896 939 4 910 915 22 920 944 5 930 936 8 945 954 
47 19 7 27 160 109 279 15 126 142 42 130 175 39 171 213 93 186 291 77 201 286 139 216 372 170 227 411 124 243 379 91 255 356 107 289 402 92 293 391 167 310 495 50 344 400 169 360 550 88 391 491 35 401 439 154 405 572 80 422 514 155 454 625 107 464 577 38 489 530 100 493 605 41 494 539 47 495 546 174 516 705 76 522 604 67 554 625 35 625 663 33 654 691 135 659 798 98 665 770 111 685 817 140 686 850 41 690 734 35 717 757 9 728 738 12 780 793 14 792 807 122 798 929 96 804 910 103 841 954 5 846 852 59 866 930 32 916 951 5 950 956 
46 142 1 162 69 39 113 176 45 234 151 45 206 149 52 214 95 56 156 36 65 107 112 101 224 22 121 145 70 167 247 124 173 312 99 182 294 148 182 346 27 202 232 12 223 236 10 248 259 159 258 431 154 291 461 102 312 427 170 313 504 70 314 394 103 315 427 26 316 344 146 316 474 34 327 363 138 366 517 107 472 587 68 517 594 6 523 530 173 560 743 18 621 640 41 672 717 8 673 682 66 692 762 47 736 785 44 754 801 107 755 878 115 757 875 61 767 834 51 783 842 87 816 910 42 834 880 63 836 904 21 846 868 78 861 951 28 880 911 
51 148 22 190 150 60 229 15 87 103 17 129 147 8 143 152 82 153 245 9 165 175 82 168 256 61 189 254 144 207 363 2 240 243 95 258 367 136 292 442 142 302 460 96 331 436 120 341 479 67 342 418 29 398 431 43 428 475 5 478 484 54 502 561 43 503 549 21 511 534 157 518 696 25 525 551 147 527 697 115 556 681 52 583 640 106 588 707 8 628 637 47 645 697 38 668 710 109 674 798 79 709 796 157 728 894 101 739 849 183 742 932 37 751 792 156 758 927 123 772 910 30 774 805 66 774 842 92 825 930 74 826 906 22 826 849 13 827 841 24 865 892 15 878 895 9 912 922 27 927 957 16 932 949 
41 11 8 20 111 9 134 65 10 80 169 24 206 108 42 161 7 75 83 45 111 158 74 126 211 56 126 189 122 224 359 114 226 357 123 253 384 38 267 310 25 274 301 134 307 452 19 309 329 129 326 460 148 337 499 144 342 497 93 396 502 97 402 515 120 431 562 154 447 618 67 452 525 110 478 604 21 488 512 118 494 631 54 545 604 169 617 807 81 651 743 66 659 731 128 713 853 140 750 911 9 763 773 123 818 952 27 858 887 62 865 930 68 876 952 59 882 944 4 894 899 11 928 940 
43 73 22 101 25 48 75 96 53 160 117 78 204 111 106 226 59 131 197 164 133 318 110 163 283 132 218 361 66 220 293 160 268 446 5 290 296 40 315 358 144 316 481 4 325 330 121 346 479 105 389 504 14 391 407 161 436 602 169 447 626 143 487 646 156 524 692 27 525 555 117 527 659 58 529 592 50 572 626 79 646 734 94 663 768 55 701 764 108 719 843 56 727 787 152 731 899 104 743 868 157 773 947 35 799 838 16 804 821 34 818 855 107 835 950 4 873 878 52 885 942 4 899 904 29 910 943 26 925 953 
