10 181
16 122 97 269 17 174 197 32 198 243 85 300 411 101 321 465 143 337 508 142 343 521 26 449 480 12 496 513 140 524 709 128 566 726 136 609 793 27 621 655 23 703 738 4 933 938 3 950 954 
19 16 30 51 7 127 136 70 130 216 19 140 164 87 144 256 122 186 350 77 286 395 70 354 453 93 455 581 90 495 617 2 517 520 129 526 689 62 684 761 34 706 751 16 707 728 48 768 829 97 776 906 8 800 813 110 810 953 
13 82 1 112 133 136 308 83 154 255 107 176 325 117 182 335 148 247 432 21 485 512 135 523 690 97 594 706 141 599 786 104 676 809 13 717 734 40 894 957 
19 55 13 87 40 47 104 48 77 137 47 86 152 72 128 237 38 185 245 15 220 237 29 285 325 110 371 541 15 415 436 57 474 549 120 478 637 150 710 900 116 735 891 42 788 841 25 869 906 12 886 902 40 896 948 3 954 958 
22 132 46 218 61 78 153 10 108 120 22 154 180 56 199 277 145 288 474 118 297 440 40 302 355 36 382 441 42 405 467 64 501 577 44 548 605 147 592 772 11 694 709 121 746 904 92 758 884 20 788 816 8 839 849 24 858 889 29 910 943 24 930 958 2 941 944 
23 126 126 293 150 176 364 98 277 399 24 351 381 90 390 512 91 485 614 18 551 574 14 586 603 50 678 741 156 708 899 90 716 836 12 720 734 79 724 833 31 811 861 60 823 905 44 846 913 18 872 895 19 902 926 7 903 912 17 932 953 11 936 949 3 939 943 2 946 949 
21 128 49 208 86 187 295 41 219 269 104 220 359 60 281 362 60 289 363 34 366 405 90 377 499 31 522 563 105 608 739 26 677 716 72 692 788 99 696 824 19 718 742 108 749 895 68 837 936 15 857 877 9 883 893 15 935 951 5 937 943 6 941 949 
18 7 23 32 85 65 178 4 165 170 139 166 343 138 245 430 97 442 579 127 549 721 37 560 611 113 581 724 128 674 847 59 695 791 114 708 859 23 760 791 4 847 852 16 894 913 18 896 919 35 907 954 4 950 955 
14 54 54 125 87 103 224 3 143 147 112 197 327 90 367 527 104 430 578 147 494 674 61 556 641 139 567 732 47 578 643 43 656 706 59 700 788 80 711 837 15 928 947 
16 85 0 119 47 30 98 35 137 190 64 173 270 105 236 381 43 290 360 14 290 308 25 311 341 138 316 507 115 401 552 55 412 482 55 655 741 6 667 674 44 699 751 127 794 955 67 855 936 
