10 108
15 38 63 113 85 95 202 12 145 160 34 251 296 84 282 388 118 329 495 28 345 384 63 359 438 43 498 548 16 498 522 23 552 584 72 694 775 25 761 799 3 765 769 15 838 856 
6 81 109 207 107 184 334 102 431 598 85 472 599 90 545 660 45 768 830 
12 100 22 141 58 133 217 73 191 282 122 278 427 114 473 609 73 481 570 47 493 565 24 630 659 64 657 749 23 807 837 29 813 849 7 844 852 
8 123 159 329 81 312 428 33 387 430 131 394 555 95 488 625 59 567 643 36 793 840 20 817 844 
13 59 5 77 52 39 107 100 49 163 19 97 117 40 123 171 71 155 256 51 306 365 105 402 534 67 427 510 29 560 598 59 567 659 137 575 733 63 613 688 
11 52 131 193 11 141 157 59 152 228 65 341 434 89 403 511 126 446 599 28 523 559 112 541 700 89 571 696 30 613 652 10 820 831 
10 72 22 115 82 158 258 80 188 297 12 245 261 41 334 403 60 450 531 121 550 708 46 744 806 19 768 793 42 782 854 
10 24 132 165 41 169 226 71 260 368 29 343 388 32 454 499 101 599 738 124 631 775 90 696 819 38 781 832 2 835 838 
10 35 225 272 76 334 432 50 338 409 102 407 542 82 523 630 106 535 673 51 601 671 102 651 765 49 654 717 27 716 752 
13 86 73 191 131 212 379 15 288 308 82 301 433 100 338 466 60 385 457 87 426 549 4 430 435 7 559 569 36 726 774 47 773 831 13 813 830 14 835 852 
