10 73
8 24 86 116 113 135 293 48 182 274 122 280 432 7 313 322 60 678 791 65 827 920 27 885 924 
9 23 283 312 70 298 391 19 530 569 13 564 580 9 654 671 98 677 827 51 827 928 49 828 918 33 845 892 
5 59 45 166 54 58 146 81 121 291 14 648 666 73 728 829 
5 74 23 134 86 154 278 96 606 765 14 633 659 115 735 921 
6 8 103 115 44 192 283 114 374 540 46 504 578 59 617 748 71 717 834 
6 104 2 151 45 20 118 9 52 65 56 189 274 84 605 759 62 666 782 
12 37 167 215 34 280 333 11 311 329 4 341 347 21 386 423 24 391 443 96 423 554 58 533 643 11 605 623 33 609 658 79 794 925 33 835 879 
6 98 157 319 20 182 221 92 270 425 99 698 848 24 873 930 13 886 907 
8 54 47 196 119 274 441 4 510 516 59 529 623 46 539 641 57 544 631 128 691 843 13 884 910 
8 65 151 256 19 383 413 67 386 524 4 402 407 13 617 640 68 668 782 85 696 826 17 747 773 
