10 107
10 100 44 176 93 122 285 90 207 339 10 316 334 72 523 662 62 537 633 137 575 761 51 840 943 44 924 989 20 985 1022 
9 61 184 309 118 197 387 17 217 244 10 274 289 47 375 503 107 395 573 115 792 975 52 815 916 5 1029 1037 
10 80 62 190 74 93 183 36 117 176 58 151 237 74 164 286 108 505 658 48 656 745 94 762 917 65 886 1018 13 1014 1033 
17 52 18 111 17 141 168 11 159 174 13 173 190 4 340 345 78 418 590 54 430 505 52 545 627 160 652 854 54 658 738 135 713 911 67 837 938 16 940 966 23 950 990 14 988 1019 16 996 1031 8 1029 1040 
7 72 13 148 83 198 379 43 339 421 68 486 629 73 884 1010 72 889 988 42 931 1003 
12 5 81 88 117 131 326 103 168 317 18 533 559 48 534 604 23 679 729 50 750 857 8 801 816 46 809 882 85 870 1025 44 884 962 2 1037 1040 
16 24 146 197 144 260 464 26 284 324 19 319 346 105 401 550 100 506 665 23 576 608 25 690 731 54 731 815 144 759 961 72 787 902 35 920 972 32 946 989 36 955 1007 9 1002 1016 7 1019 1028 
10 137 295 503 49 340 449 119 444 618 25 507 539 32 578 664 68 623 754 26 665 703 97 681 852 6 875 883 11 961 978 
9 61 16 102 82 259 354 93 397 571 82 402 502 52 426 511 75 578 689 121 585 793 35 586 645 115 739 932 
7 59 12 138 109 23 200 120 396 583 84 511 687 30 760 836 47 825 922 35 918 983 
