10 46
3 88 156 280 98 605 735 99 650 786 
7 26 29 56 60 58 138 114 331 488 12 416 432 20 655 680 20 736 767 11 774 788 
4 57 62 136 64 444 531 52 454 525 52 620 690 
5 82 180 283 14 201 219 27 524 560 119 554 706 38 700 751 
4 37 11 61 85 184 304 55 466 547 56 685 749 
4 98 405 530 123 415 575 110 504 642 6 765 773 
6 80 60 175 17 393 418 28 432 469 7 467 477 33 623 667 68 628 718 
2 101 273 424 111 403 554 
4 24 49 80 81 259 371 123 358 521 62 360 450 
7 5 237 243 85 259 371 26 332 366 90 537 653 83 644 751 9 693 704 20 744 771 
