10 120
10 50 2 65 122 23 185 58 100 186 144 188 367 42 220 273 36 425 477 120 669 826 106 705 844 34 742 785 26 838 873 
10 144 64 241 107 83 237 110 133 292 147 212 396 53 225 295 80 297 407 55 322 398 8 327 337 47 851 911 5 917 925 
17 8 90 99 97 219 340 119 253 417 9 326 337 41 377 432 44 460 523 102 476 608 49 560 624 20 695 722 139 704 881 20 751 777 30 756 795 15 799 825 11 804 818 23 832 861 32 853 892 8 878 887 
17 41 75 131 104 106 238 59 166 246 2 219 222 73 293 393 21 380 407 136 471 643 30 515 551 24 529 562 16 650 670 60 693 760 86 709 846 11 805 820 49 848 911 20 878 903 4 891 896 15 894 912 
13 117 42 194 39 64 118 15 189 211 53 248 323 10 348 363 41 376 433 24 387 420 115 422 582 102 633 755 101 739 871 62 743 829 21 834 858 4 922 927 
9 88 39 164 129 42 218 34 158 202 82 186 291 91 433 544 97 650 775 123 655 835 16 664 689 9 710 720 
13 78 45 163 31 82 122 5 128 134 92 314 460 11 318 335 41 322 377 110 341 488 135 364 550 58 663 742 36 754 801 30 810 851 8 861 872 45 869 930 
13 85 21 147 129 108 269 65 114 200 5 213 220 70 275 368 27 277 311 79 290 388 149 431 616 50 568 631 59 680 753 22 736 766 56 797 880 28 876 911 
10 17 85 109 102 185 347 73 209 309 82 702 819 120 705 855 109 748 901 103 782 911 59 830 903 64 832 905 4 916 921 
8 101 98 233 62 199 280 100 385 518 141 451 623 94 453 583 138 552 731 48 740 821 76 807 906 
