10 114
9 89 4 102 12 59 72 127 205 350 117 326 457 41 330 378 60 353 422 130 484 632 6 808 815 7 810 818 
14 33 57 94 118 284 426 9 300 310 114 403 528 112 419 538 10 425 436 19 433 454 103 446 562 11 506 518 10 570 581 72 725 804 6 728 735 24 767 794 9 788 798 
10 92 113 215 33 240 277 91 291 391 29 418 450 7 461 469 115 491 615 139 627 781 133 655 803 79 688 775 39 739 781 
11 83 46 139 70 88 166 128 123 268 86 357 450 50 402 457 32 406 440 56 427 491 144 519 682 51 630 686 26 753 782 2 814 817 
7 142 44 201 112 64 192 63 302 374 119 372 499 100 383 492 118 644 780 84 647 740 
18 114 10 132 67 57 131 147 88 246 50 93 146 19 116 136 9 145 155 87 170 264 116 243 368 14 294 309 87 397 493 55 536 595 22 612 635 27 641 671 27 682 713 60 743 808 8 754 763 39 774 816 8 784 793 
17 101 23 134 66 25 98 93 150 252 37 258 298 39 295 337 2 344 347 13 393 407 95 397 499 37 547 587 92 573 677 8 581 590 45 592 645 52 735 794 5 745 751 50 763 817 8 785 794 2 808 811 
11 59 47 112 135 90 236 43 145 196 88 312 408 54 369 426 127 377 518 85 467 562 122 480 611 73 551 632 3 668 672 55 755 817 
7 117 113 247 118 130 263 18 183 202 68 325 402 103 359 476 89 500 600 134 583 731 
10 93 13 112 88 159 258 98 329 435 58 432 495 8 504 513 143 653 815 40 669 714 93 692 800 93 706 808 89 711 812 
