10 294
31 97 39 145 162 91 264 44 100 149 121 108 242 28 108 139 47 123 173 86 134 228 109 151 272 11 154 166 18 195 215 98 204 310 64 277 345 156 305 477 45 325 374 31 333 368 140 336 491 38 361 403 142 417 576 120 456 586 164 477 651 27 505 533 123 552 687 126 613 754 134 615 760 58 629 692 71 704 781 35 709 747 100 739 850 46 800 851 69 820 896 10 908 919 
35 107 3 128 69 5 79 22 54 78 54 60 120 17 157 175 33 167 204 33 199 235 54 225 285 131 227 374 160 259 432 52 271 326 37 281 321 43 284 331 24 284 310 149 301 465 153 318 484 28 327 357 145 385 547 51 449 506 5 494 500 96 503 611 76 524 605 60 532 593 112 546 674 43 562 612 21 583 606 140 624 784 39 649 692 26 653 682 58 769 833 74 817 905 42 833 878 35 891 928 25 898 924 7 916 924 
30 18 3 22 160 100 285 148 102 271 146 127 283 17 153 171 91 162 263 150 252 422 59 282 345 45 287 338 113 353 477 34 358 395 5 368 374 144 373 531 34 388 425 116 399 525 41 438 484 26 447 476 32 472 508 74 523 603 117 570 700 149 576 746 22 604 628 166 676 850 54 699 759 138 743 902 33 756 793 41 783 828 3 797 801 30 854 887 23 894 919 
22 68 4 84 123 21 154 64 64 138 155 121 298 69 125 201 18 210 230 81 211 299 141 228 395 30 259 291 83 423 517 104 496 612 111 525 650 57 528 590 2 545 548 146 631 797 94 672 779 86 742 838 134 747 895 87 832 930 65 845 919 70 849 925 21 906 928 
29 169 21 203 75 89 169 16 107 124 43 143 190 154 157 325 101 187 296 25 187 213 144 202 361 131 208 358 138 258 406 135 287 439 15 287 303 71 359 438 81 360 451 85 361 456 29 387 417 138 461 614 58 504 568 6 584 591 125 598 741 74 621 702 90 637 732 5 749 755 63 785 859 21 790 813 67 826 898 75 833 916 71 851 930 2 927 930 
28 126 7 136 97 20 129 117 26 157 166 30 213 109 121 240 73 151 237 87 187 283 166 382 559 105 484 600 146 494 656 117 511 635 12 518 531 96 523 630 145 544 703 108 679 799 52 695 751 28 707 739 78 708 800 128 726 864 30 740 773 53 761 819 131 765 917 79 837 920 28 865 895 10 887 898 15 892 909 9 896 906 11 918 930 
30 114 6 137 113 104 231 65 110 181 54 120 178 117 133 263 98 155 267 33 213 247 22 271 295 117 313 438 134 343 487 107 347 466 41 434 479 93 462 564 68 468 544 60 474 538 162 484 657 68 514 589 115 553 677 93 567 669 16 577 594 147 591 749 138 627 775 30 698 731 123 700 837 92 719 823 44 730 777 10 748 759 69 755 837 3 889 893 2 914 917 
33 118 13 139 17 80 98 16 91 108 99 104 212 48 164 215 146 166 328 133 170 314 20 185 206 71 212 294 147 230 396 68 293 370 14 314 330 55 315 374 125 325 459 21 351 373 28 352 382 59 380 446 170 393 576 166 560 737 157 563 737 109 567 689 17 603 621 33 603 638 45 620 669 18 625 645 94 631 736 53 671 726 57 682 745 67 742 818 16 766 784 93 767 869 70 769 847 13 898 912 
26 115 3 136 5 5 11 42 22 69 165 42 227 115 42 173 78 48 134 85 145 240 21 173 196 45 193 243 60 282 347 59 328 393 21 371 393 74 475 553 33 496 530 150 538 711 99 586 695 142 615 778 131 616 762 124 652 789 117 664 790 21 739 761 125 751 895 97 821 927 61 827 896 36 888 927 29 898 928 
30 80 27 116 100 175 286 67 176 252 60 237 302 66 238 311 56 259 322 71 276 354 36 334 373 40 341 385 153 370 539 155 396 562 17 397 415 84 449 543 40 466 510 86 496 595 28 496 527 151 535 702 76 566 653 35 566 605 65 611 685 120 625 761 161 638 817 12 663 676 29 687 720 126 699 836 81 718 806 32 736 770 69 760 831 26 854 884 10 914 925 
