10 191
20 137 64 240 53 93 165 23 409 440 163 429 618 30 462 500 143 470 662 25 513 548 25 514 547 18 553 575 134 553 747 150 577 777 120 594 741 64 599 675 16 606 627 105 663 792 47 694 758 94 733 866 31 747 787 125 806 978 25 961 997 
16 66 19 113 122 77 235 118 104 246 67 356 445 116 408 573 103 441 572 52 441 506 110 494 638 86 521 643 116 524 665 63 525 619 141 801 992 140 839 1007 73 854 938 78 867 961 16 1016 1036 
24 113 11 144 27 44 82 147 72 277 81 98 194 77 158 253 16 161 181 87 164 279 51 222 287 144 237 411 5 262 269 43 347 405 39 355 405 100 424 568 70 443 537 49 460 525 163 486 673 153 579 761 9 583 596 79 669 780 129 679 834 143 782 956 20 878 902 22 885 913 16 997 1018 
15 113 163 316 84 250 358 110 346 514 146 372 579 16 503 526 84 521 622 124 556 740 118 576 722 57 665 739 106 709 864 84 762 871 54 876 955 25 1008 1041 10 1023 1037 2 1036 1039 
23 8 50 60 104 51 184 146 60 215 30 80 118 36 121 169 5 172 179 140 220 417 79 289 407 182 303 502 89 329 452 163 384 582 58 420 494 20 453 480 90 554 683 104 564 693 89 688 800 111 729 865 21 817 849 35 841 887 63 871 954 22 959 985 8 990 1000 25 1008 1040 
18 45 8 57 107 127 268 114 189 330 151 197 397 129 201 359 133 266 446 97 324 444 42 461 517 97 461 586 104 594 734 55 665 757 28 677 712 7 732 740 148 741 916 125 838 997 102 851 986 19 931 957 8 1022 1033 
18 32 62 108 41 84 142 110 109 263 21 166 192 2 214 217 72 296 390 45 415 482 150 469 646 129 469 636 100 472 620 139 487 662 55 501 574 126 583 779 152 725 911 13 815 830 31 844 891 14 917 936 13 991 1008 
17 13 102 119 114 181 327 134 181 377 87 329 444 42 332 405 81 443 547 143 498 681 136 552 721 96 687 798 36 705 753 159 722 923 168 743 949 11 762 776 70 833 931 62 899 978 16 923 945 40 966 1016 
22 31 9 48 67 33 120 110 52 200 22 102 131 33 170 214 100 287 419 19 292 314 66 304 389 99 343 475 71 438 527 71 439 550 28 489 528 146 604 811 40 620 666 8 642 652 52 653 728 137 673 839 41 797 852 13 894 910 54 895 964 66 915 1002 2 1027 1030 
18 58 137 207 31 167 210 105 192 340 129 282 462 10 329 342 80 384 504 59 499 582 22 660 688 127 666 830 140 716 885 144 778 970 142 781 958 97 896 1026 95 899 1009 55 949 1030 6 1004 1011 5 1017 1023 7 1023 1031 
