10 415
48 64 16 87 121 22 156 95 38 140 114 53 175 56 74 135 101 107 222 62 150 217 22 178 202 126 188 329 63 209 279 138 216 368 134 264 412 126 276 416 84 305 395 145 342 496 26 347 375 111 349 471 84 409 504 75 436 522 132 457 602 171 471 654 70 501 574 178 562 758 43 572 619 54 612 671 51 615 670 153 638 811 141 648 801 39 688 730 11 693 705 132 732 874 77 757 843 171 767 949 189 775 982 136 778 930 80 804 894 85 820 910 23 859 884 22 861 884 75 877 958 105 913 1032 80 945 1036 56 967 1029 14 979 994 12 1011 1024 12 1022 1035 12 1027 1040 2 1038 1041 
34 41 3 48 164 43 227 43 87 133 152 157 323 156 208 383 71 212 291 159 221 393 89 229 330 178 310 512 122 313 453 24 336 362 128 456 602 125 464 600 28 469 500 57 581 644 181 592 793 78 632 721 173 648 839 158 651 821 166 652 836 2 668 671 127 689 830 169 689 877 105 705 823 27 740 769 166 743 934 97 748 857 39 794 834 108 812 930 89 820 923 109 872 994 77 889 972 14 938 953 35 968 1008 
47 43 31 78 183 31 233 175 32 228 90 46 140 129 65 207 90 75 178 92 89 192 36 118 157 154 137 303 19 163 184 99 179 287 121 225 361 14 227 242 72 231 308 138 239 389 40 255 301 116 256 384 180 270 469 88 277 373 58 373 435 37 460 502 64 485 553 40 494 539 78 526 611 167 565 746 62 569 639 4 579 584 157 589 762 83 590 682 65 643 710 184 667 872 34 718 757 68 728 802 157 732 907 180 741 941 32 759 794 130 802 945 55 809 872 36 824 864 130 863 1010 14 920 936 28 924 955 45 955 1004 15 969 985 25 997 1025 39 1000 1040 26 1011 1040 
37 151 32 199 107 39 156 100 84 194 160 122 306 134 142 286 84 144 235 148 148 311 172 150 345 162 150 328 65 184 254 61 215 280 39 226 270 3 239 243 12 243 256 102 386 506 132 430 569 144 451 618 34 483 522 175 494 684 24 527 554 77 532 617 116 533 663 87 533 628 126 545 685 184 564 771 83 601 690 85 627 720 145 693 850 157 707 886 113 827 953 70 878 955 88 914 1013 22 929 953 55 956 1019 64 959 1030 9 1012 1022 7 1026 1034 
35 165 8 189 91 25 128 74 50 129 8 118 127 112 118 239 117 119 249 105 135 252 89 159 262 163 181 368 73 277 359 157 321 497 38 338 379 126 358 497 163 364 544 82 396 489 125 397 537 37 411 451 181 462 659 141 542 704 102 596 710 102 612 730 13 614 628 152 663 825 82 673 764 64 699 771 87 723 817 163 753 947 26 797 826 164 825 1012 116 829 958 46 867 919 95 881 984 100 914 1026 36 927 969 22 990 1014 
39 23 13 37 141 138 295 181 149 357 84 155 247 100 158 265 170 160 350 48 217 273 54 227 283 105 239 357 59 372 436 159 379 553 150 386 550 46 444 495 76 463 550 173 469 662 71 533 612 130 556 698 95 564 670 91 593 698 159 608 779 57 618 682 176 647 841 122 713 856 111 734 858 6 773 780 137 808 963 140 814 970 79 837 929 48 838 892 155 853 1024 3 863 867 129 863 1005 71 883 965 99 903 1011 13 909 923 33 934 969 25 960 988 31 992 1026 2 1031 1034 
43 67 4 79 102 26 139 164 64 253 16 136 153 20 145 167 179 168 370 137 203 350 135 218 361 60 246 315 59 249 316 182 251 451 10 275 286 143 309 473 180 326 519 131 377 520 35 394 434 19 406 426 172 415 613 24 452 478 80 459 554 53 460 520 48 467 519 114 485 602 59 550 615 181 585 782 6 587 594 46 600 651 158 624 792 188 627 835 92 641 748 60 649 713 158 651 822 174 707 902 60 736 803 21 776 799 61 814 881 2 837 840 109 901 1020 12 935 948 56 960 1020 30 961 995 28 988 1019 5 1007 1013 
47 31 0 34 170 5 199 116 83 209 128 135 276 131 160 304 95 168 275 81 173 263 88 228 321 79 234 321 34 267 304 42 301 348 94 301 405 72 304 384 83 313 405 61 346 416 148 364 531 32 407 442 97 408 522 44 416 464 113 428 554 179 439 640 180 485 685 10 501 512 19 505 525 106 520 632 89 545 645 48 546 598 47 569 621 92 593 695 95 614 721 22 627 651 76 630 711 182 646 845 125 735 871 20 790 812 39 797 839 78 829 917 37 847 887 68 884 960 101 897 1009 25 913 941 75 927 1009 40 945 990 16 960 978 6 979 986 23 1003 1029 5 1035 1041 
39 9 2 12 97 26 131 18 38 58 143 40 194 147 62 235 182 66 272 105 69 185 94 96 201 145 99 261 33 240 279 159 245 423 170 284 472 133 298 446 122 337 473 34 355 391 39 360 402 71 361 443 51 393 450 45 398 445 79 399 488 144 404 560 191 408 616 152 508 677 137 572 725 98 574 685 28 611 640 100 615 725 120 615 749 83 721 813 108 730 853 188 761 954 110 777 900 103 834 948 75 879 957 38 958 1001 10 967 978 42 993 1040 7 1025 1033 7 1033 1041 
46 166 58 245 152 78 252 98 81 185 5 91 97 156 95 264 2 129 132 165 183 368 157 197 363 69 262 337 144 300 455 15 305 321 39 373 415 123 394 526 33 413 448 93 425 526 20 427 449 119 465 601 161 468 644 190 477 681 86 479 573 95 492 598 83 512 602 78 534 623 183 585 786 13 585 599 64 597 666 111 664 781 58 762 825 145 771 940 8 783 792 100 810 922 95 849 957 60 854 924 155 870 1039 116 874 997 54 878 935 129 887 1033 116 899 1029 116 900 1024 26 962 990 10 972 983 35 991 1029 9 1006 1016 4 1015 1020 11 1028 1040 4 1031 1036 
