10 274
24 178 10 210 57 120 182 128 161 304 4 204 209 203 264 491 54 280 339 173 294 492 81 372 461 152 383 549 14 394 410 93 433 531 75 524 605 203 634 859 175 669 861 199 698 914 116 790 919 183 822 1019 156 826 992 111 873 995 59 877 940 133 896 1050 16 945 963 91 1027 1130 92 1049 1154 
28 50 50 102 134 54 204 172 115 301 52 142 197 38 173 216 70 226 302 49 267 321 88 271 370 171 328 517 120 338 472 119 340 469 191 348 558 182 352 545 44 365 415 143 382 538 199 548 768 18 579 599 56 585 646 60 632 697 79 650 741 48 668 721 98 749 863 211 819 1046 85 868 963 173 972 1164 30 977 1010 105 1047 1162 65 1081 1152 
31 136 40 194 149 64 234 64 84 153 21 92 114 59 124 191 81 196 283 55 241 303 30 241 275 106 253 368 131 315 457 153 319 489 89 328 426 41 337 383 141 345 496 167 362 542 101 376 487 99 406 517 46 414 464 31 495 530 124 552 690 147 553 711 92 559 668 38 624 665 5 646 652 135 720 875 21 722 746 191 790 1002 78 893 979 34 1098 1135 16 1103 1120 14 1152 1167 
28 187 15 226 156 50 229 178 110 309 182 135 332 42 197 242 148 234 389 45 254 306 96 399 505 173 422 612 20 488 510 76 559 645 166 563 745 129 655 798 171 685 884 32 760 795 92 948 1049 60 983 1050 137 1012 1166 80 1031 1121 71 1044 1120 76 1046 1129 39 1080 1124 5 1082 1088 61 1086 1155 68 1089 1161 24 1117 1144 35 1121 1158 19 1138 1160 
25 10 71 82 108 87 208 154 94 260 103 115 236 26 198 226 103 275 385 193 306 520 192 369 586 120 413 545 81 492 583 132 502 660 147 514 675 174 515 709 107 546 667 121 571 701 113 634 762 131 669 820 84 722 814 146 751 919 41 808 851 53 939 1000 8 999 1008 123 1013 1151 10 1150 1161 2 1163 1166 
36 108 32 154 22 58 83 67 83 158 62 151 217 39 178 220 66 225 296 38 227 266 139 228 380 98 316 429 116 465 599 33 498 534 162 515 691 100 543 652 191 543 748 121 554 688 164 646 823 18 653 673 102 751 865 27 759 789 112 818 938 40 836 879 196 862 1081 91 872 974 109 874 996 6 875 882 34 883 921 104 887 1003 119 888 1023 157 918 1086 28 1023 1056 62 1047 1116 6 1071 1078 12 1081 1094 63 1090 1160 2 1125 1128 6 1158 1165 
18 51 35 91 191 37 244 172 66 260 171 101 284 205 103 334 59 122 190 45 143 193 17 264 282 171 324 515 173 324 524 147 379 548 142 616 771 134 633 777 186 673 886 202 697 919 206 769 1002 100 985 1100 43 1069 1117 
30 171 31 217 25 48 75 3 154 158 46 259 310 100 261 373 32 289 323 84 397 488 182 490 703 42 505 551 117 522 650 17 535 554 141 546 700 86 630 724 204 637 851 163 641 828 123 660 799 144 705 862 17 705 724 169 707 897 178 711 905 56 717 782 61 778 843 46 791 841 77 846 931 146 859 1015 174 860 1047 108 942 1059 14 1048 1063 68 1060 1135 4 1163 1168 
28 158 65 238 60 92 153 150 175 338 67 221 298 136 222 374 42 286 332 83 318 409 116 322 453 34 347 384 77 389 471 32 409 444 84 445 536 183 491 695 106 504 622 151 511 683 163 586 769 176 692 886 75 709 791 115 822 944 190 845 1049 211 858 1091 81 911 1005 147 913 1076 111 928 1049 63 1024 1091 40 1114 1158 9 1136 1146 9 1156 1166 
26 36 0 40 22 2 25 179 8 201 136 39 186 109 187 307 171 207 401 146 257 415 24 304 332 24 366 393 166 425 614 51 453 510 17 464 483 16 507 524 41 565 609 108 612 730 198 683 913 198 693 911 45 697 750 203 707 931 96 768 872 120 770 899 137 782 935 115 870 998 139 910 1063 63 994 1062 79 1037 1124 
