10 80
8 103 72 222 28 96 141 22 578 606 125 674 877 117 773 951 59 805 911 19 1049 1088 21 1124 1159 
8 23 73 118 25 88 137 66 372 481 99 461 607 52 601 689 52 914 1022 56 990 1109 7 1137 1147 
5 43 63 138 64 251 369 111 695 926 72 696 815 76 830 940 
6 82 38 205 31 166 221 103 267 433 49 424 524 57 706 832 23 797 827 
13 83 6 141 76 13 117 42 48 114 122 155 316 14 255 276 82 370 491 27 503 552 76 579 685 14 693 712 6 703 714 24 890 927 76 1003 1110 2 1159 1162 
5 73 0 118 46 263 346 163 375 601 85 511 651 73 754 904 
10 19 46 85 70 84 175 9 331 349 31 465 507 7 471 481 8 483 502 90 602 763 119 804 993 111 811 1006 65 862 950 
9 36 107 176 89 107 283 79 202 340 137 461 642 26 586 626 117 732 887 34 777 840 30 801 858 14 1139 1161 
10 87 194 304 66 206 325 48 273 353 42 433 491 73 460 620 23 876 912 3 1028 1033 60 1068 1155 31 1088 1145 32 1119 1166 
6 34 12 75 110 81 298 82 360 487 18 719 757 95 736 844 92 990 1147 
