10 47
7 24 50 80 129 169 335 68 524 607 65 678 766 49 738 800 31 924 964 13 932 949 
4 97 72 213 104 106 248 166 541 726 17 996 1019 
6 135 38 201 119 161 295 11 162 175 49 295 360 33 483 529 71 790 890 
5 90 91 208 162 136 339 21 204 230 117 301 459 16 1005 1026 
2 116 7 169 116 145 319 
3 99 176 347 78 197 312 61 302 380 
5 151 114 298 6 191 199 26 374 408 147 471 674 17 484 508 
5 96 174 295 49 380 446 107 429 570 48 507 571 74 927 1018 
4 78 14 149 47 36 100 125 226 428 31 898 936 
6 94 94 204 73 184 283 133 710 868 64 880 975 19 939 967 12 986 1002 
