10 116
15 51 1 58 121 33 169 175 488 688 56 530 591 140 536 690 55 569 633 66 639 711 7 717 725 11 749 761 20 816 837 61 908 981 52 965 1022 21 977 1000 2 987 990 2 1024 1027 
13 44 177 225 144 211 369 187 255 457 9 477 487 62 486 556 11 493 505 148 549 715 55 596 658 87 648 746 57 686 747 21 779 802 88 787 883 49 964 1018 
12 73 259 343 50 327 378 155 469 641 55 570 630 10 654 665 80 787 882 78 792 880 140 830 981 138 866 1020 54 883 943 24 911 936 2 924 927 
13 61 7 74 67 258 332 156 362 535 133 457 597 116 463 590 127 482 617 57 516 577 175 604 800 25 724 752 50 841 897 47 924 976 41 949 994 9 1017 1027 
13 34 105 145 125 117 252 161 163 347 98 169 271 149 547 710 25 548 575 59 686 749 115 770 899 58 776 842 20 816 838 43 965 1013 22 965 991 48 972 1022 
9 127 15 156 143 62 227 138 65 228 27 138 167 110 208 338 6 275 282 21 503 525 119 644 774 29 672 703 
10 155 168 336 93 172 278 38 334 377 26 342 370 116 427 554 59 451 515 115 486 613 165 533 710 168 580 768 32 993 1028 
10 47 11 64 179 97 298 12 152 165 141 172 336 41 316 364 25 339 366 166 445 640 4 536 541 45 951 1001 40 977 1020 
14 28 125 156 87 141 233 154 149 317 2 161 164 79 202 296 45 246 294 37 295 336 91 445 550 43 450 496 96 458 566 24 548 575 75 937 1024 37 945 987 24 1002 1028 
7 99 352 464 120 482 621 132 769 916 146 787 957 151 844 1010 163 844 1026 26 937 966 
