10 93
8 155 11 200 129 36 215 163 173 384 13 313 330 101 537 666 35 556 601 63 627 725 150 698 907 
8 152 67 281 121 107 259 123 135 307 123 279 466 61 593 684 120 662 833 7 857 865 84 879 981 
9 126 124 275 143 125 310 30 232 278 149 704 899 134 817 998 56 860 947 104 882 1026 69 962 1049 58 1063 1144 
12 145 96 282 110 105 245 8 149 160 43 186 242 150 224 418 62 249 326 52 309 380 39 365 419 67 585 672 57 725 800 56 888 959 191 935 1166 
7 43 310 372 85 468 581 150 472 670 171 845 1074 133 868 1051 134 876 1053 68 901 992 
12 159 6 232 17 63 85 8 174 185 118 188 336 23 550 580 83 561 683 158 630 819 70 773 874 114 848 998 79 983 1078 13 1016 1033 5 1042 1048 
11 19 297 325 54 323 389 120 401 551 41 409 469 120 440 603 56 444 507 152 642 868 30 682 722 101 749 906 53 979 1056 9 1150 1161 
7 177 61 294 132 106 302 153 187 404 109 515 667 76 570 675 80 704 823 3 909 913 
6 103 117 274 80 172 301 16 373 393 157 473 700 137 733 891 146 761 980 
13 62 51 147 35 75 119 68 114 206 47 389 453 94 492 608 28 534 565 123 577 753 92 646 778 45 653 715 56 694 763 74 718 817 69 740 827 31 1105 1149 
