10 172
18 79 33 138 112 132 286 64 193 291 51 221 290 116 248 411 107 290 411 164 362 589 45 392 451 47 401 452 86 430 547 28 865 897 126 934 1098 175 958 1165 102 963 1127 170 999 1242 104 1056 1176 91 1072 1187 26 1101 1137 
24 74 132 236 172 199 422 25 202 233 84 209 318 75 223 316 34 391 433 69 457 536 13 471 488 81 488 590 53 489 567 156 504 695 141 588 767 20 591 619 84 629 749 43 674 732 80 690 799 168 769 970 190 817 1036 71 836 925 66 973 1056 83 981 1098 78 1033 1123 53 1177 1254 5 1303 1309 
17 202 4 259 57 139 221 68 187 275 183 209 470 14 231 250 120 239 409 77 353 446 79 402 512 103 419 555 9 491 502 117 497 656 81 642 780 165 808 1034 126 833 995 82 1093 1200 20 1241 1269 15 1271 1292 
13 7 58 68 154 118 350 101 273 433 45 288 348 125 539 712 132 667 861 98 820 951 84 830 939 72 843 940 63 875 966 167 964 1196 171 976 1216 79 1073 1160 
20 16 7 27 190 26 266 113 30 176 48 54 110 98 59 191 154 91 302 6 139 146 181 245 478 108 247 395 49 261 333 96 563 676 149 605 820 87 636 760 37 751 801 8 841 851 73 1094 1205 85 1129 1243 81 1162 1267 6 1284 1293 2 1306 1309 
13 160 289 526 188 468 724 96 565 721 73 851 941 59 997 1075 193 1008 1259 133 1052 1229 133 1054 1242 143 1067 1248 89 1069 1189 21 1097 1128 28 1180 1213 77 1181 1282 
20 111 8 155 30 122 160 56 221 292 139 353 525 157 468 715 108 485 625 80 487 589 43 522 579 8 646 656 23 670 699 111 705 864 181 802 1025 24 813 845 135 911 1102 61 993 1076 108 1022 1177 9 1077 1090 58 1103 1190 11 1248 1262 2 1306 1309 
15 46 10 72 11 65 79 121 115 285 186 163 410 155 223 441 186 264 518 105 409 556 121 517 676 69 526 626 79 620 728 123 630 789 8 636 646 89 1046 1174 68 1198 1296 14 1288 1308 
16 156 140 343 40 161 210 15 253 270 112 259 408 105 302 455 78 351 464 179 468 716 131 507 702 132 531 702 21 618 646 199 694 943 78 766 864 171 789 998 5 792 798 201 963 1220 66 1098 1173 
16 115 128 274 19 274 296 145 317 493 83 351 462 121 407 574 127 463 624 135 599 780 40 753 815 106 875 1026 76 892 980 92 939 1059 90 944 1062 73 989 1108 180 1006 1265 41 1192 1263 42 1230 1292 
