10 466
51 77 13 96 216 28 270 2 39 42 198 39 257 91 39 141 92 73 179 24 235 262 27 246 275 211 253 490 154 254 421 200 318 533 51 372 430 207 438 662 38 445 488 103 459 569 42 496 542 29 505 538 226 517 774 44 519 567 20 520 541 91 579 680 131 592 736 65 597 667 27 603 633 59 623 687 9 628 638 197 637 847 88 665 763 71 699 781 189 700 917 44 708 756 198 742 956 129 754 891 217 844 1089 75 861 943 9 898 908 8 908 917 191 938 1150 2 986 989 215 1030 1259 52 1038 1096 220 1054 1303 122 1071 1208 44 1089 1137 73 1128 1212 75 1150 1231 29 1206 1236 34 1253 1288 12 1255 1268 5 1282 1288 3 1299 1303 
49 165 1 189 13 27 41 47 114 167 188 116 323 154 143 305 239 167 428 118 223 355 22 229 253 103 247 363 15 297 313 191 308 523 63 311 380 105 329 447 21 383 405 123 404 539 207 454 683 165 462 635 152 479 644 167 480 664 28 503 534 33 522 558 83 542 632 149 618 779 85 622 721 224 630 885 162 653 828 207 656 885 18 690 710 20 696 717 69 825 903 10 829 840 4 849 854 169 945 1131 165 949 1127 25 955 981 19 971 991 16 977 994 96 999 1104 185 1011 1217 86 1020 1115 91 1036 1135 86 1081 1176 76 1113 1200 122 1125 1257 130 1154 1303 43 1240 1288 48 1242 1297 8 1243 1252 19 1261 1283 
43 71 31 108 163 39 226 59 57 122 193 87 292 220 123 366 176 145 338 219 212 471 178 227 425 138 260 415 124 277 410 15 345 361 160 393 568 18 404 423 135 423 574 82 460 545 58 551 618 6 612 619 133 649 795 39 660 703 162 691 871 193 706 934 138 753 905 166 775 958 169 782 968 11 800 812 60 842 908 222 870 1109 46 883 933 150 902 1071 186 925 1124 189 934 1147 224 1009 1251 154 1012 1177 119 1069 1207 41 1110 1153 27 1135 1165 2 1172 1175 29 1192 1225 41 1212 1256 28 1234 1265 58 1239 1302 44 1255 1304 8 1299 1308 
46 5 24 30 65 60 133 229 64 301 27 158 187 2 212 215 40 217 262 97 247 352 71 259 335 171 277 463 97 288 391 173 289 492 172 383 571 3 383 387 196 450 672 208 481 714 65 496 569 153 518 682 6 539 546 127 543 686 204 681 917 166 704 888 154 716 890 106 745 863 199 758 980 47 778 830 123 847 981 202 854 1071 204 874 1097 74 892 976 57 909 973 202 923 1136 197 945 1160 229 1023 1271 229 1030 1278 105 1049 1163 87 1083 1179 109 1089 1207 97 1119 1229 115 1134 1260 18 1159 1178 127 1169 1308 22 1203 1226 45 1223 1272 33 1236 1273 5 1246 1252 26 1273 1301 
49 134 88 234 172 98 290 57 161 224 112 179 299 41 182 229 99 274 388 51 309 365 173 336 525 65 338 410 2 341 344 77 347 431 161 375 551 60 382 448 142 395 552 238 413 669 204 478 707 62 490 558 213 530 756 70 594 672 17 628 646 72 635 718 127 648 791 43 653 701 150 673 845 70 717 792 43 725 771 207 731 956 155 788 958 172 809 1002 185 839 1040 22 885 910 79 891 977 109 929 1048 147 939 1109 78 977 1061 226 980 1233 93 1081 1184 99 1107 1215 66 1128 1200 57 1150 1212 84 1167 1259 92 1169 1274 29 1200 1233 51 1218 1275 48 1218 1270 48 1233 1287 3 1250 1254 30 1268 1301 10 1274 1285 
41 109 24 146 206 30 250 2 34 37 103 81 192 59 86 153 18 184 204 87 208 308 43 263 311 186 322 528 172 355 555 141 420 574 59 556 620 228 579 832 97 595 706 195 620 837 77 639 726 111 653 771 230 665 920 85 683 774 210 695 930 89 753 853 182 783 987 92 842 940 160 857 1034 96 863 969 136 873 1018 226 875 1123 178 937 1141 85 956 1054 38 958 1001 9 967 977 201 980 1203 122 1008 1144 205 1040 1271 72 1088 1170 37 1133 1174 53 1175 1233 40 1178 1220 16 1196 1213 29 1226 1258 11 1286 1298 
50 21 5 28 147 14 178 11 119 131 67 120 197 60 136 202 63 175 245 35 210 247 205 250 474 54 258 317 50 302 360 72 316 395 132 326 471 216 335 577 48 344 397 119 362 497 105 364 479 187 392 591 54 396 457 223 407 664 81 428 516 3 455 459 241 490 748 40 526 569 116 547 680 177 560 758 46 647 698 18 678 697 121 697 837 65 714 786 50 724 776 130 753 895 153 765 929 43 830 877 114 854 988 238 857 1107 130 885 1027 52 957 1015 59 973 1041 210 988 1214 187 1020 1231 3 1037 1041 178 1053 1252 108 1104 1224 97 1125 1226 51 1160 1216 99 1163 1273 7 1201 1209 16 1258 1276 3 1274 1278 10 1283 1294 
47 121 36 173 218 88 325 210 93 323 67 95 170 51 101 154 20 117 139 206 175 392 56 184 243 55 188 246 70 256 330 2 316 319 158 317 497 143 328 491 152 331 505 41 350 394 215 354 591 190 366 569 181 382 577 50 409 463 226 422 669 74 433 515 97 477 585 147 485 638 175 488 682 77 493 579 53 554 611 136 561 714 80 609 697 190 640 853 31 654 687 13 753 768 71 784 867 63 795 864 113 803 931 32 874 911 206 908 1120 195 932 1147 56 952 1013 163 952 1126 192 953 1161 130 981 1124 19 1062 1082 175 1074 1273 42 1178 1224 55 1178 1238 74 1188 1267 31 1254 1288 
45 50 47 103 83 69 161 225 71 315 230 120 371 82 206 294 159 209 392 116 248 375 33 250 287 59 269 331 129 313 459 81 334 426 72 348 424 127 394 537 144 401 558 210 529 771 23 532 557 223 534 788 164 544 730 224 546 788 105 550 662 53 589 646 143 602 755 204 607 830 123 659 799 71 738 814 137 743 900 227 748 994 170 779 973 62 836 907 47 875 925 53 878 935 70 893 968 74 908 991 94 924 1033 69 953 1027 229 969 1213 42 1011 1056 142 1118 1272 49 1124 1177 15 1135 1151 97 1140 1247 5 1164 1170 39 1224 1267 12 1251 1264 2 1298 1301 
45 76 2 84 160 3 187 212 16 244 70 44 119 206 54 295 186 115 311 94 124 227 126 130 270 159 148 321 74 176 260 220 198 441 210 208 448 175 216 406 48 223 276 191 224 448 160 272 445 167 316 488 33 322 359 195 348 572 38 348 388 155 540 711 132 569 729 37 578 619 204 637 869 159 638 811 114 651 776 43 654 701 35 656 695 24 702 728 169 711 886 101 780 893 198 886 1090 135 898 1044 50 946 1001 121 1032 1161 60 1099 1168 52 1125 1182 90 1131 1231 42 1171 1215 96 1178 1279 6 1241 1248 52 1249 1307 5 1262 1268 2 1263 1266 5 1301 1307 
