10 109
13 131 195 420 84 263 384 143 381 629 125 446 644 115 462 640 120 494 663 15 702 732 55 759 851 75 1057 1179 63 1122 1215 23 1225 1263 25 1237 1286 17 1254 1280 
12 149 27 218 33 113 168 132 161 400 108 445 575 29 451 519 108 584 743 92 887 1070 89 1087 1236 15 1092 1113 86 1165 1301 15 1282 1306 9 1285 1297 
10 109 183 373 61 264 400 106 293 456 16 524 551 115 589 775 94 672 818 22 826 886 167 864 1094 53 894 980 85 971 1112 
9 86 105 326 65 313 442 92 316 501 51 536 609 30 743 800 12 922 940 49 945 1040 37 1047 1108 103 1105 1288 
10 78 297 416 47 303 385 110 516 711 97 576 763 8 794 805 126 824 1024 50 966 1062 123 1007 1206 176 1075 1304 26 1224 1266 
9 83 236 422 11 537 554 133 587 816 120 657 869 68 958 1154 54 1122 1210 53 1123 1228 16 1153 1180 4 1282 1289 
9 130 104 326 85 492 647 81 723 879 44 725 816 132 862 1081 43 966 1034 30 995 1064 57 1042 1120 97 1052 1212 
10 171 18 245 93 64 238 109 91 330 89 122 280 59 130 209 75 180 334 109 498 718 11 723 738 47 788 870 56 870 953 
19 11 10 24 18 218 250 22 267 314 111 267 423 94 424 585 152 444 638 83 454 591 122 729 934 28 869 915 6 885 893 46 932 1024 6 981 990 10 1028 1040 61 1108 1186 67 1158 1296 15 1161 1204 27 1179 1230 2 1220 1223 11 1236 1251 
8 52 28 141 93 248 415 42 463 519 98 634 839 51 741 853 191 788 1035 109 898 1098 43 1142 1230 
