10 54
5 83 326 423 6 393 401 85 651 764 43 789 848 45 836 906 
5 45 158 222 63 437 532 85 593 695 65 658 740 34 679 723 
7 90 51 168 65 226 313 7 382 390 22 493 525 131 590 749 38 708 757 59 739 810 
6 31 230 267 44 295 364 79 475 584 34 587 627 55 820 908 4 898 903 
4 102 64 197 44 351 411 120 642 794 110 739 874 
8 17 77 101 11 86 100 20 277 301 47 305 369 43 341 401 17 543 566 113 728 897 24 818 849 
4 58 234 309 51 321 387 118 430 598 12 893 908 
4 131 296 468 116 556 694 15 561 583 71 615 705 
4 61 79 167 104 283 409 101 436 571 27 841 888 
7 75 4 115 38 214 261 62 429 512 154 614 796 10 865 877 20 879 905 4 905 910 
