10 275
26 84 31 122 129 59 204 71 114 191 179 182 375 167 222 409 96 248 355 67 271 343 183 289 492 26 333 363 5 337 343 29 341 374 102 344 457 90 360 462 61 552 620 123 556 691 56 568 629 97 630 738 88 643 746 169 711 894 140 829 983 106 833 951 75 839 922 5 894 900 42 909 955 46 979 1028 15 1016 1032 
28 67 26 102 175 79 270 65 104 176 112 106 238 170 136 323 99 231 341 28 239 271 35 273 311 174 294 492 164 299 485 108 313 437 7 463 471 15 482 498 104 501 613 65 588 659 57 610 673 58 623 694 106 676 794 148 870 1032 48 897 950 21 904 926 86 921 1018 44 946 995 62 949 1018 7 972 980 2 978 981 31 994 1029 4 1028 1033 
29 39 8 48 40 83 126 15 101 117 173 104 294 21 219 242 90 219 318 77 229 315 60 320 389 53 341 398 42 363 411 150 400 566 136 478 636 69 498 572 134 510 661 159 576 750 135 601 756 179 607 811 54 626 685 155 638 809 120 726 859 11 855 867 22 898 922 55 912 973 66 959 1033 21 981 1005 36 995 1033 14 1008 1023 14 1016 1031 11 1025 1037 
24 170 116 303 127 150 291 101 157 270 5 160 166 58 210 271 30 249 282 157 292 473 119 329 462 146 412 575 184 428 624 82 526 619 13 538 552 167 541 727 170 630 819 142 681 829 82 688 779 104 708 820 146 764 923 113 786 910 113 858 985 29 904 936 26 924 953 17 952 971 2 1032 1035 
27 10 72 83 140 117 265 9 130 140 142 278 429 110 404 522 107 431 542 105 454 569 111 455 582 108 514 634 79 530 622 138 548 703 125 576 715 65 610 682 195 648 855 12 672 685 111 743 867 78 760 847 163 773 950 95 825 933 161 829 1006 146 834 995 45 854 902 57 903 966 63 956 1026 47 977 1029 8 1027 1036 6 1028 1035 
27 98 37 146 69 70 148 102 78 192 81 408 499 147 409 571 110 425 546 115 442 568 162 461 635 36 482 523 30 547 581 150 596 771 182 618 822 151 649 823 41 688 732 89 747 850 67 769 845 48 769 823 37 791 832 77 804 889 40 823 868 61 895 962 59 926 993 13 968 982 8 994 1003 2 1003 1006 12 1013 1026 12 1021 1034 
32 137 66 216 30 98 132 72 163 240 110 217 334 96 219 329 33 232 267 5 260 266 28 269 299 42 308 354 38 355 397 27 371 401 45 401 452 25 410 438 137 453 605 141 485 642 61 538 603 144 553 713 159 636 808 146 641 810 64 645 720 27 652 681 107 658 777 109 706 826 51 715 770 27 738 769 144 757 919 17 804 822 64 920 989 51 948 1006 19 965 987 44 981 1028 16 1019 1036 
22 87 17 114 7 20 28 169 51 240 78 146 231 144 150 306 36 195 232 176 277 478 104 287 408 158 403 577 65 522 597 9 528 538 157 611 796 79 611 697 162 614 791 52 717 777 91 769 869 51 823 877 152 839 1020 77 844 927 32 879 916 20 891 912 61 940 1007 
36 160 25 197 18 54 73 148 62 220 61 130 200 110 131 246 19 132 153 179 169 373 143 227 382 141 241 397 148 267 423 127 275 417 117 296 423 85 303 395 159 306 483 43 412 459 47 433 482 50 499 553 62 547 615 121 565 698 33 567 602 40 576 620 28 682 711 54 682 743 78 708 792 165 788 973 52 795 850 34 881 917 59 888 952 79 924 1017 47 932 985 32 932 967 33 936 971 14 957 972 24 1001 1027 4 1022 1027 8 1022 1031 
24 125 31 173 102 111 227 110 170 293 83 205 298 151 280 457 54 463 521 114 525 648 97 535 648 34 550 586 117 564 698 32 589 623 96 594 702 100 623 733 178 626 818 82 632 724 111 699 816 93 716 818 145 728 890 143 855 1019 10 856 867 32 858 894 10 879 890 32 998 1033 29 1002 1033 
