10 123
12 130 57 201 39 159 203 91 232 329 50 246 301 146 270 429 74 289 370 117 466 594 138 573 731 75 578 658 26 653 682 7 819 827 9 903 913 
15 160 6 187 2 20 23 6 92 99 54 134 195 52 291 348 72 471 551 5 520 526 37 536 576 11 618 630 66 648 722 86 649 743 172 673 855 39 747 791 34 871 909 5 905 911 
11 137 28 179 50 39 94 131 217 364 20 276 298 60 343 408 97 374 475 69 598 673 30 611 644 18 620 639 144 667 833 66 801 871 
12 2 88 91 40 174 216 107 216 333 116 237 372 109 317 436 63 362 431 137 365 518 31 429 463 101 451 557 166 581 761 8 762 771 9 903 913 
9 153 4 178 134 48 192 83 137 226 138 158 314 48 185 236 75 276 359 53 581 639 150 594 752 54 800 863 
11 77 208 290 105 210 323 8 234 243 74 245 326 29 262 292 133 367 515 8 398 407 41 456 500 101 572 684 155 628 803 121 694 827 
14 57 76 139 59 207 271 77 239 320 28 347 378 90 434 535 11 462 474 9 586 596 9 593 603 11 605 617 137 714 869 131 744 897 64 763 834 51 821 878 28 848 877 
11 37 61 101 16 61 79 154 65 234 132 182 328 66 202 276 49 211 265 73 244 320 127 380 526 95 450 553 30 661 693 117 784 907 
17 132 55 199 77 71 156 96 151 257 22 172 195 51 197 253 110 205 322 39 234 278 78 593 676 25 608 635 5 647 653 99 672 783 91 770 870 75 795 872 5 821 827 20 869 890 10 895 906 4 900 905 
11 64 51 120 163 94 271 56 145 210 107 212 330 34 289 326 71 487 565 158 696 864 100 798 911 69 828 907 14 882 897 9 900 910 
