10 178
12 133 15 200 143 110 313 180 194 419 140 294 505 176 431 663 92 510 635 22 605 639 28 778 815 42 809 864 104 874 1004 156 933 1153 133 945 1124 
19 11 124 140 22 146 179 18 278 301 155 351 525 130 358 520 178 367 594 127 468 641 33 494 538 165 512 733 128 563 735 78 680 784 144 688 850 31 766 812 33 819 864 152 824 1007 88 843 961 64 1069 1158 45 1079 1139 10 1097 1108 
20 156 26 256 164 28 240 30 87 123 114 103 272 80 180 294 48 216 278 78 270 371 48 384 445 47 501 570 3 512 516 162 546 731 60 556 628 32 578 619 139 810 987 173 824 1041 52 975 1041 47 1011 1066 6 1017 1024 14 1091 1112 15 1106 1127 
21 76 87 180 140 103 260 13 117 134 28 157 196 52 323 394 118 325 472 130 332 507 125 341 544 55 391 461 114 427 554 145 436 631 26 584 621 104 622 758 121 688 856 125 710 860 33 800 842 40 1075 1131 5 1087 1094 15 1090 1107 32 1101 1141 14 1132 1148 
20 144 27 221 76 51 145 31 91 131 75 109 213 62 155 240 34 175 224 70 277 366 84 414 516 68 526 616 48 615 680 14 680 698 92 709 834 144 780 978 140 801 1002 51 893 959 100 914 1043 65 954 1037 53 1069 1134 13 1133 1152 3 1158 1162 
20 104 59 184 20 129 156 182 214 434 78 230 340 32 264 304 65 308 387 155 351 547 133 392 586 49 565 629 17 599 620 52 643 706 139 836 1022 27 838 877 118 910 1078 93 969 1106 13 988 1006 129 998 1161 26 1117 1151 4 1139 1144 9 1143 1154 
17 157 71 271 117 72 234 7 202 210 156 209 385 18 316 340 153 398 615 170 418 647 182 645 874 19 701 723 40 714 765 90 738 847 96 744 872 65 801 908 75 825 940 45 1024 1086 11 1143 1156 14 1145 1160 
14 120 9 179 25 169 204 160 295 521 105 308 468 181 350 561 28 473 513 63 503 613 103 750 882 100 949 1090 99 963 1117 91 968 1090 93 997 1108 10 1125 1139 12 1140 1154 
13 141 98 277 131 151 327 129 187 365 154 233 440 144 325 510 102 430 572 149 459 640 142 636 835 65 742 840 181 814 1035 3 847 851 77 915 1017 96 1005 1122 
22 10 52 65 118 54 227 79 100 206 101 106 231 53 263 331 107 366 500 62 383 460 81 443 554 78 446 560 101 561 691 62 634 736 3 651 655 19 672 697 119 728 881 125 736 872 82 798 902 85 816 914 122 837 1002 48 897 963 6 956 963 26 1005 1034 19 1091 1115 
