10 65
8 7 360 373 118 432 626 35 461 511 13 481 505 48 601 671 62 712 880 5 781 791 79 798 960 
7 27 139 183 97 256 414 96 356 510 106 783 964 109 814 990 74 822 934 5 1015 1022 
11 52 52 123 147 96 290 58 140 227 36 153 206 5 301 309 75 510 607 16 572 603 10 671 684 73 823 930 104 868 1012 54 947 1033 
6 107 391 569 113 480 649 92 709 874 28 846 881 55 876 986 20 988 1030 
4 116 133 333 67 214 345 69 601 733 92 608 745 
5 31 237 301 14 428 452 81 553 728 63 651 789 84 655 792 
5 89 92 270 127 296 500 114 545 728 51 699 776 38 831 901 
9 106 14 215 60 41 132 9 269 288 16 392 416 62 588 681 12 677 701 83 711 851 70 781 914 18 982 1007 
5 30 260 311 90 437 609 118 501 650 52 741 835 89 859 1030 
5 80 199 360 77 202 313 56 396 510 59 768 884 48 782 878 
