10 428
43 77 5 93 24 10 35 198 17 237 125 36 174 203 90 307 127 112 250 168 125 318 181 136 335 59 147 210 201 163 387 193 200 421 102 259 370 187 294 492 197 297 516 67 305 380 129 314 461 28 327 357 15 382 398 164 401 591 37 472 511 2 547 550 28 560 590 89 574 672 47 584 634 144 637 792 19 646 667 37 654 698 185 703 905 197 708 929 198 730 956 5 730 736 119 734 863 178 755 949 21 762 786 78 800 886 33 806 842 61 900 967 48 901 954 51 1003 1055 123 1011 1155 100 1014 1125 56 1093 1155 4 1155 1160 
53 32 27 62 41 62 106 183 67 267 194 76 284 205 150 366 89 173 273 106 187 303 21 187 210 84 197 290 120 222 349 177 227 424 198 256 475 207 306 531 134 306 454 32 322 356 29 345 376 5 376 382 27 378 408 55 387 450 15 434 450 53 455 509 52 498 557 2 503 506 78 529 615 33 544 580 15 556 572 124 568 709 56 580 639 56 642 704 69 716 791 23 733 759 90 734 831 103 737 854 110 745 873 205 750 977 143 785 945 176 786 971 4 791 796 201 804 1031 99 878 991 159 884 1051 137 891 1039 64 900 974 37 903 944 198 912 1129 142 977 1140 29 993 1023 53 1024 1083 40 1033 1077 30 1055 1088 23 1072 1097 65 1073 1145 19 1103 1123 
44 69 49 124 32 79 114 184 88 298 43 91 137 203 97 319 205 124 356 115 130 257 37 208 248 178 211 404 161 256 432 192 282 495 202 313 533 129 327 465 130 367 512 80 382 469 97 399 506 94 408 515 164 439 625 200 439 657 122 440 571 21 466 489 130 490 630 31 553 587 202 622 852 15 688 704 141 722 879 74 724 809 119 757 889 67 771 847 156 788 961 121 841 972 141 893 1053 151 913 1078 77 973 1058 86 1008 1107 13 1011 1025 80 1037 1126 40 1071 1116 37 1076 1115 5 1091 1097 13 1111 1125 10 1114 1125 42 1116 1161 10 1143 1154 
46 152 26 197 147 40 203 90 63 162 103 81 191 131 160 305 74 171 254 56 173 235 39 184 226 31 185 220 24 223 249 165 251 443 132 298 442 157 322 498 87 336 429 81 366 458 197 373 582 134 401 554 92 408 510 47 415 466 108 426 546 27 470 500 155 485 652 115 550 679 193 562 780 28 610 642 146 612 774 141 615 771 93 643 745 148 719 879 68 722 793 206 744 972 58 750 813 132 782 930 124 804 940 53 870 929 82 880 967 29 922 954 81 931 1018 73 953 1035 77 967 1055 117 968 1094 4 995 1000 69 1014 1088 25 1057 1084 34 1058 1096 64 1059 1128 
38 194 6 219 134 8 165 115 42 172 194 54 280 8 117 126 34 167 203 180 254 453 52 257 315 146 317 479 51 323 381 121 358 491 111 405 529 191 425 634 119 447 575 79 447 533 193 485 692 100 498 611 151 529 688 197 556 770 125 571 705 127 580 725 56 630 693 185 637 852 147 641 794 203 685 915 191 728 931 21 748 771 80 767 856 66 793 863 148 830 989 103 903 1017 180 923 1121 167 955 1139 62 968 1038 146 979 1136 118 1009 1140 5 1013 1019 9 1119 1129 
40 181 1 202 95 14 116 22 37 61 12 51 64 73 74 157 137 88 239 68 115 192 128 154 297 199 197 418 179 231 420 180 299 498 19 306 326 86 353 446 122 417 555 151 438 602 208 460 689 79 464 556 161 477 658 114 477 609 59 483 550 126 508 653 157 508 674 77 520 609 74 553 633 65 580 654 48 597 651 9 616 626 153 624 807 198 669 895 129 745 891 61 781 845 107 819 941 44 831 880 151 843 1007 124 861 999 49 993 1047 74 1073 1154 66 1080 1152 59 1081 1144 11 1125 1137 
39 130 30 178 138 43 201 93 46 146 113 55 179 189 70 275 74 82 166 48 149 201 59 213 277 78 225 311 178 264 459 150 328 492 99 339 444 151 342 504 45 378 429 50 447 503 140 465 621 172 465 661 16 479 496 162 486 664 75 541 623 146 546 698 150 586 752 197 595 819 82 652 743 109 692 814 184 703 905 39 731 775 117 777 906 150 809 982 100 858 971 194 882 1099 184 890 1090 70 943 1020 62 962 1028 131 970 1117 136 980 1136 31 999 1033 3 1026 1030 45 1111 1159 
34 82 3 93 156 100 270 160 121 297 133 144 294 49 166 219 68 201 275 214 216 447 203 324 546 163 344 531 44 349 398 77 428 512 56 453 515 194 457 672 166 460 641 56 503 565 157 531 704 157 541 716 196 547 767 159 548 730 182 579 791 73 612 692 157 620 795 125 622 759 166 686 879 182 716 913 157 716 886 133 802 949 113 811 935 190 864 1069 46 922 973 8 946 955 85 1004 1100 88 1008 1107 24 1112 1138 
50 209 4 230 66 54 126 23 54 79 146 73 233 193 98 306 169 170 362 175 177 373 144 276 437 180 282 476 41 402 447 149 431 604 186 506 710 68 530 606 202 544 769 70 558 637 59 559 622 9 566 576 160 568 744 71 599 676 72 620 698 170 644 831 44 658 707 50 682 736 90 708 809 99 709 821 95 723 826 60 750 815 87 760 855 93 767 875 64 784 859 194 793 1011 43 806 854 126 811 951 147 819 981 27 890 920 169 941 1128 34 966 1005 59 987 1053 114 987 1114 39 1032 1074 76 1036 1119 44 1054 1101 3 1079 1083 11 1082 1094 22 1133 1157 9 1136 1146 13 1144 1158 2 1146 1149 3 1148 1152 9 1150 1160 
41 134 61 218 30 126 157 166 128 312 120 154 283 116 159 291 149 168 333 46 173 222 33 181 217 15 195 211 78 196 284 32 206 241 180 221 419 97 269 376 24 277 305 11 290 302 124 330 469 183 361 579 115 404 534 192 407 619 159 413 588 121 414 553 28 425 455 182 453 655 18 486 505 131 517 662 134 579 724 143 611 777 11 644 656 22 660 685 105 738 851 34 811 846 194 825 1048 58 855 915 105 894 1009 154 901 1073 170 908 1103 4 912 917 117 949 1080 95 1010 1111 92 1022 1125 4 1032 1037 
