10 100
9 36 347 414 151 432 657 98 601 821 97 642 837 59 703 818 103 850 1023 36 1008 1072 15 1109 1132 5 1135 1142 
9 88 94 312 98 157 312 21 259 304 24 463 507 75 499 637 86 624 752 146 685 910 68 842 993 19 871 907 
10 76 35 169 73 52 156 120 61 240 123 178 376 136 425 616 72 429 569 153 754 976 9 796 809 69 928 1020 14 987 1005 
8 132 69 287 94 86 266 59 151 266 122 348 561 11 396 412 139 520 744 51 624 706 3 1157 1162 
11 134 303 520 69 370 462 56 418 538 85 452 603 34 579 632 125 614 795 151 641 870 64 663 768 31 1092 1147 41 1098 1146 28 1099 1147 
13 28 87 134 141 140 346 110 183 381 38 319 378 132 388 595 86 672 794 105 776 915 24 901 954 37 1056 1126 35 1068 1134 9 1083 1099 22 1095 1127 11 1107 1123 
8 43 123 192 146 143 369 103 290 512 56 445 513 118 556 785 21 668 712 91 676 829 50 839 917 
9 57 201 329 20 417 447 107 512 702 139 568 766 82 856 1038 119 865 1050 24 916 953 56 981 1090 14 1040 1062 
12 145 94 262 56 141 228 84 346 488 93 591 760 106 624 789 44 670 731 63 779 909 131 838 1061 89 878 1007 18 941 974 5 1106 1115 6 1143 1152 
11 74 45 150 10 129 144 96 180 343 170 377 608 18 396 422 170 426 646 156 431 655 44 565 660 106 605 785 12 627 645 69 756 875 
