10 115
15 62 60 134 145 218 401 65 233 335 14 326 344 48 452 515 29 606 643 125 613 778 49 622 681 99 665 795 71 722 815 24 734 760 84 893 1003 43 978 1033 2 1001 1004 2 1034 1037 
10 136 32 211 17 83 108 140 243 438 48 282 350 95 355 482 109 430 576 105 443 567 54 517 591 12 639 655 81 689 795 
15 2 37 40 72 72 171 31 85 123 60 220 313 28 248 292 148 379 568 29 384 424 76 512 618 7 561 569 40 704 758 115 716 872 142 854 1033 55 941 1010 20 997 1023 5 1018 1024 
12 101 87 233 126 91 245 132 117 283 135 133 324 90 146 276 70 301 397 9 383 393 9 567 578 39 609 659 41 902 954 11 937 951 30 939 978 
10 117 217 388 56 368 448 84 432 551 93 442 558 142 573 758 25 644 677 108 725 861 39 752 806 30 823 862 96 861 1008 
8 120 12 161 154 87 288 37 455 499 105 774 928 134 794 972 151 812 1013 32 919 963 66 947 1034 
8 134 54 233 145 239 419 32 272 314 133 293 490 47 631 695 93 738 893 71 848 946 24 868 898 
10 41 177 231 128 289 478 18 435 459 123 541 693 92 657 797 85 765 885 90 771 890 23 791 819 68 906 995 47 916 997 
13 37 26 69 125 101 244 14 124 142 151 190 384 140 217 386 71 256 349 66 299 388 7 332 341 2 367 370 110 570 726 14 693 711 99 791 925 152 828 1017 
14 117 81 234 11 109 122 105 137 263 27 143 177 82 157 268 115 173 322 9 427 441 70 483 579 17 570 595 46 577 647 159 765 961 103 791 915 127 806 985 9 974 988 
