10 445
43 83 15 109 106 24 142 107 68 183 171 164 354 226 185 424 136 193 342 214 197 428 65 295 365 82 353 443 80 390 478 241 421 699 213 475 718 104 486 602 6 519 526 15 574 590 81 580 670 109 597 717 34 614 652 105 690 812 156 770 943 110 775 896 19 778 800 176 831 1026 94 856 962 49 891 943 90 907 1006 47 926 977 240 945 1206 240 989 1251 248 1000 1268 72 1071 1152 197 1093 1316 205 1093 1317 137 1133 1292 43 1133 1180 215 1177 1410 20 1178 1200 64 1210 1283 111 1230 1355 84 1247 1340 132 1253 1396 22 1365 1389 13 1426 1441 
49 91 65 165 80 131 219 21 275 298 84 295 387 252 312 586 232 316 568 6 330 337 65 341 416 210 352 573 166 373 559 261 447 732 61 486 556 3 526 530 91 604 705 245 606 875 238 667 930 28 822 852 21 827 850 190 832 1044 83 842 937 13 842 856 247 879 1157 8 892 901 106 931 1042 253 974 1261 94 977 1078 131 987 1131 257 995 1263 7 1019 1027 24 1023 1049 100 1043 1153 79 1046 1135 64 1051 1122 202 1068 1293 65 1110 1182 23 1116 1142 210 1153 1380 170 1195 1382 107 1204 1328 182 1230 1428 79 1232 1320 75 1247 1331 77 1261 1346 75 1273 1356 121 1282 1413 34 1336 1374 5 1385 1391 19 1394 1415 4 1423 1428 
51 107 12 123 80 50 136 50 65 118 240 67 331 33 67 102 58 105 168 36 125 164 101 159 272 131 166 310 41 168 212 116 250 376 52 281 338 70 293 373 255 336 615 197 368 589 192 416 635 2 478 481 160 498 683 30 504 538 156 526 698 16 529 546 29 540 572 158 571 747 63 574 642 138 578 730 124 668 805 165 702 891 167 712 900 161 728 908 15 744 760 130 812 951 123 882 1019 130 889 1031 251 896 1177 79 957 1045 231 962 1205 186 994 1200 28 1009 1039 123 1022 1154 127 1027 1174 26 1044 1071 13 1134 1148 3 1180 1184 110 1202 1325 178 1247 1440 109 1262 1382 7 1407 1415 12 1416 1429 16 1426 1443 13 1430 1444 4 1435 1440 
47 10 64 75 233 78 334 260 101 377 41 112 157 118 127 257 27 130 160 184 197 403 204 256 491 196 341 554 231 380 636 194 380 600 55 404 464 200 415 634 5 430 436 39 495 539 143 580 735 84 689 780 154 720 886 23 729 754 47 736 787 259 737 1024 189 738 939 207 820 1048 92 873 977 96 1062 1164 90 1062 1165 166 1066 1252 42 1074 1119 232 1115 1368 240 1132 1396 97 1139 1248 27 1142 1171 2 1143 1146 204 1179 1396 163 1197 1385 79 1199 1285 128 1232 1375 103 1247 1357 8 1267 1276 37 1277 1317 81 1333 1425 68 1349 1425 63 1374 1444 46 1382 1434 20 1418 1440 8 1435 1444 2 1441 1444 
36 128 29 170 178 31 234 225 33 281 70 37 115 191 117 330 218 123 366 9 203 213 129 215 355 253 332 607 174 400 592 68 406 482 9 499 509 108 535 654 209 592 827 133 671 817 51 687 741 213 758 1006 169 773 952 84 785 877 123 891 1027 152 929 1100 191 934 1149 202 944 1179 18 1016 1035 130 1123 1271 125 1144 1284 209 1148 1388 203 1151 1379 112 1190 1317 108 1198 1314 3 1211 1215 135 1260 1412 72 1277 1354 26 1277 1305 93 1301 1409 6 1432 1439 
41 99 44 155 180 70 276 26 123 151 128 148 293 121 266 401 258 367 649 85 391 485 260 418 702 53 432 490 152 440 601 153 493 660 35 500 538 59 512 577 129 590 734 226 658 910 151 720 883 193 741 947 219 779 1026 171 781 969 110 808 929 234 828 1088 221 830 1070 149 839 1005 215 871 1106 139 884 1034 4 891 896 47 911 963 121 920 1055 45 943 992 37 946 987 195 962 1182 184 1028 1236 171 1152 1343 65 1158 1231 162 1167 1364 70 1203 1279 48 1295 1346 63 1346 1417 21 1417 1439 5 1418 1424 6 1437 1444 
50 78 45 129 56 52 113 15 77 93 131 225 365 127 252 386 51 349 404 85 401 495 262 417 704 50 434 489 51 439 494 155 458 632 93 504 610 191 521 736 235 552 816 86 562 655 139 595 749 7 630 638 77 669 757 198 723 953 47 732 782 211 755 986 13 763 777 255 802 1087 94 831 933 221 849 1092 162 862 1039 85 882 977 42 883 928 39 901 943 100 903 1015 24 925 951 259 939 1217 123 963 1102 173 977 1165 136 989 1131 53 1000 1057 34 1043 1080 184 1058 1256 105 1058 1175 98 1076 1186 55 1108 1168 116 1126 1261 149 1143 1307 114 1159 1281 121 1271 1407 57 1361 1426 61 1371 1441 33 1380 1415 36 1382 1422 16 1425 1442 
42 7 79 87 191 99 307 142 137 293 190 139 352 169 218 405 98 218 327 19 237 258 219 301 547 190 375 584 168 450 638 145 485 646 123 561 698 186 573 776 5 578 584 129 590 736 154 598 772 185 629 832 243 652 912 98 653 762 139 719 868 145 740 897 31 744 779 187 787 994 228 802 1051 213 843 1080 19 910 930 80 1019 1106 184 1021 1223 55 1103 1162 25 1130 1156 218 1143 1370 238 1143 1410 159 1182 1354 121 1233 1371 89 1254 1352 171 1256 1440 113 1285 1413 76 1314 1398 4 1361 1366 74 1362 1441 7 1434 1442 7 1435 1443 
43 103 33 147 214 36 276 158 42 221 71 76 156 52 105 161 38 131 173 33 133 169 199 148 366 22 176 199 37 219 261 76 240 328 210 250 475 75 260 343 78 321 404 79 352 436 253 366 651 118 411 544 175 422 611 39 458 501 171 480 665 171 598 784 85 630 728 18 779 799 46 789 838 153 835 1002 150 904 1073 169 931 1131 168 941 1131 77 979 1068 224 1017 1264 140 1028 1191 114 1035 1160 179 1069 1259 162 1098 1272 197 1103 1327 257 1112 1395 36 1161 1198 29 1170 1203 134 1193 1333 123 1214 1357 38 1242 1285 32 1390 1425 19 1412 1433 
43 19 6 26 195 28 238 164 99 290 247 170 451 92 196 296 16 236 253 147 265 425 206 270 507 39 289 333 50 298 356 70 322 395 245 349 626 120 388 523 214 413 653 11 422 434 216 426 673 155 429 606 106 489 604 165 599 773 120 610 737 83 634 726 256 661 941 240 745 1021 242 803 1063 75 806 892 68 835 909 117 857 985 27 863 892 148 874 1044 46 919 967 113 976 1100 38 1019 1061 228 1058 1308 217 1094 1343 144 1167 1319 57 1183 1248 166 1227 1404 31 1259 1292 6 1284 1291 55 1381 1442 18 1397 1416 2 1432 1435 2 1438 1441 
