10 278
26 49 38 94 222 260 509 105 347 464 138 405 555 155 411 582 26 492 520 73 562 640 181 667 878 133 720 869 202 729 953 187 741 942 200 808 1032 194 847 1052 197 893 1116 4 904 909 70 907 983 69 948 1022 66 1023 1100 86 1068 1161 90 1074 1175 33 1089 1124 75 1092 1173 97 1099 1206 111 1165 1290 26 1234 1263 2 1286 1289 
32 167 5 191 177 42 233 156 58 235 83 61 149 26 126 155 11 257 269 64 260 332 30 277 310 64 278 347 200 308 530 182 336 535 193 513 734 181 517 707 237 521 775 66 572 645 61 574 641 135 651 798 171 675 874 152 819 983 20 851 872 23 889 913 3 899 903 180 1002 1211 131 1059 1199 104 1097 1217 27 1103 1132 43 1113 1157 22 1128 1151 11 1137 1149 116 1141 1269 7 1146 1154 16 1213 1230 
26 74 24 106 7 72 80 55 139 199 91 222 325 96 233 338 153 315 482 126 323 460 183 345 540 120 370 509 173 381 570 153 382 548 121 413 556 31 511 546 73 737 816 100 755 865 149 781 945 214 857 1098 155 872 1047 226 884 1132 201 979 1211 136 1032 1179 47 1054 1108 64 1137 1205 113 1155 1276 33 1184 1220 63 1207 1277 
28 166 74 251 41 102 146 171 210 402 204 218 444 175 343 536 40 381 425 220 392 638 103 407 523 84 441 538 241 447 700 78 465 551 111 473 598 221 497 744 200 622 836 73 706 787 98 718 827 17 791 809 84 862 954 8 875 884 243 959 1215 38 1015 1057 114 1029 1156 118 1032 1163 95 1042 1146 125 1148 1285 65 1159 1228 14 1256 1271 2 1285 1288 
27 22 39 63 161 39 221 163 53 231 8 243 252 175 392 594 75 402 488 148 424 584 142 493 650 192 543 739 29 586 618 157 588 766 4 686 691 126 853 991 148 903 1067 146 914 1081 53 939 996 46 959 1009 221 972 1223 66 975 1049 174 987 1181 160 1016 1204 92 1053 1154 37 1071 1112 80 1134 1222 71 1141 1219 71 1182 1260 24 1245 1271 
25 89 32 130 133 92 239 201 146 368 54 154 214 126 245 384 174 275 469 188 287 498 212 349 585 106 355 471 23 533 558 72 534 615 180 548 751 139 658 823 121 705 843 52 736 794 84 837 927 126 844 986 27 952 982 79 958 1045 44 1007 1054 151 1039 1213 142 1120 1274 30 1129 1162 56 1183 1244 5 1222 1228 
25 81 97 188 27 125 154 122 150 284 164 302 480 108 311 431 225 313 571 108 329 452 188 368 572 4 420 425 68 492 569 228 594 847 86 602 700 199 725 945 120 762 900 117 764 892 106 799 912 67 831 904 107 852 968 215 888 1114 59 941 1010 113 1040 1165 194 1053 1266 74 1077 1159 61 1181 1246 31 1195 1229 
35 10 19 30 152 64 231 14 149 164 117 166 297 180 173 371 110 232 355 36 252 291 41 264 307 14 453 468 161 484 672 201 493 707 199 501 721 11 523 535 123 527 668 140 555 709 210 619 846 233 637 885 41 668 714 89 682 780 122 708 845 77 749 831 82 754 848 25 781 808 6 920 927 47 926 977 13 934 948 169 1042 1231 109 1044 1164 66 1048 1121 62 1077 1145 2 1177 1180 80 1178 1268 67 1181 1255 33 1223 1260 20 1259 1281 
26 166 115 296 194 139 364 155 255 428 7 270 278 66 328 400 28 408 438 158 530 706 127 546 677 131 619 766 179 631 835 64 666 741 87 715 806 60 750 813 190 752 967 131 824 968 141 840 991 189 896 1105 27 928 957 143 998 1153 154 1022 1193 144 1036 1196 187 1044 1256 102 1149 1262 38 1190 1230 16 1242 1259 30 1254 1286 
28 8 33 42 22 84 108 173 120 304 189 158 373 214 162 399 85 166 260 204 212 446 46 392 442 30 486 519 204 574 801 85 601 692 187 665 865 62 774 841 203 830 1054 73 838 920 63 845 914 94 849 958 223 935 1187 123 952 1090 126 1046 1184 204 1071 1285 109 1091 1210 118 1109 1235 6 1119 1126 84 1144 1239 21 1235 1259 22 1256 1280 8 1263 1272 
