10 164
16 130 4 163 64 44 128 121 55 222 100 90 242 58 295 397 141 420 628 197 666 925 210 764 1033 68 846 927 6 896 904 123 978 1156 173 978 1193 86 1024 1142 93 1181 1304 17 1412 1432 4 1437 1442 
10 113 77 254 189 171 410 181 482 711 187 493 761 157 517 774 198 564 842 81 667 790 40 932 979 134 974 1149 129 1063 1213 
19 28 131 167 176 200 446 164 366 569 23 440 472 130 479 647 102 486 635 172 492 723 78 492 591 109 585 730 134 765 932 148 796 1013 88 800 921 122 1085 1248 12 1186 1201 73 1327 1416 28 1333 1368 16 1378 1399 13 1390 1408 4 1420 1425 
17 107 130 277 12 218 234 156 289 495 153 611 821 157 619 826 20 728 760 94 760 889 48 790 870 200 806 1061 96 831 962 178 833 1055 198 861 1119 3 931 936 179 1004 1232 133 1088 1244 74 1263 1358 15 1285 1305 
17 213 54 316 69 130 216 108 150 291 150 240 422 83 368 477 222 370 641 204 394 653 122 545 702 64 582 675 53 611 675 141 625 810 109 905 1051 205 1123 1374 92 1152 1285 15 1214 1235 91 1308 1422 7 1393 1402 
17 66 30 125 54 37 108 120 104 261 185 217 485 141 283 434 189 311 549 86 578 709 132 639 814 127 659 842 148 713 894 155 743 967 26 1012 1046 25 1051 1082 76 1069 1171 196 1094 1327 193 1204 1435 35 1315 1358 
15 228 284 561 157 296 520 17 351 373 123 405 586 71 407 505 54 478 546 127 484 674 141 492 685 199 685 932 158 811 1051 209 873 1113 43 1082 1135 13 1097 1112 182 1163 1377 17 1348 1372 
15 149 98 287 124 183 345 121 223 410 50 239 306 95 363 492 155 522 735 42 528 588 152 664 870 42 758 810 90 851 976 184 906 1147 139 1213 1408 124 1251 1424 27 1381 1420 13 1387 1401 
19 209 38 310 92 62 192 174 87 298 142 275 471 50 276 341 48 358 435 14 501 520 5 666 672 161 779 976 166 799 1049 8 935 945 145 1097 1285 81 1113 1211 200 1124 1372 65 1212 1293 171 1223 1416 101 1223 1366 47 1320 1379 18 1374 1397 
19 96 96 214 159 191 412 85 496 605 36 614 661 200 655 910 37 661 710 81 711 829 127 797 973 72 810 902 30 840 881 74 936 1050 180 993 1247 56 1050 1120 3 1145 1149 163 1169 1387 27 1170 1206 86 1220 1343 12 1421 1436 15 1424 1441 
