10 124
10 169 80 263 173 334 522 70 466 542 40 474 518 91 514 612 42 681 727 202 690 907 119 694 829 160 838 1015 102 895 1007 
9 18 79 98 183 378 579 180 419 625 199 518 745 20 553 575 198 562 773 84 747 838 127 892 1028 38 896 939 
17 73 41 121 46 174 223 51 182 239 2 254 257 200 266 485 82 268 357 52 340 397 154 437 610 64 439 510 83 522 611 2 633 636 72 635 713 28 739 769 18 771 791 123 782 921 64 850 920 8 1075 1084 
13 32 66 101 191 78 290 53 112 167 69 186 259 70 354 433 91 475 580 24 482 508 59 506 569 76 587 673 148 734 897 60 797 865 155 915 1085 14 930 945 
9 151 125 293 121 209 341 46 352 403 183 390 589 200 509 727 152 555 721 125 708 844 158 779 956 82 830 920 
14 99 40 149 169 113 302 23 210 236 79 331 416 46 333 383 45 508 558 33 598 635 162 648 829 173 676 866 155 755 925 48 877 929 29 1090 1123 9 1095 1105 2 1101 1104 
16 67 17 89 3 52 56 98 58 160 135 70 217 134 89 234 148 214 374 35 368 405 82 375 467 31 396 428 174 475 669 28 562 591 75 819 905 66 834 909 22 845 870 37 1027 1067 32 1084 1120 
13 143 68 228 28 81 111 59 256 320 163 351 525 95 478 580 176 505 701 123 513 651 76 686 763 162 709 886 144 744 902 64 819 892 64 979 1050 13 1121 1135 
10 17 24 42 148 159 328 122 196 337 103 489 607 170 496 681 68 710 786 118 785 915 128 870 1014 119 927 1054 36 1028 1069 
13 77 3 91 182 65 267 2 92 95 45 127 176 11 379 391 26 418 447 172 458 645 116 459 590 120 533 661 150 573 737 40 602 646 66 782 856 138 884 1034 
