10 76
6 90 267 389 107 385 599 73 538 667 22 553 587 119 582 802 36 1235 1286 
7 96 236 388 33 278 359 35 312 382 118 836 1029 191 939 1184 8 1122 1134 37 1174 1256 
12 19 62 82 89 307 455 2 448 451 24 503 541 79 602 715 139 683 915 46 712 782 120 821 996 52 953 1019 8 958 972 179 1025 1279 5 1124 1131 
10 122 82 304 28 97 140 71 115 217 39 859 929 102 900 1036 62 966 1054 47 1001 1094 22 1103 1142 23 1205 1241 3 1245 1250 
6 94 133 329 65 185 316 20 367 401 53 497 608 118 686 920 15 742 764 
6 82 132 251 105 269 432 127 722 958 104 879 1089 39 915 974 5 1232 1239 
4 102 195 420 121 473 704 86 932 1059 39 1199 1277 
5 165 216 448 40 544 604 83 769 931 76 1058 1257 40 1216 1282 
10 4 202 211 26 202 251 29 225 275 103 246 421 179 340 588 26 344 409 136 730 959 15 840 869 14 893 919 24 1166 1204 
10 61 32 117 166 281 522 179 289 545 61 783 868 43 984 1047 50 987 1067 27 1005 1039 62 1020 1102 56 1027 1147 27 1216 1288 
