10 103
9 85 296 400 99 429 543 77 598 702 182 620 856 198 791 1034 138 817 985 156 842 1059 130 973 1153 54 1136 1201 
9 182 255 491 75 321 422 54 471 540 156 686 885 93 697 811 181 773 1028 112 860 999 165 915 1129 36 1001 1051 
11 90 83 200 122 100 257 85 116 233 122 252 408 135 329 537 19 519 542 38 812 862 158 902 1098 42 1040 1096 72 1134 1231 57 1193 1269 
12 92 18 139 42 358 422 48 602 664 172 702 924 157 730 922 2 785 788 94 834 974 142 938 1131 58 958 1048 98 1094 1204 122 1126 1281 2 1131 1134 
13 22 73 106 211 98 347 145 179 356 204 236 480 5 374 380 113 459 635 165 635 849 112 840 990 8 843 853 15 899 917 182 1047 1274 89 1120 1227 27 1192 1226 
10 74 11 102 54 76 149 112 118 265 115 248 397 187 254 512 17 585 608 121 739 931 140 909 1105 19 1014 1039 29 1052 1093 
10 138 202 369 126 275 457 111 322 458 60 676 755 191 743 995 7 846 854 167 954 1174 124 1031 1198 67 1115 1213 17 1206 1230 
8 174 34 266 176 51 290 189 117 344 43 124 182 97 246 377 132 375 567 74 643 764 24 938 968 
11 134 1 173 21 117 144 57 263 339 11 338 352 131 596 764 154 613 821 100 790 949 134 831 998 87 1150 1273 43 1192 1255 29 1229 1266 
10 172 62 314 104 65 179 110 91 254 80 242 365 156 660 889 18 705 727 27 896 931 203 909 1165 37 1003 1053 22 1008 1038 
