10 114
10 15 1 25 194 30 307 148 54 309 172 109 396 11 217 234 72 889 1028 37 999 1108 153 1043 1309 22 1399 1439 7 1431 1440 
8 92 38 185 41 305 378 104 481 695 131 516 693 132 586 820 140 631 896 93 993 1187 29 1339 1376 
12 57 212 328 53 319 444 65 527 634 85 670 865 89 677 800 129 796 1007 80 815 954 166 991 1230 64 1038 1128 2 1087 1091 8 1308 1318 11 1425 1441 
11 29 130 172 171 236 497 161 294 534 182 338 591 76 649 733 79 802 947 144 990 1267 29 1017 1067 53 1174 1283 34 1259 1315 39 1262 1315 
11 38 69 128 92 87 284 57 299 388 78 382 502 102 475 618 143 488 752 44 542 664 110 542 720 51 696 791 44 1315 1421 19 1329 1363 
10 78 60 202 94 69 200 140 70 330 154 85 362 70 491 618 12 670 703 32 812 864 112 958 1154 72 1137 1275 57 1310 1390 
12 18 31 72 11 134 153 91 290 443 117 324 504 159 597 855 27 844 893 109 873 1039 79 1034 1192 124 1156 1391 10 1341 1360 38 1364 1426 11 1409 1428 
12 22 95 130 146 98 310 181 163 426 42 317 380 7 465 473 102 509 644 111 654 858 86 749 898 184 771 1054 157 922 1148 92 923 1096 25 1354 1406 
14 134 41 224 180 160 436 114 229 378 32 263 321 152 399 605 129 450 658 40 492 550 78 553 710 96 712 867 8 1181 1193 87 1196 1323 7 1325 1336 23 1336 1382 2 1410 1415 
14 132 358 537 85 380 518 61 389 489 30 514 565 33 554 599 140 600 809 83 844 1001 134 852 1107 156 914 1120 70 992 1112 16 1009 1033 26 1254 1298 88 1309 1423 15 1338 1360 
