10 56
5 132 226 406 80 278 380 40 292 347 52 950 1021 29 1072 1116 
8 58 375 453 147 581 781 6 679 687 95 679 807 95 781 908 82 793 889 24 836 867 11 996 1011 
4 56 174 249 106 552 695 68 752 864 120 890 1055 
5 125 207 371 129 216 383 108 274 408 34 367 413 17 478 498 
5 183 41 261 103 571 694 14 633 650 162 737 941 86 770 902 
7 76 24 109 33 208 248 133 260 439 93 286 433 62 559 638 39 650 699 47 1024 1083 
6 50 241 313 72 324 413 39 557 608 108 627 778 95 805 923 36 1024 1072 
5 132 52 209 63 117 200 192 254 474 7 557 567 133 857 1029 
5 28 106 141 112 201 365 193 570 793 43 778 840 26 1083 1114 
6 73 343 425 105 429 570 16 668 690 51 853 928 93 943 1065 45 1009 1066 
