10 71
9 9 324 336 97 501 671 82 517 626 112 544 693 93 617 768 5 737 744 137 799 984 30 977 1026 2 1048 1051 
4 12 95 115 137 266 439 109 335 548 99 554 755 
9 18 23 46 18 264 306 55 486 578 15 486 502 96 523 694 82 630 756 79 641 782 45 780 835 7 968 980 
4 91 38 208 138 287 493 95 422 613 119 688 897 
6 84 26 195 88 103 226 86 150 279 69 270 373 84 279 403 40 719 798 
7 43 93 159 17 108 133 8 174 189 47 294 384 96 326 482 126 470 664 71 687 801 
6 115 146 325 68 150 237 92 245 377 27 288 329 103 463 664 22 493 536 
10 23 73 111 48 87 160 117 161 373 11 167 183 39 198 279 40 327 410 23 585 615 10 608 630 23 644 683 4 1046 1052 
8 30 202 260 62 223 338 76 336 456 136 619 817 82 671 848 36 746 807 3 799 804 73 938 1041 
8 3 147 152 91 259 417 4 419 425 107 484 630 129 540 741 98 712 892 6 960 974 41 985 1062 
