10 197
17 112 57 200 92 128 270 147 150 336 24 180 214 56 229 296 28 299 339 173 308 521 162 379 592 79 507 622 89 561 692 145 716 899 193 732 963 79 935 1037 99 952 1072 12 1009 1025 44 1028 1091 26 1131 1168 
31 102 82 236 23 170 201 29 285 318 60 288 359 71 327 419 43 394 457 102 460 577 121 479 636 88 497 606 39 501 548 64 560 634 189 688 914 22 692 717 23 697 729 184 745 984 53 819 890 59 838 915 41 879 932 136 903 1064 2 913 916 49 1012 1075 68 1020 1118 3 1033 1037 32 1076 1115 11 1151 1164 10 1152 1164 29 1153 1189 11 1177 1190 7 1186 1196 2 1190 1193 2 1196 1199 
18 127 123 286 178 248 473 19 444 465 142 485 660 96 538 680 23 592 621 156 638 846 76 676 780 152 718 914 9 721 733 55 784 857 76 882 967 134 894 1072 85 941 1049 106 994 1140 63 1042 1123 3 1088 1092 9 1160 1172 
22 73 150 236 61 215 303 82 220 346 2 349 352 75 388 493 141 475 656 92 482 592 135 484 699 147 491 679 208 530 762 3 549 553 150 549 718 129 579 739 52 688 756 139 707 870 90 737 849 78 934 1038 90 1032 1148 16 1047 1068 7 1147 1156 8 1186 1196 3 1189 1193 
18 157 93 273 25 135 166 168 151 370 30 357 396 130 401 574 171 403 634 58 508 580 122 573 748 169 577 806 183 677 897 22 720 751 27 743 786 13 761 778 84 876 980 39 876 924 123 904 1054 31 1095 1135 17 1119 1144 
16 66 30 112 41 143 195 166 222 430 75 251 336 157 272 485 135 353 540 162 353 572 52 607 678 67 829 921 137 855 1032 59 975 1060 159 982 1191 67 988 1081 69 991 1081 9 1078 1088 39 1147 1196 
23 29 87 124 5 93 100 52 144 214 14 176 196 89 197 294 31 219 266 3 221 225 165 317 521 155 400 633 32 601 645 167 627 866 99 661 799 48 691 750 150 822 995 28 829 860 68 838 921 68 845 924 143 876 1061 133 998 1174 55 1053 1135 38 1054 1105 70 1108 1197 5 1193 1199 
17 55 9 80 117 109 268 29 141 177 158 309 477 126 355 530 6 450 458 54 465 552 98 541 689 103 671 783 72 835 950 159 972 1176 93 974 1130 120 999 1166 32 1075 1119 72 1102 1194 26 1109 1141 9 1113 1125 
18 119 41 183 37 94 146 29 105 151 113 109 247 73 152 264 85 336 433 63 388 465 62 435 526 39 461 509 116 525 672 130 575 753 162 579 784 123 614 768 146 626 807 15 663 682 176 664 902 35 789 830 23 834 868 
17 15 218 240 35 319 362 137 357 521 139 449 634 95 463 590 86 468 569 105 538 692 25 603 637 156 650 850 147 663 899 86 785 898 101 871 997 6 888 896 186 936 1159 58 1122 1197 23 1145 1174 6 1181 1190 
