10 48
5 21 101 129 42 224 281 84 420 534 14 475 493 133 618 790 
3 79 154 249 84 256 369 115 621 788 
5 139 12 188 47 472 537 77 748 847 52 805 872 6 902 910 
3 29 386 426 109 515 653 109 545 716 
5 85 125 239 47 240 300 102 243 403 86 368 471 45 550 612 
5 34 113 157 56 233 307 115 575 702 68 645 724 120 746 910 
5 37 225 279 88 488 604 8 586 597 133 737 897 100 748 881 
6 34 212 253 99 258 388 76 368 458 90 383 490 50 683 741 63 794 878 
6 92 477 607 11 729 744 77 797 910 32 867 919 3 928 932 4 933 938 
5 111 190 337 117 195 351 19 337 361 37 836 883 8 910 920 
