10 107
12 28 17 79 150 49 275 128 58 245 39 95 159 93 136 272 19 248 280 11 319 343 151 331 565 6 364 375 70 713 822 70 785 901 6 970 981 
11 132 47 240 170 198 411 125 278 474 144 550 776 136 653 857 145 794 985 129 935 1104 9 1032 1049 48 1062 1129 11 1084 1101 8 1162 1176 
8 69 170 375 115 491 684 137 565 781 9 633 649 58 671 757 113 807 1003 58 1051 1153 13 1115 1133 
11 61 210 301 159 289 518 111 333 515 172 452 665 98 485 675 4 708 714 112 730 948 8 964 976 38 1075 1166 12 1174 1189 2 1180 1183 
12 112 373 576 98 545 684 11 550 564 97 557 737 42 687 791 60 726 844 58 891 979 28 958 1002 87 1011 1134 8 1026 1038 42 1114 1185 4 1193 1199 
12 75 4 154 154 6 236 59 34 138 42 359 437 128 427 616 85 430 586 15 552 581 57 625 707 67 748 851 15 1067 1089 13 1076 1100 12 1120 1143 
11 59 148 229 105 234 396 110 298 463 3 345 349 75 450 576 101 509 692 111 606 806 10 668 690 124 951 1135 45 1060 1127 13 1175 1196 
7 107 286 507 89 663 819 82 672 803 30 845 889 89 984 1162 97 998 1168 54 1019 1122 
12 33 12 66 98 55 236 94 145 284 23 159 191 92 207 348 131 342 534 103 527 709 70 837 932 110 864 999 39 897 946 24 930 971 35 1051 1098 
11 46 105 187 139 291 496 163 337 551 90 343 478 109 399 529 57 497 586 103 722 910 114 788 960 53 940 1017 64 1038 1165 5 1172 1179 
