10 420
46 85 17 108 103 28 142 192 188 403 129 204 345 20 208 230 218 232 461 196 246 478 43 286 332 122 297 434 33 303 340 52 305 359 129 312 455 133 312 457 23 333 358 145 345 514 187 353 553 140 365 521 37 369 411 190 392 612 115 446 580 14 467 482 127 535 673 204 546 762 220 595 832 53 612 670 213 615 854 80 635 724 2 667 670 152 748 913 188 765 962 52 781 839 9 815 825 42 816 863 99 867 976 91 890 990 28 952 983 65 994 1067 93 1009 1114 139 1027 1176 77 1046 1132 64 1047 1118 128 1055 1193 31 1073 1107 71 1104 1181 30 1155 1187 2 1195 1198 
45 105 42 159 96 55 163 150 60 231 172 72 260 212 77 305 93 79 182 186 84 298 99 121 233 104 167 282 82 203 295 78 220 307 71 222 300 82 224 315 59 232 294 164 243 430 4 248 253 5 256 262 140 259 419 83 349 436 88 363 460 209 365 598 169 380 568 159 394 574 163 398 573 108 405 522 19 452 472 146 560 715 153 636 804 163 708 887 6 764 771 132 858 1002 142 859 1018 196 867 1092 149 903 1062 94 928 1030 26 947 975 55 970 1028 62 975 1043 57 995 1058 28 1019 1050 82 1050 1139 116 1055 1182 11 1157 1169 12 1160 1173 4 1186 1191 
40 201 0 229 107 58 174 188 113 318 193 132 339 153 172 348 191 183 399 187 207 415 16 222 239 35 225 263 165 338 517 209 350 570 34 415 453 182 426 625 57 445 506 81 457 548 112 476 599 38 504 545 42 522 568 194 541 752 127 562 707 35 589 627 17 599 617 189 611 824 158 659 838 156 742 912 129 749 888 215 785 1023 28 816 847 133 818 965 132 831 984 9 840 850 145 878 1043 23 879 905 15 895 911 193 939 1146 157 984 1155 120 987 1114 158 1024 1194 64 1074 1145 76 1112 1195 
43 63 27 95 88 45 145 89 63 165 190 102 321 169 162 346 28 166 195 145 190 347 141 218 371 164 231 415 137 251 412 177 261 453 29 300 330 207 340 568 73 359 437 90 467 567 204 523 745 176 549 746 25 568 594 165 620 799 51 626 684 206 657 880 7 658 666 23 694 719 73 718 799 137 720 867 12 733 746 187 781 979 58 794 857 68 805 879 127 823 957 91 849 947 174 874 1077 53 878 938 69 901 975 163 926 1122 203 975 1198 121 995 1129 42 1026 1072 128 1027 1161 88 1030 1129 94 1070 1173 2 1082 1085 9 1114 1124 
37 141 1 156 135 18 167 120 44 171 147 137 301 26 182 211 10 205 216 190 281 490 144 302 458 189 311 528 44 315 365 215 315 550 204 336 564 137 347 500 186 391 593 136 398 544 36 399 437 6 410 417 104 438 551 210 442 669 183 523 734 89 619 721 214 707 938 159 712 890 8 723 732 91 739 842 137 774 923 194 838 1060 93 852 958 146 853 1017 124 855 987 158 916 1097 116 948 1070 173 971 1160 149 1034 1199 32 1097 1131 41 1105 1148 4 1192 1197 
42 103 63 179 15 82 98 94 92 200 21 113 135 151 144 306 190 154 379 190 158 364 145 214 373 69 318 396 125 363 501 210 388 617 15 435 452 91 440 544 176 458 645 190 467 684 149 496 657 8 529 538 105 540 654 213 606 844 32 636 671 97 657 762 193 660 876 28 707 737 142 714 872 24 738 765 46 759 812 174 820 1002 138 843 995 204 899 1136 150 939 1102 217 955 1192 176 985 1173 143 1029 1186 70 1041 1118 58 1043 1104 39 1043 1087 16 1087 1104 96 1092 1198 31 1096 1131 36 1120 1160 49 1131 1185 9 1179 1189 
43 21 14 37 52 65 121 88 106 203 104 121 234 116 128 257 22 172 196 159 189 359 33 194 231 139 206 358 202 223 455 2 226 229 61 241 309 115 291 422 27 343 373 29 347 378 173 359 547 142 377 529 206 412 645 40 413 456 77 430 515 133 433 586 13 446 460 43 446 494 160 460 648 144 516 671 96 518 626 192 567 780 192 584 810 32 614 650 161 621 806 56 646 706 80 661 750 31 713 746 24 774 800 89 815 911 171 873 1064 148 937 1091 111 947 1070 125 958 1099 176 966 1159 8 984 993 75 1086 1167 51 1111 1170 
44 103 3 122 88 46 141 112 77 199 166 108 285 74 127 211 14 201 216 204 241 463 158 249 426 207 260 486 57 286 349 178 305 493 214 386 623 212 387 617 101 411 521 99 471 582 154 530 701 62 596 666 57 599 660 145 605 766 55 616 677 161 642 820 36 665 704 80 666 754 117 679 808 162 700 875 20 705 727 121 709 841 125 789 925 184 806 1012 21 836 859 146 855 1013 170 882 1065 195 955 1173 139 963 1120 179 970 1175 41 981 1027 80 1064 1151 75 1067 1152 23 1125 1150 16 1145 1163 43 1149 1198 15 1160 1176 16 1182 1199 8 1186 1195 
39 112 68 198 199 102 330 75 102 186 131 108 257 61 112 179 152 118 289 153 150 316 147 152 309 38 176 217 113 277 401 160 325 498 78 329 419 38 330 371 167 366 548 177 369 570 191 385 587 190 489 690 63 537 606 122 544 676 131 573 722 209 594 820 57 599 662 216 642 881 2 649 652 105 662 782 118 676 808 27 693 722 217 722 957 116 773 899 224 798 1030 108 912 1031 60 950 1014 140 966 1120 164 969 1153 66 977 1049 127 1020 1166 113 1022 1148 8 1132 1141 14 1181 1196 
41 40 53 96 4 95 100 35 155 195 180 170 371 130 171 311 111 191 312 130 208 359 195 227 450 157 257 425 113 314 439 129 373 521 114 379 508 73 389 473 11 448 460 165 497 673 194 525 742 202 549 764 83 561 652 30 577 610 100 617 730 93 628 735 202 640 868 26 666 694 78 676 764 68 703 777 105 872 994 173 896 1096 205 899 1123 86 910 1007 63 949 1018 47 965 1018 113 992 1120 149 1009 1173 118 1030 1161 45 1032 1083 103 1045 1158 45 1051 1101 77 1056 1138 29 1145 1177 14 1176 1191 4 1194 1199 
