10 278
26 10 56 67 182 119 327 69 155 235 65 165 236 126 224 366 166 250 428 108 354 470 147 370 539 78 371 455 139 374 528 37 435 475 84 473 568 123 481 617 149 557 725 152 611 781 46 688 737 97 702 812 12 721 734 82 738 832 105 826 947 117 880 1012 22 929 954 115 937 1060 65 989 1061 26 1016 1045 21 1036 1058 
27 58 70 135 83 101 194 179 157 358 161 159 333 146 191 354 175 216 414 127 227 369 57 237 300 48 279 332 151 318 481 168 410 605 49 427 483 94 500 605 35 511 550 70 512 590 127 550 692 40 628 672 12 670 683 118 670 795 64 727 796 181 737 941 71 782 859 99 887 994 161 895 1068 26 993 1023 48 994 1049 5 1063 1069 
27 74 17 102 71 59 135 93 217 315 104 246 359 158 306 478 30 357 389 107 380 502 147 391 557 67 424 497 77 461 543 156 477 658 26 479 507 23 500 525 9 527 537 193 536 745 12 644 657 48 651 705 169 685 877 106 699 820 127 703 839 161 729 906 69 798 871 148 816 986 23 881 905 121 904 1035 51 929 987 39 1020 1064 
30 183 55 255 27 66 95 62 72 140 24 75 100 102 88 202 151 89 257 63 112 180 107 139 257 113 167 298 70 216 293 173 258 441 188 282 483 34 402 439 124 411 551 17 479 497 44 504 553 157 517 689 11 532 544 96 533 633 135 602 751 61 605 670 30 644 677 189 762 965 163 766 950 97 781 893 170 830 1015 54 841 902 65 922 994 43 959 1007 8 1032 1041 
29 6 19 26 124 43 178 94 72 179 80 86 174 75 142 225 84 219 311 128 231 375 166 296 484 154 342 516 162 367 543 25 390 418 162 393 568 49 440 494 150 576 738 109 618 744 58 624 686 45 626 676 181 729 929 171 751 948 124 756 892 59 794 862 60 815 884 21 816 839 167 829 1008 6 834 841 89 858 954 35 1008 1045 13 1052 1066 7 1061 1069 
26 89 3 103 169 52 240 71 64 144 124 67 202 94 163 269 66 208 281 107 223 344 138 316 478 74 322 409 148 331 492 65 331 406 163 356 539 47 368 421 190 399 607 77 468 554 39 498 541 20 570 592 126 620 760 11 682 694 50 726 780 20 738 759 176 758 950 113 760 885 124 845 979 6 1062 1069 6 1062 1069 
27 75 8 91 139 14 172 158 25 195 48 68 121 119 74 203 58 99 161 74 115 196 8 142 151 97 150 259 199 220 432 180 231 427 178 250 451 17 261 280 114 382 512 138 401 555 120 438 570 34 447 485 117 624 756 57 647 713 125 719 862 117 746 881 19 761 782 151 890 1050 82 936 1026 27 980 1010 29 1024 1056 7 1057 1065 
24 128 6 147 181 28 229 168 109 296 38 131 173 107 131 254 23 131 155 51 170 223 64 171 243 144 212 372 91 283 386 176 287 478 17 296 314 149 315 481 167 348 523 13 424 438 161 533 709 151 541 703 3 555 559 36 591 632 50 705 762 191 728 941 186 739 953 84 946 1039 59 967 1033 
28 66 28 100 44 50 99 133 84 236 143 104 263 29 107 139 188 154 359 34 191 228 49 231 285 184 239 437 166 307 490 130 370 513 101 396 507 14 398 414 142 499 660 194 543 754 62 551 623 128 630 774 108 657 773 188 719 932 113 770 889 162 789 961 147 835 998 38 937 979 6 969 976 50 993 1048 12 1003 1016 48 1016 1067 18 1037 1057 
34 15 48 64 30 55 89 80 161 249 32 232 268 146 241 403 124 253 398 62 307 375 175 325 524 18 347 366 184 403 600 184 426 621 103 444 561 45 559 610 145 577 739 162 612 788 19 649 669 124 701 835 40 739 782 87 747 839 117 750 882 59 756 820 163 763 944 26 781 809 91 814 914 19 823 843 14 831 846 95 861 967 5 902 908 15 966 982 59 970 1033 50 971 1029 8 973 982 14 988 1003 6 1028 1035 
