10 116
11 32 18 64 144 68 252 5 113 119 155 159 367 170 219 430 80 309 421 86 515 622 20 559 585 92 588 703 78 781 880 184 858 1065 
8 100 316 454 117 486 659 151 493 665 108 706 865 16 736 760 98 797 932 11 832 845 154 839 1047 
11 118 104 260 41 233 284 22 249 277 108 288 450 120 299 451 69 336 458 48 360 423 101 709 850 4 733 738 142 788 955 26 823 855 
11 161 93 289 127 106 274 111 125 287 127 162 313 2 225 228 13 397 412 37 598 642 117 607 772 77 726 828 93 816 933 14 1043 1063 
12 168 7 214 75 79 181 101 126 251 34 255 300 52 322 385 127 511 698 113 532 672 23 702 729 48 772 842 130 852 1036 29 877 916 16 948 969 
11 81 4 127 117 47 198 89 57 170 77 65 166 22 266 295 160 415 628 53 490 560 66 825 908 73 876 977 35 926 976 17 987 1011 
12 70 71 168 66 108 216 79 250 354 108 345 473 6 377 384 25 434 466 140 536 726 158 601 802 62 602 681 27 785 820 75 947 1043 34 990 1032 
13 92 14 136 142 61 253 39 103 160 116 184 338 97 239 365 69 300 389 15 301 319 90 517 653 69 582 669 6 586 593 87 628 739 13 647 663 18 1030 1056 
12 152 265 446 142 268 476 16 274 297 65 288 393 66 308 389 112 405 535 86 420 541 31 567 611 92 653 759 65 723 807 67 741 828 25 1037 1065 
15 177 35 248 140 65 229 42 130 184 102 224 350 55 372 444 19 401 427 96 462 602 49 628 691 116 758 900 14 800 817 151 827 1026 40 890 946 10 921 935 30 1028 1069 7 1045 1053 
