10 127
12 87 0 91 60 76 143 100 264 379 162 330 514 45 368 418 160 415 586 82 437 531 63 472 544 71 493 571 99 692 804 20 826 848 16 852 869 
16 96 27 134 78 105 188 155 124 288 139 210 367 74 228 310 55 241 301 95 274 383 2 402 405 135 405 553 84 610 703 59 665 731 16 666 683 15 672 689 2 856 859 18 864 883 15 921 938 
14 60 40 105 107 64 186 29 94 125 41 435 482 100 493 607 115 507 636 43 615 664 98 641 749 124 691 834 69 709 785 8 755 764 25 761 788 30 909 942 11 929 941 
14 43 66 115 162 80 258 84 114 203 161 173 346 29 284 314 150 406 572 77 463 547 59 482 545 79 499 584 47 615 666 49 616 672 25 723 749 79 837 929 65 861 932 
11 54 24 83 110 28 148 158 30 211 136 98 245 19 128 149 144 167 327 156 419 592 65 550 622 15 611 628 98 702 810 9 905 915 
13 108 39 164 122 226 361 134 238 386 87 573 667 159 581 755 6 716 723 161 717 890 97 749 853 31 781 815 62 827 896 48 837 889 11 922 934 14 923 938 
12 142 40 198 125 286 422 42 346 392 74 372 455 39 380 422 124 497 632 156 594 764 37 624 663 136 720 874 21 774 796 96 782 887 18 921 941 
9 131 38 180 27 167 195 138 179 334 131 232 379 89 255 347 139 586 736 79 667 755 112 723 849 115 743 871 
15 85 56 151 40 273 316 93 299 398 85 352 444 11 404 416 117 461 590 124 470 604 52 536 594 10 551 562 74 651 731 36 654 694 50 678 734 146 742 904 29 743 774 56 863 925 
11 88 336 436 144 431 589 50 433 488 117 440 567 9 447 457 148 479 642 54 626 685 157 655 827 119 693 825 29 705 736 11 926 938 
