10 69
7 81 31 169 36 226 303 8 366 383 94 497 686 38 576 640 48 640 704 8 808 821 
7 39 391 503 37 510 567 140 775 967 70 842 1026 53 887 999 3 901 905 14 986 1009 
4 92 153 332 131 254 458 31 898 987 78 934 1052 
8 18 181 211 42 294 388 91 328 496 45 384 495 60 914 1004 9 917 932 11 1008 1022 4 1058 1066 
8 19 184 209 84 504 622 20 697 750 75 726 857 5 727 735 47 818 896 91 848 1002 55 965 1061 
8 143 145 345 56 198 286 64 391 474 51 394 473 120 421 622 57 423 497 59 617 701 8 904 917 
6 75 80 203 93 130 268 77 182 303 85 335 491 57 639 754 45 834 899 
7 141 40 219 66 195 337 84 491 609 55 588 679 34 602 659 4 812 818 67 908 1069 
7 46 76 182 31 92 133 40 264 319 112 284 468 66 518 650 34 564 619 61 755 862 
7 71 194 315 34 371 432 4 522 527 59 628 730 80 673 804 48 776 882 57 830 910 
