10 434
44 159 28 208 95 59 163 230 83 315 94 150 256 198 155 363 205 169 397 163 207 392 51 212 266 130 250 392 71 264 341 141 278 432 9 312 322 158 325 496 196 369 585 178 467 666 104 467 582 31 527 561 178 555 763 42 561 608 153 566 733 120 583 719 210 602 839 105 667 780 8 678 687 39 689 732 57 714 781 46 755 804 165 762 940 188 786 993 56 788 850 28 794 824 221 819 1056 53 842 900 26 873 901 174 885 1077 82 902 991 173 1006 1198 124 1035 1167 80 1037 1123 45 1095 1145 55 1123 1183 46 1133 1184 59 1134 1200 34 1167 1204 
41 188 4 207 102 15 127 73 110 192 93 113 216 179 186 380 127 231 368 190 257 458 151 267 436 29 290 321 193 380 590 161 407 598 159 408 579 134 417 564 14 464 480 125 515 658 90 587 688 149 609 768 63 617 686 164 636 820 35 640 678 133 645 795 163 696 880 125 728 864 159 768 941 97 771 878 218 778 1017 28 808 838 84 824 919 64 832 899 172 837 1024 92 884 987 199 886 1107 86 895 986 191 925 1135 191 949 1160 126 978 1116 41 1028 1074 90 1036 1134 41 1111 1154 12 1129 1142 11 1189 1201 
41 23 17 42 195 41 243 106 117 230 14 133 149 214 150 389 175 177 371 142 216 375 122 316 449 43 334 382 122 339 470 113 341 464 212 360 592 115 364 488 131 406 557 91 440 543 114 455 591 113 463 583 182 496 693 110 518 642 154 527 698 154 548 716 18 601 621 69 620 697 126 692 835 107 711 840 26 712 741 156 768 937 118 840 968 209 841 1072 137 843 998 21 890 913 191 937 1151 184 953 1161 189 987 1193 33 1000 1034 24 1012 1039 67 1057 1132 119 1060 1185 2 1113 1116 32 1116 1151 3 1117 1121 
46 199 12 232 145 14 177 81 68 159 104 88 206 81 176 264 55 200 260 96 216 324 193 328 539 112 341 463 80 365 453 141 372 528 42 396 442 97 405 508 157 414 589 171 436 622 170 511 696 133 513 664 13 528 542 153 529 702 71 547 625 12 576 589 144 611 768 174 620 817 147 620 780 52 686 741 4 738 743 51 743 798 134 746 899 4 791 796 62 821 890 89 851 948 211 852 1074 145 891 1052 135 896 1050 188 932 1143 52 942 1000 171 943 1142 39 980 1023 4 1070 1075 17 1079 1097 67 1096 1170 61 1119 1187 40 1135 1178 24 1143 1169 22 1143 1167 42 1162 1208 
50 85 31 123 60 63 131 84 74 169 48 130 180 101 159 270 175 202 405 70 244 324 23 245 269 41 277 323 59 290 355 173 337 528 95 349 460 122 363 489 56 380 443 55 459 518 186 473 687 17 484 503 115 512 638 61 515 585 129 553 703 126 569 710 119 584 716 39 595 640 184 603 810 121 607 744 197 608 822 163 626 807 168 630 814 115 653 775 128 659 799 85 664 756 99 668 778 191 673 873 14 673 688 41 682 728 12 736 749 26 755 784 148 846 1007 5 855 861 91 879 980 111 881 1003 97 912 1016 132 975 1123 143 1001 1160 37 1020 1060 102 1058 1164 50 1088 1143 45 1117 1167 7 1184 1192 7 1194 1202 
43 151 0 166 84 2 94 111 14 131 68 66 143 128 86 237 13 89 103 122 134 267 189 139 349 132 159 301 32 181 215 140 185 341 166 204 388 151 236 404 73 315 399 212 318 556 149 422 582 20 482 503 98 483 589 70 525 601 84 550 648 171 558 743 94 581 687 213 586 825 110 601 722 88 650 750 77 689 776 156 777 945 122 797 935 84 804 900 179 835 1042 216 851 1089 10 878 889 27 887 916 147 892 1051 132 895 1038 188 958 1166 73 1011 1091 13 1015 1029 51 1073 1128 15 1103 1119 24 1147 1173 18 1166 1185 2 1189 1192 
36 60 73 139 13 103 117 105 171 285 207 177 412 106 188 306 48 200 252 95 248 353 75 262 352 144 263 427 155 281 461 27 292 321 149 302 475 149 385 552 91 401 501 80 416 506 129 420 565 113 438 561 111 445 566 178 466 665 161 498 673 115 516 648 203 530 759 164 557 740 97 573 680 42 597 641 176 702 902 159 710 896 213 783 1020 31 785 818 58 793 861 117 1021 1150 132 1055 1201 52 1061 1119 52 1084 1142 95 1087 1195 19 1185 1206 
47 137 12 169 36 59 98 106 111 227 129 112 258 151 172 338 125 203 341 92 251 355 44 323 374 171 355 544 16 393 410 156 398 563 143 423 578 197 431 649 53 438 496 171 480 671 15 506 523 143 511 668 72 520 595 36 574 612 219 589 826 146 690 848 190 698 906 40 700 745 48 712 765 153 725 895 7 741 749 64 753 823 29 759 789 211 810 1044 191 877 1095 31 883 917 29 894 926 136 912 1056 190 920 1127 153 924 1092 116 954 1080 136 969 1113 200 995 1205 29 999 1032 173 1012 1205 114 1013 1138 66 1015 1090 159 1021 1193 19 1086 1107 54 1148 1205 21 1178 1201 12 1193 1206 
42 37 6 48 155 22 195 212 35 261 207 87 325 96 149 249 90 203 309 126 214 353 167 274 458 105 281 393 54 311 373 151 349 514 49 354 409 169 360 544 198 365 593 133 378 528 178 396 590 185 459 665 103 462 573 125 481 616 150 500 668 161 558 734 204 582 810 183 591 794 11 643 655 184 649 840 187 739 949 72 747 826 104 769 884 145 872 1027 5 881 887 69 918 991 40 960 1003 46 983 1033 89 992 1089 34 1022 1060 48 1057 1109 92 1099 1203 22 1108 1133 66 1129 1204 11 1148 1160 17 1158 1176 2 1206 1209 
44 114 4 128 186 7 210 31 72 107 173 80 280 91 202 305 107 246 368 188 275 485 92 347 450 144 349 509 177 352 544 187 363 560 74 373 454 24 419 445 42 455 502 106 470 587 189 470 680 97 519 627 145 522 681 7 549 557 135 551 702 77 593 679 42 611 656 115 663 790 92 672 779 211 682 909 53 687 748 77 731 823 213 737 974 136 810 955 65 829 899 60 851 915 206 861 1082 6 895 902 50 919 974 84 927 1021 120 938 1063 222 938 1177 52 989 1046 164 1015 1199 100 1072 1184 23 1078 1102 17 1145 1164 15 1193 1209 2 1206 1209 
