10 47
4 99 0 157 123 321 483 90 574 710 37 589 632 
5 92 7 121 15 271 288 126 303 481 125 347 497 32 752 791 
5 108 80 233 2 176 179 85 789 928 65 820 911 7 907 916 
4 118 67 233 125 375 543 92 480 603 8 843 854 
5 66 68 155 131 224 387 112 251 390 22 658 687 51 850 915 
5 57 276 353 78 430 519 57 511 588 100 583 715 61 673 748 
3 72 194 292 50 449 523 99 497 646 
5 97 236 359 44 246 305 9 588 601 76 767 897 9 915 926 
6 51 64 136 141 71 250 116 588 761 107 643 772 6 752 759 3 930 934 
5 29 4 45 126 53 226 39 138 198 27 866 901 50 880 950 
