10 106
13 9 8 18 97 112 222 121 326 468 65 335 404 107 456 579 30 467 500 69 578 654 61 680 747 80 710 796 91 805 907 5 884 890 27 915 945 22 922 948 
11 130 26 175 63 122 191 123 152 292 84 198 287 110 300 420 107 349 470 124 355 488 23 559 584 96 646 751 72 769 850 3 942 946 
11 104 7 117 38 194 237 131 289 433 163 408 584 112 438 559 79 537 624 34 541 579 165 551 736 27 552 581 106 672 789 18 794 813 
9 156 57 229 136 64 212 54 156 216 110 191 310 98 210 320 142 256 413 108 326 445 86 418 517 95 816 919 
13 15 509 525 88 594 689 146 633 796 136 655 806 152 661 825 103 709 817 131 757 898 56 770 833 4 771 776 102 787 896 16 813 831 33 854 891 34 885 923 
9 109 81 202 120 131 268 126 299 440 135 406 557 18 574 594 108 736 856 80 757 843 74 817 897 39 907 949 
9 95 218 325 135 354 504 79 379 465 36 455 495 171 554 742 129 619 760 161 677 855 9 702 712 109 814 933 
11 158 31 202 61 130 194 106 296 413 138 316 468 14 324 339 31 337 371 142 354 513 137 522 676 84 757 849 9 849 859 11 915 927 
10 92 58 162 26 59 88 109 272 396 138 299 451 115 346 481 63 404 472 146 560 723 69 815 890 9 924 934 20 929 950 
10 71 14 94 15 154 170 156 184 372 13 329 343 155 361 527 64 393 461 139 422 569 7 603 611 143 630 791 53 861 920 
