10 121
11 54 350 423 105 428 605 99 480 640 65 654 797 7 706 718 23 727 769 131 830 1041 111 1010 1198 61 1084 1171 31 1157 1205 15 1168 1192 
13 62 165 289 106 318 480 8 332 344 31 370 442 49 450 516 7 720 729 101 832 1015 75 943 1064 122 943 1161 7 964 975 10 1042 1057 40 1126 1184 19 1166 1194 
13 71 282 388 106 307 453 137 310 514 105 540 692 81 658 791 15 775 795 100 785 967 64 816 933 11 905 927 50 917 1020 68 969 1069 35 1087 1134 10 1180 1198 
13 20 96 122 154 292 494 132 298 488 92 480 657 64 484 617 50 503 575 109 872 1005 72 1056 1166 55 1098 1188 56 1108 1194 16 1111 1139 22 1138 1187 12 1184 1201 
18 3 136 141 45 150 237 8 163 177 111 218 396 31 305 372 24 625 659 87 673 818 128 708 921 166 714 908 36 796 846 133 824 1007 9 1002 1013 24 1032 1090 6 1051 1061 58 1098 1192 11 1131 1149 15 1180 1201 5 1195 1201 
12 90 123 280 70 349 463 112 559 737 62 559 649 22 565 605 40 631 690 95 642 800 104 663 839 51 686 770 120 995 1138 6 1029 1038 24 1140 1185 
12 134 206 391 36 380 441 21 385 416 15 471 503 47 616 714 9 620 636 125 662 813 138 700 940 75 916 1085 70 937 1068 63 1031 1101 28 1143 1180 
11 25 162 199 9 394 408 126 415 641 56 538 627 137 755 971 62 765 868 58 900 991 175 918 1140 98 1031 1179 41 1053 1130 6 1157 1165 
9 95 92 270 109 162 380 3 298 305 95 461 650 89 568 687 25 626 675 93 762 937 57 936 1012 6 949 959 
9 99 75 236 94 204 357 43 266 356 119 570 733 45 611 701 14 799 821 87 946 1156 83 991 1109 39 1121 1187 
