10 193
22 121 0 162 41 88 144 193 176 407 144 253 427 25 334 364 58 442 511 96 525 650 66 545 634 20 560 585 91 560 676 55 582 652 51 588 663 120 691 830 12 755 768 41 767 820 49 779 837 117 829 980 141 845 1030 101 940 1088 174 957 1167 41 1090 1150 18 1178 1199 
21 36 2 60 24 50 80 27 145 186 88 249 386 55 257 336 92 268 393 31 290 328 13 427 446 133 429 605 168 481 705 44 510 569 124 529 668 38 608 658 89 622 740 113 653 793 42 752 812 125 822 995 52 841 904 141 902 1104 74 1091 1184 5 1111 1117 
18 86 45 160 43 75 136 50 113 183 118 137 296 112 200 346 4 262 267 46 536 588 114 587 731 5 601 607 119 619 766 99 638 763 87 663 778 46 668 725 179 687 923 67 696 779 110 805 936 101 832 1004 142 931 1118 
20 39 2 53 34 127 170 105 324 459 148 347 532 61 352 434 117 365 517 114 501 669 108 533 679 146 626 811 106 635 781 37 639 691 124 642 794 170 740 964 44 856 917 71 961 1045 85 1012 1112 15 1044 1062 16 1045 1065 26 1149 1184 20 1158 1185 
23 102 37 180 91 103 223 58 134 207 121 160 331 41 173 221 109 224 391 72 251 355 39 272 324 143 339 516 35 538 584 192 687 916 6 698 705 13 700 716 163 713 921 100 761 912 7 957 965 38 1036 1096 74 1090 1186 3 1109 1113 25 1129 1163 14 1131 1149 6 1137 1145 2 1201 1204 
18 32 1 39 53 69 134 160 71 275 78 93 205 15 269 288 150 329 537 44 367 425 31 374 413 131 404 591 146 420 628 88 663 777 179 749 978 100 791 921 58 825 909 60 832 922 103 907 1040 9 1056 1069 20 1124 1154 
19 98 28 164 47 45 103 66 72 163 89 257 386 163 300 540 37 355 403 24 373 406 184 414 655 58 430 507 209 534 767 36 553 605 156 647 856 106 669 806 52 718 794 124 802 965 148 864 1044 11 876 891 101 1076 1206 45 1085 1139 
16 159 46 276 158 72 269 143 145 333 124 204 362 162 221 418 13 298 315 79 339 443 177 862 1074 172 927 1150 81 943 1055 88 970 1093 96 1033 1151 83 1037 1150 48 1100 1163 43 1140 1203 26 1140 1175 
17 125 77 226 68 110 200 48 150 224 128 262 463 34 588 629 119 598 767 86 628 748 118 644 812 126 661 824 44 690 757 91 765 900 100 769 895 49 779 842 156 963 1162 15 1028 1046 36 1117 1165 10 1166 1181 
19 22 66 93 45 330 390 134 386 576 99 395 538 139 421 599 26 447 481 170 501 733 29 594 627 127 701 853 100 776 914 27 805 839 119 806 964 57 844 915 141 909 1079 77 943 1034 106 984 1113 94 1066 1188 37 1123 1166 50 1126 1198 
