10 112
11 136 108 286 168 208 420 109 232 376 22 306 338 156 587 784 11 595 609 68 664 749 140 666 859 71 795 879 63 848 924 52 1000 1066 
11 7 30 39 133 159 326 101 256 383 8 353 364 129 465 658 63 606 709 106 695 826 54 839 904 163 878 1064 102 927 1068 8 1062 1072 
13 9 155 166 18 287 313 29 341 376 40 399 448 79 451 549 49 454 516 62 481 562 73 493 603 131 497 671 27 576 612 94 618 749 159 799 1012 2 1071 1074 
15 16 31 55 49 33 94 32 62 102 104 337 476 5 375 381 106 402 567 91 529 658 33 617 661 125 828 983 103 836 976 52 985 1052 26 997 1029 8 1019 1029 14 1048 1070 2 1063 1066 
9 110 3 153 138 89 278 39 267 319 28 284 316 111 301 476 104 484 625 90 611 754 61 780 863 55 815 886 
12 121 136 297 94 154 277 165 163 364 124 292 468 102 304 441 25 380 406 169 422 625 12 424 439 46 918 978 78 918 1018 24 921 954 22 1019 1048 
11 183 55 269 168 104 315 55 199 284 47 244 303 125 397 562 145 487 667 2 651 654 85 817 935 77 920 1037 62 979 1048 61 988 1056 
7 47 35 103 146 163 344 95 211 334 154 830 1031 79 857 999 151 872 1061 67 928 1020 
10 91 222 347 137 300 509 65 392 478 88 412 527 87 456 570 139 465 658 8 624 634 155 804 982 4 994 999 11 1062 1077 
13 64 213 310 96 276 398 58 305 384 40 372 428 170 423 635 85 622 735 22 690 721 113 690 843 43 710 768 34 761 802 13 953 973 16 998 1018 30 1023 1071 
