10 288
31 14 8 23 2 21 24 127 33 169 59 125 192 56 127 189 17 178 196 28 213 244 45 217 269 157 241 418 97 321 429 42 324 368 93 326 429 117 378 504 164 378 564 169 446 630 12 462 475 109 482 597 107 504 625 129 591 729 191 708 916 168 721 915 55 753 815 46 763 815 94 826 928 166 883 1064 71 896 978 140 900 1055 90 912 1007 6 914 921 72 980 1059 11 1013 1025 
27 113 2 126 113 23 150 140 58 216 156 157 329 39 210 252 151 215 384 135 227 377 180 284 473 31 301 336 173 311 503 150 323 492 20 413 435 178 437 635 115 482 604 136 488 637 99 540 653 61 549 612 116 555 690 46 628 680 59 783 848 23 799 824 79 824 909 97 847 955 64 899 974 31 1007 1039 8 1038 1047 2 1077 1080 
28 21 45 68 108 56 172 151 77 251 66 96 168 70 120 195 6 129 136 109 150 275 66 153 223 150 162 330 101 230 338 128 238 375 188 244 453 97 256 364 60 260 326 111 266 393 45 276 327 163 420 599 118 512 635 187 536 751 13 548 562 170 555 742 30 596 629 8 658 667 160 721 907 150 736 897 24 825 851 20 995 1016 22 1014 1038 
28 45 71 121 82 151 242 122 166 305 52 168 226 114 189 317 114 190 310 165 340 522 6 343 350 67 375 447 45 427 476 81 457 550 112 514 641 107 517 638 117 528 659 62 530 597 109 540 659 196 574 783 99 603 713 177 703 894 97 710 820 63 716 787 12 752 765 102 784 892 187 804 1002 191 818 1029 126 931 1074 5 939 945 21 973 996 
21 135 146 298 85 151 243 87 156 253 117 165 295 187 179 385 189 202 409 108 351 475 38 377 419 135 401 549 189 475 690 131 508 650 118 526 656 103 643 758 63 670 736 186 675 881 139 676 831 110 708 834 199 782 993 117 846 980 49 1010 1063 25 1022 1050 
36 70 24 102 185 65 273 41 66 111 146 114 274 86 116 211 93 127 232 106 142 261 184 154 358 25 187 213 109 197 313 81 201 289 29 232 265 101 291 403 70 297 371 106 305 423 44 352 400 92 369 476 121 380 514 7 544 552 54 561 621 77 615 700 171 630 814 25 681 708 164 683 865 92 726 825 11 735 747 145 800 963 14 841 856 26 861 889 19 909 929 33 966 1001 5 992 998 22 1010 1033 38 1021 1062 28 1040 1069 21 1047 1070 
29 23 24 50 26 99 127 167 151 335 55 181 242 116 199 331 184 243 444 185 253 461 24 263 289 99 270 379 137 372 523 128 375 514 171 530 716 164 580 753 124 592 725 6 607 614 183 628 830 188 649 860 20 672 694 85 722 815 83 754 845 130 773 920 109 777 901 38 812 853 125 879 1013 77 978 1060 40 979 1023 2 1035 1038 16 1039 1056 7 1058 1066 
27 127 30 171 51 97 152 115 204 329 77 217 297 63 229 299 192 293 501 56 293 355 82 316 403 69 322 400 173 350 539 154 415 588 134 532 684 200 536 751 145 556 713 86 616 708 24 621 648 37 661 704 145 703 866 178 740 944 34 756 794 113 757 886 14 789 804 116 840 968 142 853 1008 10 885 896 127 905 1050 26 1051 1079 
29 52 31 87 18 36 56 69 83 158 77 133 218 132 190 325 74 199 282 121 257 386 140 376 528 66 398 472 15 416 432 102 437 550 143 496 662 65 558 626 120 578 710 158 609 784 95 623 725 44 648 697 121 654 788 151 699 870 91 711 810 71 770 844 86 820 917 140 861 1025 103 865 985 136 881 1035 45 925 974 67 945 1022 6 1058 1065 3 1069 1073 
32 105 38 152 55 105 164 28 109 140 93 189 288 3 229 233 167 259 442 93 329 429 109 332 455 81 388 476 81 397 486 49 420 474 128 441 580 83 586 681 143 601 762 149 610 777 139 630 779 88 637 732 141 676 831 83 711 803 123 723 861 166 771 950 114 773 896 111 780 905 108 888 1007 96 903 1007 74 916 997 16 925 942 22 945 970 26 1006 1036 40 1008 1052 48 1020 1073 16 1024 1041 
