10 119
13 53 27 136 209 245 573 19 472 498 49 563 643 26 575 619 45 678 769 226 722 1037 139 834 1033 217 1205 1513 45 1505 1631 40 1513 1591 89 1521 1661 51 1570 1649 
12 7 237 251 113 474 692 188 585 896 9 666 682 64 746 891 79 912 1049 22 978 1018 36 1094 1171 110 1238 1455 156 1349 1560 105 1425 1633 68 1466 1590 
11 153 54 315 173 88 342 124 486 710 15 733 763 97 738 919 27 800 847 69 872 989 92 938 1117 252 1190 1488 28 1221 1265 108 1340 1534 
14 158 173 484 77 304 404 19 319 358 197 399 713 53 437 523 66 582 685 140 681 975 98 747 899 109 904 1059 33 1069 1124 58 1125 1222 7 1274 1285 79 1502 1621 39 1616 1693 
12 79 41 198 243 58 392 2 162 165 184 444 698 99 564 846 78 623 736 84 638 774 57 1230 1324 39 1244 1326 73 1423 1531 106 1442 1651 72 1460 1628 
10 198 209 540 177 440 762 74 507 627 154 746 1022 10 774 797 70 1231 1359 166 1232 1486 2 1448 1451 96 1489 1636 18 1495 1529 
10 77 152 279 125 195 443 149 281 489 131 384 564 135 396 620 189 610 933 73 751 874 131 837 1085 48 1550 1617 60 1554 1655 
12 209 157 491 15 248 282 25 293 338 63 362 474 105 605 788 11 669 688 30 735 789 74 799 929 168 800 1085 116 1101 1310 77 1458 1600 98 1549 1702 
11 83 17 153 95 201 314 37 263 332 167 334 673 40 369 439 141 650 900 119 1001 1250 56 1179 1268 128 1298 1539 2 1461 1464 39 1626 1688 
14 55 2 120 217 139 446 77 287 424 28 463 521 37 476 542 143 513 784 54 562 650 37 967 1036 56 1194 1298 211 1343 1683 8 1499 1514 59 1590 1676 7 1642 1653 5 1681 1693 
