10 79
9 41 55 106 17 387 419 17 615 646 123 615 788 92 1036 1171 124 1072 1280 88 1086 1225 160 1248 1471 26 1345 1404 
10 115 81 286 139 279 513 163 577 813 126 684 866 52 893 978 72 1086 1214 19 1296 1322 3 1369 1374 34 1397 1442 23 1401 1438 
7 54 66 187 146 450 734 110 534 685 57 656 761 21 694 728 156 908 1211 5 1150 1157 
10 222 15 309 7 110 125 98 163 327 129 276 538 57 475 568 32 1156 1207 25 1162 1200 11 1400 1415 31 1419 1472 11 1503 1516 
7 150 178 433 127 690 926 99 691 857 56 790 878 14 976 995 50 1352 1429 14 1479 1506 
7 6 10 22 181 190 426 142 310 538 139 477 672 10 776 789 151 985 1223 138 1105 1311 
7 196 275 570 116 485 702 80 564 715 130 786 991 14 1062 1088 19 1310 1336 3 1492 1498 
5 211 164 459 171 465 720 120 557 794 44 678 749 104 719 900 
8 78 117 230 81 372 510 60 391 513 60 769 877 112 800 986 77 1212 1328 61 1393 1515 19 1457 1481 
9 77 8 121 219 532 828 83 912 1057 178 984 1243 135 1117 1332 149 1165 1345 24 1318 1367 2 1468 1473 3 1492 1496 
