10 53
4 196 260 515 205 673 938 16 1176 1198 124 1182 1331 
6 135 298 488 13 457 472 108 973 1117 55 1020 1091 81 1208 1315 28 1214 1251 
7 44 4 59 43 209 263 129 347 525 49 357 425 13 620 637 96 769 889 203 1010 1261 
5 159 371 582 76 615 705 201 851 1118 122 1079 1246 22 1121 1149 
2 131 449 642 152 790 1019 
7 124 65 246 150 192 396 82 411 510 11 988 1001 21 1232 1263 5 1264 1270 8 1309 1319 
6 21 262 295 136 516 696 86 627 731 103 734 859 136 1028 1202 32 1064 1103 
3 90 193 317 144 502 707 99 921 1058 
9 6 29 36 174 615 831 2 727 730 106 762 902 39 845 905 157 864 1105 65 1191 1271 36 1237 1281 31 1279 1316 
4 133 81 258 44 358 432 83 902 1006 149 985 1189 
