10 408
38 237 27 300 203 30 252 231 113 370 188 136 351 61 179 247 57 236 297 197 276 490 144 356 511 180 418 621 209 475 703 18 572 591 126 617 757 210 658 896 264 682 976 156 728 900 132 740 891 281 741 1052 62 748 813 155 800 966 296 822 1144 246 831 1112 94 852 957 248 903 1176 229 904 1161 96 904 1009 185 906 1102 313 940 1274 219 1108 1342 128 1217 1358 261 1243 1529 165 1284 1471 112 1293 1416 270 1389 1687 76 1415 1500 59 1442 1505 69 1519 1598 11 1587 1599 26 1627 1655 
38 103 5 118 261 5 305 256 82 374 158 88 260 152 137 307 173 142 348 66 149 219 305 174 502 152 199 373 19 211 232 268 328 620 94 362 466 164 376 556 101 398 507 275 481 789 289 544 859 93 633 738 193 696 912 165 866 1054 206 895 1133 122 922 1057 180 942 1146 28 962 993 297 1002 1341 133 1129 1277 283 1212 1525 196 1213 1432 91 1231 1334 242 1254 1525 233 1300 1553 164 1493 1674 20 1599 1620 44 1644 1692 15 1647 1663 27 1653 1682 26 1658 1685 19 1679 1699 2 1702 1705 
43 133 38 191 74 198 280 146 272 433 123 312 445 34 348 384 278 387 701 217 388 616 206 393 615 139 415 570 85 481 580 224 491 749 60 608 676 158 726 901 299 882 1217 57 961 1026 163 963 1145 121 997 1132 101 1020 1131 123 1027 1168 279 1082 1387 58 1099 1160 93 1113 1215 6 1116 1123 229 1262 1518 126 1327 1468 40 1340 1384 251 1372 1653 254 1372 1670 266 1393 1687 201 1395 1613 197 1400 1629 17 1403 1422 214 1419 1655 196 1440 1663 46 1470 1522 62 1495 1567 86 1517 1613 90 1546 1646 32 1617 1653 32 1666 1701 25 1668 1696 21 1682 1705 3 1701 1705 
47 108 26 143 129 47 189 113 94 214 76 132 218 279 143 455 39 146 189 184 150 352 231 152 408 6 230 237 191 280 496 137 301 448 208 340 571 187 355 561 130 372 509 46 419 468 206 422 651 193 447 652 173 448 641 127 480 619 159 521 707 14 531 546 176 622 833 211 712 953 298 728 1045 79 741 826 46 748 801 154 879 1042 287 905 1230 270 919 1225 163 973 1151 57 1102 1168 36 1148 1188 67 1260 1333 236 1284 1540 28 1285 1315 15 1301 1317 271 1336 1627 81 1339 1427 113 1422 1540 237 1437 1695 177 1483 1675 48 1543 1593 114 1551 1677 74 1595 1680 24 1601 1629 45 1613 1663 2 1699 1702 
42 93 84 189 128 113 254 286 154 476 240 175 426 35 196 235 113 242 368 74 476 558 170 500 685 135 571 721 123 579 719 79 595 684 33 639 677 133 662 814 124 700 830 118 729 853 73 749 830 197 811 1036 227 843 1092 129 908 1044 75 953 1035 80 982 1070 269 1028 1320 297 1033 1367 277 1089 1391 230 1113 1361 94 1127 1226 275 1148 1463 261 1158 1432 207 1166 1399 275 1250 1562 196 1257 1479 89 1304 1400 92 1326 1426 267 1371 1654 205 1429 1653 72 1462 1542 204 1484 1703 81 1489 1576 96 1502 1607 60 1566 1633 116 1570 1703 21 1655 1678 
39 207 4 230 119 77 211 218 80 316 323 198 539 274 213 524 77 236 323 131 286 427 26 311 338 131 363 510 164 371 548 273 375 698 208 466 703 153 475 648 11 482 494 156 504 669 17 510 529 276 521 822 225 522 782 155 595 770 53 617 678 290 624 940 114 664 787 171 668 853 320 685 1019 241 731 989 202 761 999 215 788 1022 159 804 982 188 916 1123 300 956 1294 117 1078 1207 12 1125 1138 174 1431 1622 104 1504 1619 58 1505 1571 107 1518 1638 48 1558 1611 106 1580 1700 36 1663 1702 
42 146 89 252 83 207 302 240 302 571 173 431 621 78 464 549 241 557 829 212 561 798 185 699 906 189 703 915 252 706 977 148 714 878 154 738 905 228 798 1041 104 874 987 97 908 1015 37 915 954 79 937 1020 176 937 1126 46 963 1017 105 964 1081 164 967 1149 139 987 1138 166 1009 1202 167 1025 1202 153 1032 1199 51 1035 1091 103 1039 1157 217 1144 1396 211 1149 1385 197 1195 1411 167 1228 1409 192 1266 1478 138 1295 1445 211 1310 1541 211 1361 1589 217 1405 1643 208 1448 1686 183 1474 1670 41 1564 1609 33 1636 1670 42 1660 1704 6 1692 1699 
40 96 7 113 211 64 296 222 188 439 193 211 424 91 274 374 12 293 307 292 333 645 243 357 636 84 384 477 151 411 578 84 433 526 182 468 672 75 600 684 265 642 937 2 647 650 291 657 985 150 658 824 258 661 940 51 702 760 262 719 1017 223 801 1034 104 836 950 72 907 984 54 938 998 275 961 1274 52 962 1018 154 975 1140 249 1000 1260 97 1068 1173 237 1119 1392 236 1152 1419 62 1235 1300 183 1274 1476 274 1364 1662 70 1404 1483 125 1520 1667 136 1525 1677 95 1530 1635 58 1628 1693 5 1684 1690 
36 192 45 256 9 70 80 185 102 314 274 208 516 192 213 429 282 296 608 193 377 598 208 451 681 70 464 540 199 498 720 167 514 696 197 562 772 272 608 905 281 651 964 249 695 973 232 744 1009 270 824 1115 191 854 1062 189 930 1147 180 974 1168 270 989 1269 221 1004 1243 282 1036 1366 84 1039 1129 154 1094 1269 124 1131 1260 265 1156 1459 76 1246 1327 213 1317 1554 232 1368 1618 105 1487 1604 83 1546 1637 24 1626 1652 12 1644 1657 18 1663 1683 14 1688 1703 
43 245 8 295 46 33 86 48 44 95 253 48 335 107 53 172 283 131 460 222 179 408 231 217 483 49 227 280 128 233 375 186 377 580 38 415 455 127 434 577 90 546 642 138 644 793 227 657 911 115 658 784 121 677 807 192 734 954 127 795 943 170 821 997 268 832 1119 238 860 1119 225 915 1162 67 939 1010 251 945 1210 165 1040 1225 84 1042 1135 40 1054 1097 25 1088 1115 22 1125 1149 108 1202 1319 233 1209 1468 192 1225 1451 74 1233 1316 228 1276 1532 37 1341 1383 60 1483 1546 147 1508 1668 148 1536 1701 82 1575 1664 80 1604 1691 32 1659 1696 
