10 184
16 191 17 288 133 30 187 120 39 211 177 59 278 141 65 248 55 254 324 270 762 1094 166 865 1074 70 1160 1270 211 1192 1489 100 1250 1398 113 1267 1397 51 1388 1460 89 1409 1521 152 1466 1687 80 1556 1674 
21 150 16 220 39 62 117 171 77 297 85 313 427 16 336 360 209 429 688 73 642 724 133 686 862 6 751 758 125 1057 1217 184 1137 1405 15 1188 1206 212 1198 1501 15 1207 1227 22 1275 1302 206 1276 1538 107 1449 1573 147 1478 1690 59 1610 1684 37 1632 1684 7 1694 1703 
15 146 70 261 97 137 258 201 178 446 118 390 549 210 521 824 117 642 789 140 664 844 236 984 1299 161 1021 1239 215 1032 1320 41 1071 1121 174 1109 1324 34 1313 1355 54 1427 1499 123 1438 1598 
20 242 242 555 43 379 439 195 482 749 122 624 775 96 648 763 100 776 899 202 783 1067 243 791 1080 59 911 988 229 933 1258 42 962 1019 47 1163 1230 157 1230 1474 18 1231 1253 90 1364 1484 45 1371 1430 25 1373 1403 77 1427 1523 125 1512 1661 46 1539 1601 
17 19 38 62 221 76 409 137 135 302 169 167 416 144 237 405 175 365 601 204 427 689 70 675 787 198 749 1003 153 861 1060 16 1210 1231 173 1332 1577 189 1352 1593 9 1528 1539 10 1631 1643 27 1664 1703 14 1681 1698 
17 227 85 368 87 358 514 160 448 678 20 608 637 238 875 1174 33 918 960 142 955 1129 65 1142 1227 27 1182 1216 72 1184 1281 209 1229 1542 90 1266 1369 33 1356 1402 163 1360 1568 193 1391 1680 223 1405 1685 22 1645 1672 
19 155 23 244 40 64 114 43 162 214 62 220 294 135 411 611 185 429 689 91 716 837 247 803 1123 42 863 924 231 926 1249 13 997 1014 198 1108 1374 39 1144 1192 26 1222 1256 61 1249 1326 150 1294 1500 111 1514 1653 118 1537 1694 97 1556 1697 
19 86 89 223 214 99 390 245 363 694 72 456 564 119 485 615 201 500 768 228 562 862 157 608 819 55 818 891 15 1185 1203 45 1329 1382 59 1396 1481 92 1404 1521 35 1472 1520 140 1499 1689 48 1500 1569 44 1562 1631 27 1658 1693 26 1666 1695 
20 88 143 264 118 169 310 67 234 323 37 236 284 35 252 297 242 288 621 63 325 394 188 537 811 70 581 684 136 729 913 149 737 936 52 766 833 155 985 1190 18 1033 1055 81 1050 1157 30 1107 1148 168 1215 1448 127 1485 1667 41 1634 1685 12 1674 1691 
20 134 32 229 215 70 359 208 71 344 134 109 279 54 126 203 227 132 444 34 134 177 207 203 463 150 259 456 6 352 359 90 380 495 80 725 852 87 843 948 83 1058 1163 89 1084 1204 33 1257 1303 72 1403 1487 155 1435 1624 86 1439 1548 112 1552 1681 
