10 118
10 91 6 131 88 79 216 41 321 377 145 549 737 134 586 781 48 609 668 78 1070 1170 200 1127 1378 118 1221 1411 64 1415 1497 
11 33 147 195 4 153 158 145 351 541 20 409 436 233 641 941 7 643 653 202 675 954 135 762 949 224 1126 1426 101 1159 1291 56 1412 1489 
14 78 52 155 78 150 249 114 278 422 5 508 514 44 565 624 218 691 990 198 743 982 55 798 860 110 1019 1173 204 1022 1301 51 1159 1225 38 1327 1376 16 1438 1457 39 1454 1498 
7 196 201 465 77 279 383 213 666 933 124 735 890 116 987 1141 211 1118 1419 144 1162 1367 
9 215 184 476 34 325 374 48 443 512 141 826 1023 66 907 999 146 1247 1463 116 1268 1451 6 1295 1302 147 1312 1506 
11 237 61 342 213 290 550 101 318 440 80 685 791 50 1024 1100 108 1073 1211 100 1166 1302 221 1209 1492 88 1329 1461 43 1329 1392 68 1344 1446 
15 46 49 107 56 354 431 125 433 583 34 494 535 34 508 551 48 510 573 168 530 748 139 595 778 26 631 672 103 705 843 206 1056 1327 89 1284 1399 62 1286 1375 93 1380 1500 23 1482 1514 
16 22 34 64 12 149 164 142 316 509 59 433 502 107 667 827 136 672 864 9 733 744 196 852 1136 14 883 901 180 1039 1280 66 1287 1377 41 1378 1427 56 1413 1491 34 1463 1514 5 1481 1488 22 1495 1522 
13 146 49 238 48 216 286 33 370 414 140 377 536 218 950 1221 155 954 1132 48 969 1037 86 1092 1226 151 1155 1365 170 1201 1427 35 1248 1295 22 1477 1508 7 1496 1506 
12 101 226 377 93 406 528 78 494 601 9 593 604 170 688 890 95 878 1008 105 1049 1184 182 1079 1342 87 1208 1320 142 1256 1447 14 1390 1407 34 1403 1449 
