10 114
9 161 13 195 219 122 352 149 211 379 127 300 438 243 438 705 196 568 784 246 645 908 19 704 725 17 1317 1335 
10 85 33 127 215 78 309 60 372 439 69 429 508 143 446 597 227 457 712 85 602 694 141 676 829 187 730 945 59 1235 1301 
11 229 88 337 9 230 240 24 246 271 149 433 601 114 469 598 88 597 698 208 788 1020 115 880 1009 88 989 1088 98 1214 1328 11 1262 1274 
13 228 62 320 18 65 85 113 157 286 3 363 367 11 515 527 163 623 802 145 752 919 116 789 920 92 848 953 17 871 889 156 980 1154 36 999 1040 21 1316 1339 
15 177 101 296 89 230 329 45 338 389 38 465 506 88 480 578 82 487 577 26 563 593 75 589 669 116 609 737 11 682 694 115 683 809 17 923 942 120 998 1132 198 1016 1235 66 1250 1322 
13 37 9 49 218 162 403 97 236 346 168 281 466 101 449 568 110 470 590 79 893 980 175 961 1158 32 970 1006 92 1203 1306 54 1252 1312 39 1265 1308 7 1285 1293 
11 166 29 211 40 96 140 213 156 397 93 157 263 158 534 707 142 551 706 87 595 690 116 774 904 241 962 1214 48 996 1049 25 1278 1305 
10 182 172 375 111 236 360 74 251 334 217 266 509 176 394 587 122 470 602 185 559 762 112 1070 1193 138 1081 1225 70 1183 1262 
9 144 38 195 174 263 455 26 348 377 78 439 523 4 498 503 159 598 772 205 719 943 215 823 1082 116 857 994 
13 7 100 108 88 100 197 66 216 290 211 303 529 189 595 805 49 801 855 99 857 968 170 898 1092 217 912 1150 34 944 981 34 1222 1260 23 1282 1307 13 1295 1309 
