10 284
37 79 24 115 99 71 181 64 87 159 159 109 294 98 160 270 212 180 412 13 224 238 210 244 481 208 287 519 255 352 640 66 352 425 29 492 522 67 531 608 151 620 784 68 645 722 72 715 798 93 826 928 86 873 969 57 880 944 49 900 954 218 979 1212 164 988 1164 165 1057 1237 64 1115 1185 22 1131 1156 28 1132 1163 140 1158 1310 79 1185 1273 217 1257 1490 126 1283 1422 33 1315 1352 95 1376 1481 53 1414 1473 37 1419 1457 54 1451 1510 18 1460 1480 27 1483 1512 
31 205 6 242 205 10 245 263 16 308 154 171 340 228 185 429 54 220 280 58 257 322 2 262 265 105 340 456 70 411 486 190 416 620 81 476 564 51 480 537 128 529 665 126 600 737 98 751 859 234 813 1076 148 895 1060 218 933 1175 54 967 1025 20 975 996 82 1023 1118 237 1043 1301 45 1310 1360 54 1325 1383 105 1362 1489 35 1404 1442 75 1423 1507 23 1427 1454 44 1434 1482 16 1495 1512 
30 20 18 39 123 31 170 185 44 255 202 184 404 222 230 484 12 255 269 207 259 486 99 304 410 40 368 413 261 375 658 209 425 663 94 429 535 197 457 675 195 632 834 54 786 846 190 895 1092 233 915 1184 190 963 1173 86 1001 1098 110 1091 1215 256 1133 1421 22 1145 1169 48 1167 1219 82 1255 1348 57 1366 1426 42 1381 1424 79 1420 1507 49 1440 1492 30 1487 1519 14 1503 1518 
27 17 21 39 169 221 404 193 237 450 4 279 284 141 303 461 194 357 563 51 367 421 47 380 431 214 442 692 59 504 567 184 520 729 76 556 640 224 604 845 261 606 901 147 658 829 241 692 964 50 707 763 225 1134 1384 68 1154 1229 27 1252 1281 207 1258 1486 107 1279 1398 158 1308 1491 103 1348 1456 19 1363 1384 61 1412 1482 32 1441 1478 
24 160 105 280 203 208 428 208 254 478 28 276 305 40 276 321 89 309 405 212 338 582 47 387 439 228 634 881 137 659 812 276 666 961 27 708 737 275 726 1025 223 819 1068 64 918 989 74 1048 1132 237 1136 1422 218 1194 1440 233 1201 1457 233 1220 1490 82 1282 1375 16 1364 1381 53 1374 1432 24 1492 1518 
34 219 12 259 157 22 202 235 134 397 264 151 446 46 209 258 132 249 392 61 255 322 250 297 581 22 317 342 7 375 383 195 496 711 20 530 552 250 614 893 46 658 707 190 660 875 67 664 738 135 726 877 47 753 804 58 891 954 25 961 988 18 975 995 6 986 993 216 1185 1425 18 1209 1228 50 1219 1272 180 1235 1428 79 1247 1331 107 1274 1397 88 1284 1380 51 1323 1380 60 1325 1390 11 1475 1487 17 1482 1501 2 1496 1499 
19 209 36 275 256 46 335 138 279 428 175 362 551 111 364 485 132 380 528 159 519 702 217 612 857 208 627 864 84 736 832 57 748 810 204 827 1051 35 833 871 195 934 1146 205 985 1217 230 1001 1271 265 1081 1377 183 1129 1349 13 1328 1342 
29 5 212 218 49 217 270 57 225 286 209 265 509 99 286 396 33 300 336 187 415 634 52 431 490 84 469 562 221 544 802 162 649 829 12 776 789 239 804 1059 134 899 1045 162 944 1123 227 944 1192 130 951 1088 134 958 1104 193 973 1189 79 985 1072 157 995 1172 130 1026 1174 92 1036 1136 208 1049 1283 15 1069 1085 160 1121 1291 136 1214 1361 23 1464 1489 8 1487 1496 
27 34 70 106 90 169 269 215 233 479 166 280 467 69 436 512 191 437 645 61 448 517 239 512 773 252 549 830 65 699 769 114 749 877 13 783 797 193 799 1020 213 880 1112 9 925 935 11 926 938 52 934 992 15 1065 1081 200 1128 1351 212 1144 1381 133 1147 1294 224 1237 1493 191 1296 1510 120 1300 1435 73 1435 1519 29 1447 1477 5 1514 1520 
26 14 17 32 182 24 232 219 78 324 251 167 438 196 188 394 156 419 588 132 461 609 160 477 657 236 488 746 261 492 784 98 638 750 133 687 841 48 732 786 53 748 806 213 777 1004 190 807 1024 86 969 1065 59 1089 1154 222 1096 1347 240 1128 1399 192 1167 1387 27 1375 1403 57 1416 1480 34 1472 1511 7 1478 1486 11 1497 1509 
