10 107
8 133 84 340 177 643 953 129 665 865 52 734 827 158 917 1130 125 1214 1448 109 1363 1566 12 1495 1517 
13 124 135 389 39 358 431 104 421 592 10 587 605 9 651 667 104 791 1013 85 1006 1152 127 1168 1353 84 1409 1550 57 1463 1586 17 1511 1539 35 1513 1570 12 1623 1643 
9 13 103 121 85 224 376 61 266 365 76 556 680 54 582 729 58 813 918 176 1090 1393 143 1094 1328 131 1185 1413 
14 138 132 291 72 185 316 27 226 264 28 696 733 172 703 995 53 767 864 62 910 1007 132 918 1158 118 945 1133 70 1187 1286 84 1241 1369 42 1439 1513 63 1452 1549 60 1575 1657 
11 172 0 321 13 121 142 217 208 522 134 233 464 6 258 270 125 317 523 241 709 1034 146 852 1062 88 1117 1241 45 1290 1362 4 1521 1526 
7 140 49 286 181 52 375 77 372 486 110 481 737 78 584 742 89 628 789 56 1243 1383 
14 33 71 169 9 152 169 63 172 239 56 200 292 176 297 609 4 559 566 86 580 736 205 652 955 90 866 1018 8 1114 1124 22 1249 1287 95 1269 1391 58 1494 1608 79 1520 1649 
11 27 85 124 162 93 353 81 244 391 57 308 392 27 329 373 71 453 560 73 739 863 92 766 946 178 768 1046 168 1225 1525 40 1241 1301 
12 163 200 508 62 279 359 183 440 772 54 624 713 62 840 941 2 935 940 54 1069 1141 220 1346 1658 118 1392 1576 119 1420 1608 89 1515 1644 10 1567 1588 
8 45 163 231 133 207 437 177 580 851 114 643 851 173 751 1058 209 896 1228 183 1049 1321 9 1532 1544 
