10 68
7 137 178 385 58 300 390 99 369 568 161 509 804 69 529 650 21 1193 1223 15 1200 1220 
7 17 22 45 85 118 273 38 238 300 87 535 706 13 593 626 134 836 1108 54 1331 1442 
7 106 73 268 167 893 1154 81 980 1103 134 1020 1216 5 1314 1322 63 1325 1448 22 1391 1432 
4 55 315 409 84 374 500 119 609 824 92 794 1072 
6 167 157 423 102 159 326 107 347 613 3 1308 1312 35 1329 1397 3 1459 1463 
10 19 11 59 30 132 176 24 553 595 164 572 827 143 971 1213 44 1027 1121 69 1075 1188 67 1202 1320 39 1396 1459 23 1432 1476 
7 212 93 390 76 261 385 111 444 705 35 508 574 15 665 687 81 716 860 10 1344 1364 
7 117 382 566 29 795 839 59 876 1045 18 1223 1256 75 1245 1362 47 1329 1447 60 1354 1458 
5 123 103 396 103 395 576 46 399 466 56 610 690 112 1133 1340 
8 31 38 86 19 304 333 154 492 726 68 604 718 89 708 884 95 1047 1224 35 1071 1141 196 1170 1448 
