10 172
21 130 27 194 13 36 55 221 229 549 112 374 508 208 416 674 64 430 506 62 490 570 109 634 769 18 676 700 83 723 839 214 763 1025 132 777 948 189 850 1090 125 950 1140 3 965 969 161 1066 1266 254 1226 1554 139 1249 1448 158 1442 1621 23 1505 1535 37 1557 1609 
17 90 41 160 23 95 127 245 481 800 83 571 701 196 592 816 172 660 909 157 754 961 65 933 1013 105 938 1095 165 1144 1370 208 1152 1435 217 1249 1527 193 1343 1572 56 1364 1427 30 1533 1577 56 1591 1660 44 1593 1649 
15 251 9 341 115 201 369 168 435 664 132 484 658 179 716 922 168 739 1016 243 799 1075 216 994 1302 60 1076 1173 68 1114 1195 43 1201 1257 86 1201 1312 173 1457 1661 46 1537 1620 33 1555 1598 
22 82 1 101 3 133 137 73 216 322 270 266 598 51 302 358 98 498 620 232 529 826 98 574 694 178 791 1030 56 848 922 67 893 974 248 960 1287 49 1044 1109 251 1110 1417 184 1280 1572 56 1311 1395 34 1408 1451 76 1440 1549 15 1489 1508 3 1517 1521 65 1551 1638 3 1658 1662 
14 206 194 473 105 267 413 141 306 475 155 380 612 132 435 610 77 574 675 152 606 813 122 693 884 79 799 913 198 1014 1289 73 1071 1164 249 1219 1543 76 1256 1358 126 1340 1513 
20 43 5 74 219 31 296 250 126 446 40 192 246 11 409 424 95 547 686 89 664 781 3 794 798 40 799 847 270 799 1103 188 919 1153 256 980 1311 68 1038 1145 189 1044 1292 196 1096 1356 240 1130 1398 186 1214 1427 126 1269 1462 2 1638 1641 4 1653 1659 
15 152 75 281 175 86 376 160 448 639 53 575 649 52 667 750 88 685 804 73 722 819 126 756 930 112 828 995 110 1082 1251 211 1326 1618 3 1334 1338 58 1402 1472 109 1414 1587 92 1465 1590 
16 32 74 117 47 84 149 36 85 126 145 246 441 231 310 567 162 474 712 218 603 901 32 736 778 135 829 1043 191 986 1267 248 1271 1593 216 1274 1592 58 1482 1556 10 1526 1538 44 1534 1596 12 1647 1661 
17 133 86 254 84 235 349 112 257 408 93 513 626 242 518 815 214 599 899 169 646 892 66 742 840 26 746 777 109 784 945 154 816 1019 79 856 972 115 1159 1304 263 1203 1517 177 1331 1574 24 1502 1530 77 1552 1658 
15 225 69 359 148 130 328 206 142 436 11 171 185 112 213 354 117 281 444 137 281 433 218 543 866 106 647 788 142 742 926 198 816 1117 37 1314 1358 210 1358 1612 90 1536 1660 24 1541 1568 
