10 444
46 132 4 150 175 9 203 92 93 194 152 101 273 103 150 264 278 165 470 110 237 355 250 245 527 114 255 372 79 263 351 20 292 314 124 370 502 301 384 716 32 411 445 202 414 636 235 502 768 105 541 659 229 552 809 192 604 823 114 611 738 107 616 735 7 645 653 13 814 828 158 832 1012 285 925 1232 4 927 932 193 971 1181 267 973 1282 259 1014 1304 270 1068 1366 121 1107 1244 40 1107 1153 272 1118 1407 128 1125 1268 152 1167 1335 86 1180 1274 116 1246 1371 34 1250 1289 91 1253 1354 38 1299 1341 16 1412 1429 134 1428 1571 145 1469 1626 114 1478 1605 31 1486 1520 15 1564 1580 
37 190 18 234 249 25 300 44 40 90 261 136 421 115 257 384 44 312 360 142 334 495 41 389 434 289 460 780 212 493 731 38 514 553 270 551 849 217 563 803 223 569 830 74 613 696 265 644 938 171 691 880 245 750 1034 300 791 1114 95 830 936 188 838 1055 32 843 878 297 947 1276 194 972 1192 173 991 1185 66 1002 1071 206 1011 1234 276 1049 1356 200 1087 1310 160 1106 1281 170 1194 1391 51 1233 1292 62 1342 1409 31 1477 1511 37 1585 1625 14 1627 1643 7 1644 1652 
44 241 2 256 155 4 174 22 14 38 272 56 359 122 58 192 192 67 288 256 84 363 190 163 368 97 198 310 194 204 417 312 206 538 19 237 258 135 292 443 228 352 605 52 381 436 110 386 512 209 397 630 203 426 654 253 510 794 140 586 746 284 590 913 47 634 685 255 697 979 281 720 1032 37 729 769 241 791 1049 77 801 886 162 841 1020 20 875 898 224 902 1144 86 914 1008 63 1056 1126 204 1125 1339 271 1238 1540 118 1340 1468 243 1361 1628 92 1373 1477 131 1402 1540 79 1435 1527 129 1462 1609 52 1532 1590 11 1605 1617 21 1623 1645 3 1658 1662 
41 222 66 313 72 102 180 173 171 354 62 179 250 249 183 467 139 259 411 222 263 507 164 303 487 233 353 614 260 439 727 196 448 670 273 506 806 85 520 616 256 684 980 86 699 793 250 711 1008 234 762 1024 90 793 891 146 823 977 136 883 1033 81 899 988 152 906 1079 59 916 983 185 962 1164 26 995 1024 241 1013 1287 199 1112 1329 202 1192 1427 239 1252 1512 106 1323 1441 116 1399 1530 104 1405 1521 17 1424 1442 143 1464 1616 119 1480 1609 40 1501 1544 60 1503 1568 64 1567 1639 30 1596 1628 2 1597 1600 15 1606 1622 
39 234 4 264 181 10 201 296 21 345 139 47 201 2 65 68 71 72 152 134 93 242 245 137 418 45 197 245 294 206 531 12 213 226 52 215 271 50 218 274 88 391 486 286 399 718 84 409 504 130 420 572 64 512 584 44 513 561 262 592 903 106 605 723 137 692 841 219 785 1024 147 801 966 278 810 1109 270 827 1120 288 847 1169 269 888 1189 107 1057 1182 67 1100 1172 23 1118 1143 289 1154 1480 38 1220 1260 232 1231 1486 160 1247 1431 275 1334 1638 19 1408 1429 232 1410 1660 10 1610 1621 
49 163 77 261 225 192 442 304 279 607 39 300 341 220 315 548 114 337 468 143 403 558 285 420 749 43 421 470 141 436 593 281 441 749 284 454 767 127 483 624 114 516 639 121 524 660 18 539 558 8 682 691 289 724 1052 86 766 862 274 789 1091 86 833 927 168 880 1066 110 889 1010 93 890 994 138 916 1065 134 948 1097 113 951 1084 275 960 1267 60 961 1028 50 964 1020 224 965 1209 115 1042 1168 12 1078 1091 218 1211 1458 123 1270 1404 90 1291 1391 156 1328 1499 101 1369 1482 227 1388 1630 52 1425 1483 107 1470 1586 21 1503 1525 12 1561 1574 57 1587 1649 31 1589 1623 37 1606 1645 45 1606 1656 3 1651 1655 7 1655 1663 
52 177 63 263 17 88 106 95 144 254 32 171 206 25 177 203 187 195 402 112 280 411 168 288 476 232 307 546 86 321 414 21 372 395 78 400 481 19 429 450 173 466 656 223 519 764 295 534 862 181 544 755 38 558 600 116 578 703 163 626 808 226 702 956 304 704 1021 68 708 784 261 803 1074 282 840 1162 102 849 963 17 850 868 128 904 1044 210 931 1175 69 933 1008 204 957 1179 74 992 1077 119 1121 1253 78 1135 1223 178 1173 1366 38 1175 1215 173 1181 1375 236 1201 1464 94 1274 1377 12 1283 1296 64 1299 1373 148 1333 1503 195 1423 1642 62 1436 1504 32 1499 1533 51 1504 1562 50 1561 1618 58 1580 1643 49 1592 1649 17 1632 1652 23 1633 1659 7 1651 1659 
42 12 3 16 272 101 397 211 101 345 93 152 254 278 214 514 177 266 467 135 274 426 84 391 480 222 400 641 255 409 691 25 516 542 113 528 654 12 529 542 12 541 554 226 557 805 206 587 809 278 636 944 31 640 674 267 717 1032 247 719 995 74 755 835 250 771 1056 128 793 929 266 801 1094 298 814 1142 272 822 1123 282 835 1137 110 844 968 7 937 945 133 1048 1190 91 1206 1311 203 1233 1453 217 1267 1514 102 1401 1518 101 1421 1535 132 1435 1579 62 1460 1531 55 1500 1557 40 1520 1565 91 1544 1643 72 1570 1651 20 1611 1633 
49 35 15 54 61 34 102 170 42 233 128 69 205 194 87 299 141 156 311 161 157 330 151 161 335 218 206 441 234 235 495 92 257 357 110 276 393 217 282 518 169 286 475 237 321 581 64 333 401 204 371 586 96 377 480 90 405 504 241 410 681 185 419 619 162 476 663 209 481 709 75 541 621 191 584 797 82 593 686 95 672 777 179 681 885 236 738 1000 60 776 842 20 782 803 88 819 913 53 897 956 96 948 1055 291 1018 1346 294 1044 1374 183 1064 1265 48 1099 1152 255 1164 1446 121 1175 1302 110 1322 1445 63 1359 1428 18 1492 1512 34 1529 1568 35 1539 1577 31 1565 1600 18 1590 1609 34 1625 1661 22 1629 1653 
45 48 0 52 55 59 121 115 77 200 269 89 397 156 93 260 216 107 345 166 128 308 160 185 359 134 203 350 235 210 474 36 223 260 148 240 410 186 262 472 63 354 427 77 434 515 138 469 618 143 476 636 234 506 769 275 512 809 194 534 746 100 543 657 129 567 715 40 668 710 94 725 828 170 745 929 114 849 971 241 889 1152 219 1000 1243 161 1021 1206 147 1048 1206 76 1061 1146 142 1073 1224 272 1142 1453 65 1190 1259 146 1199 1365 51 1201 1257 64 1204 1275 133 1312 1460 148 1368 1535 33 1371 1408 163 1389 1574 135 1492 1638 15 1517 1533 31 1521 1556 85 1550 1645 
