10 289
25 197 2 220 199 26 247 21 35 57 191 36 251 228 64 319 128 98 244 264 171 457 186 220 435 180 259 457 99 360 472 257 390 677 256 472 748 189 667 885 45 683 734 214 755 994 157 758 923 210 876 1090 14 937 952 240 960 1223 44 1100 1149 16 1185 1202 180 1220 1409 43 1277 1321 104 1317 1437 21 1447 1470 
29 45 103 153 82 132 219 235 245 511 194 245 456 174 333 529 166 333 518 179 375 557 156 701 870 177 703 888 162 768 953 13 797 811 141 806 960 266 924 1213 209 979 1211 8 999 1008 144 1033 1198 217 1058 1292 134 1101 1256 211 1116 1340 146 1173 1333 137 1203 1356 21 1238 1261 125 1270 1409 95 1293 1401 104 1297 1420 49 1337 1391 19 1428 1448 7 1473 1481 3 1480 1484 
34 212 0 235 37 161 201 126 218 353 74 393 477 193 403 621 40 449 492 54 465 525 197 595 795 219 595 843 229 606 861 29 611 641 46 622 674 245 624 885 124 629 765 20 648 669 113 707 829 164 727 914 12 763 776 159 763 937 109 859 976 95 889 1000 37 955 994 50 969 1023 196 990 1207 36 994 1033 46 1035 1085 199 1116 1341 65 1164 1237 221 1177 1422 239 1191 1455 90 1228 1330 24 1320 1347 17 1419 1437 2 1443 1446 
30 49 29 83 172 64 254 11 98 110 88 152 249 14 184 199 40 270 314 222 323 566 123 332 467 49 488 539 150 587 745 229 598 846 177 677 882 31 739 774 34 739 774 134 866 1015 33 960 997 188 989 1202 263 1025 1313 19 1025 1046 238 1161 1435 209 1180 1411 203 1213 1442 110 1227 1353 46 1229 1281 164 1251 1432 198 1251 1474 70 1295 1373 108 1314 1436 6 1326 1333 3 1479 1483 
31 158 30 204 92 47 154 241 81 344 15 120 137 57 247 312 141 286 451 76 327 410 256 356 629 10 419 430 47 454 505 232 455 733 127 504 643 17 526 544 106 527 649 196 604 826 76 636 724 61 804 868 155 816 987 107 821 938 53 865 920 144 875 1029 36 875 914 68 978 1057 263 1018 1315 78 1049 1135 157 1096 1267 66 1097 1171 72 1292 1372 67 1321 1394 60 1417 1484 14 1431 1446 
25 257 20 303 132 89 234 180 244 431 237 403 668 255 429 713 196 522 741 210 536 759 83 585 673 173 603 790 222 609 865 242 679 957 10 709 720 231 768 1018 219 852 1097 228 869 1117 79 965 1053 259 1000 1283 25 1054 1080 222 1091 1329 28 1200 1230 42 1218 1264 67 1352 1427 101 1366 1471 74 1399 1482 4 1480 1485 
27 249 17 282 251 23 303 227 78 330 149 158 326 80 173 259 210 256 488 89 279 375 92 283 384 125 337 476 54 426 483 28 433 463 144 468 626 144 698 851 236 734 999 263 785 1082 134 885 1039 138 913 1065 167 913 1091 12 926 939 102 962 1079 206 1009 1239 36 1019 1059 106 1134 1252 84 1228 1321 143 1327 1484 37 1328 1367 11 1470 1482 
37 27 18 46 103 21 138 93 32 135 134 278 427 51 280 335 241 286 548 186 330 532 43 380 426 23 404 429 126 410 538 39 465 507 216 559 798 241 583 852 66 607 680 54 612 671 119 677 802 222 682 925 259 759 1049 140 846 996 158 866 1037 21 896 918 19 947 968 179 989 1188 271 1078 1361 263 1084 1381 27 1113 1142 64 1131 1202 117 1166 1296 207 1181 1402 77 1308 1395 15 1330 1346 69 1345 1418 60 1369 1434 42 1415 1460 48 1416 1468 31 1437 1472 23 1437 1462 
27 150 104 268 253 271 543 262 271 554 225 361 605 16 378 396 16 386 403 87 402 497 73 444 527 45 457 506 253 506 791 196 544 767 64 656 725 65 713 781 70 735 814 24 758 784 204 822 1047 215 857 1090 82 890 977 194 898 1111 111 953 1072 202 995 1224 239 1026 1305 50 1049 1108 239 1192 1459 109 1204 1326 22 1341 1364 3 1448 1452 
24 218 13 249 277 43 331 257 75 363 186 166 369 204 214 433 163 235 412 192 241 456 29 306 338 195 529 752 156 553 723 206 702 940 47 797 846 81 812 903 130 815 955 168 970 1151 185 1034 1232 137 1042 1192 146 1074 1238 185 1163 1380 181 1181 1389 76 1210 1291 156 1294 1469 18 1355 1375 2 1481 1484 
