10 44
3 180 146 401 143 663 876 145 1103 1279 
5 187 106 356 19 679 704 165 712 947 3 824 828 102 1142 1265 
5 18 97 121 115 462 620 183 798 1027 64 826 906 113 1109 1251 
4 45 213 268 111 294 463 74 723 831 86 1085 1199 
3 170 69 288 39 953 1009 167 1027 1275 
4 173 104 340 73 387 482 37 589 643 94 1012 1136 
5 154 92 300 187 735 990 111 986 1129 34 1209 1254 16 1270 1290 
4 102 251 419 179 704 963 40 797 850 15 1042 1061 
6 141 340 528 96 356 481 36 760 808 28 927 967 153 1005 1215 12 1061 1077 
5 76 8 121 102 268 392 125 613 810 8 1021 1033 67 1191 1285 
