10 121
14 236 60 312 165 205 381 74 232 311 12 241 254 125 250 391 93 530 638 11 627 639 91 702 801 86 736 829 214 894 1139 244 1011 1268 26 1037 1065 29 1047 1078 88 1128 1224 
10 145 163 326 132 638 780 18 723 742 181 750 957 220 947 1194 192 1012 1220 201 1023 1246 74 1073 1159 8 1242 1251 2 1303 1306 
9 114 100 227 174 224 418 232 269 524 111 391 513 180 615 804 211 773 1004 188 958 1160 83 1119 1211 55 1214 1277 
12 67 50 127 220 62 309 162 190 383 68 240 314 30 497 529 19 890 911 218 939 1173 236 950 1210 131 1096 1246 9 1162 1172 20 1269 1290 14 1282 1297 
15 31 93 126 19 119 140 200 269 496 38 275 318 234 368 624 201 421 646 86 697 789 115 928 1053 140 941 1088 65 949 1021 141 983 1133 29 1011 1043 203 1038 1256 8 1285 1294 4 1299 1304 
15 66 77 148 81 89 176 172 354 553 22 484 508 137 574 725 9 601 611 40 690 737 58 730 795 8 773 782 50 830 886 69 847 928 51 919 975 227 1052 1303 98 1191 1297 21 1259 1283 
12 63 176 246 121 346 480 55 365 424 52 424 481 187 477 690 18 518 538 34 642 678 68 833 911 204 926 1156 137 1029 1186 91 1090 1190 62 1237 1305 
13 5 23 29 152 93 270 45 217 268 32 324 359 184 479 675 230 517 766 6 599 606 49 615 669 68 625 700 176 786 979 181 888 1083 211 932 1174 19 1282 1303 
8 166 148 325 122 153 289 139 482 641 66 491 563 175 557 747 207 836 1074 223 922 1174 66 1025 1098 
13 99 57 168 45 183 233 104 206 325 161 597 769 243 845 1105 218 879 1121 50 1037 1094 103 1041 1150 16 1129 1146 109 1153 1277 119 1172 1302 53 1208 1268 16 1273 1290 
