10 112
13 127 20 176 61 29 113 19 346 371 104 418 574 39 487 536 168 638 840 41 799 852 189 919 1169 185 929 1151 122 1109 1261 12 1129 1145 117 1282 1432 74 1329 1423 
14 46 42 106 145 116 306 216 163 437 17 190 211 72 215 309 67 217 303 49 244 300 38 278 332 18 395 417 3 433 437 216 465 706 121 768 915 144 891 1092 188 1057 1302 
8 118 34 197 77 346 462 206 595 867 113 652 822 106 841 982 209 1131 1407 243 1169 1457 20 1423 1451 
11 177 83 344 56 96 177 120 100 255 125 108 283 42 392 445 58 401 480 162 738 961 117 1174 1304 78 1302 1401 35 1359 1408 48 1414 1484 
11 4 123 128 237 165 454 75 243 349 104 246 394 146 633 833 98 915 1050 190 1044 1338 121 1161 1316 53 1339 1398 11 1433 1448 12 1462 1476 
11 17 49 76 199 77 324 176 87 309 179 111 348 176 150 407 40 343 390 81 620 738 135 710 873 8 948 958 154 1119 1343 12 1466 1482 
14 2 66 69 29 128 163 76 228 328 204 315 581 13 403 421 117 454 607 145 534 727 79 772 881 79 916 1021 187 919 1152 72 1012 1098 158 1151 1363 110 1234 1374 37 1401 1450 
11 29 0 33 86 370 469 184 505 766 29 529 567 90 794 900 227 843 1137 67 1063 1159 90 1097 1226 206 1157 1451 71 1324 1405 35 1441 1482 
10 223 3 264 44 294 343 102 319 473 198 359 595 75 617 720 230 701 981 220 740 1035 94 967 1094 52 1043 1105 53 1287 1368 
9 230 39 323 185 189 455 167 370 594 6 411 418 157 504 730 202 902 1186 81 1026 1135 29 1150 1198 17 1301 1322 
