10 457
35 279 24 352 288 46 374 101 78 188 250 96 366 39 166 211 175 191 393 162 207 386 257 235 520 136 266 417 282 334 663 98 398 508 225 408 670 62 425 492 197 440 668 106 697 816 162 707 886 284 709 1034 274 720 1021 153 755 924 169 814 999 176 816 1006 76 874 958 113 958 1078 178 980 1174 45 1089 1143 50 1117 1170 234 1134 1391 148 1167 1333 114 1192 1312 243 1227 1508 128 1410 1558 117 1417 1547 207 1442 1683 34 1504 1540 10 1637 1648 
53 118 19 152 168 120 309 138 169 319 312 220 555 80 276 364 81 288 378 257 309 592 12 340 353 30 380 411 49 382 435 94 406 508 91 490 586 231 550 808 88 584 686 167 588 781 77 622 709 289 649 955 260 649 934 34 654 692 158 710 887 63 756 826 177 760 955 80 772 861 125 776 917 110 808 930 20 851 873 314 882 1217 177 904 1105 137 927 1079 285 958 1282 124 985 1120 195 1005 1214 212 1051 1292 270 1071 1376 16 1076 1093 182 1088 1279 239 1248 1514 53 1303 1360 263 1319 1607 44 1330 1377 126 1344 1484 68 1351 1425 139 1481 1639 136 1500 1647 75 1538 1623 62 1563 1632 4 1603 1608 34 1617 1655 44 1647 1696 19 1651 1671 19 1663 1684 18 1682 1702 4 1692 1697 
50 38 34 76 249 111 384 231 125 392 54 152 211 235 201 459 309 238 571 209 245 474 237 382 649 232 425 681 12 433 446 145 452 619 85 472 567 63 473 543 241 520 787 103 554 666 98 559 661 133 563 704 244 611 874 207 618 851 39 623 667 113 678 801 150 708 873 238 782 1045 243 828 1103 115 868 1001 87 996 1094 75 1033 1115 110 1098 1217 251 1115 1397 221 1141 1381 177 1160 1364 145 1164 1326 42 1214 1260 172 1280 1464 172 1285 1471 165 1336 1514 134 1348 1501 204 1395 1617 60 1396 1463 41 1403 1446 176 1432 1625 6 1448 1455 26 1525 1555 11 1526 1538 71 1561 1639 20 1572 1594 85 1587 1682 26 1638 1668 38 1652 1696 13 1681 1695 
43 250 58 345 203 134 358 26 144 173 195 155 375 80 170 258 152 212 379 279 271 574 71 348 427 20 413 434 215 478 716 257 489 766 162 493 668 180 512 709 218 573 809 41 659 705 37 663 704 146 692 853 234 702 959 251 799 1072 114 824 947 189 862 1081 107 965 1085 150 1008 1172 253 1053 1327 191 1081 1297 57 1096 1159 167 1112 1304 161 1149 1334 291 1185 1499 292 1192 1512 173 1197 1396 305 1213 1553 254 1313 1603 127 1319 1460 13 1338 1352 27 1339 1368 80 1376 1465 20 1412 1433 121 1414 1547 26 1558 1587 77 1559 1649 21 1585 1608 24 1649 1676 
43 222 20 263 110 29 148 39 39 83 8 109 118 156 210 390 11 244 256 228 255 514 85 268 359 47 313 365 258 422 707 80 488 571 11 525 537 299 687 1027 230 720 975 224 732 995 107 793 911 144 797 967 74 804 885 227 825 1086 146 829 997 162 928 1118 53 947 1007 22 1005 1029 172 1017 1213 91 1018 1117 51 1081 1135 6 1103 1110 302 1135 1473 275 1154 1455 111 1208 1336 53 1219 1277 188 1241 1454 81 1251 1335 226 1280 1539 175 1316 1512 73 1341 1422 174 1358 1547 120 1361 1492 277 1367 1672 126 1397 1540 126 1400 1546 63 1582 1651 21 1636 1659 
39 253 22 291 196 123 361 179 138 334 231 244 489 67 251 323 58 256 322 212 277 504 267 295 591 290 307 638 38 366 406 293 516 849 4 551 556 59 562 629 169 609 785 12 618 631 103 632 748 236 667 939 146 706 871 280 746 1042 121 761 892 293 797 1125 188 828 1039 262 945 1227 63 990 1060 47 1001 1051 241 1024 1301 120 1126 1265 110 1140 1265 151 1163 1329 223 1193 1446 161 1214 1398 10 1233 1244 258 1256 1554 229 1264 1518 209 1287 1514 203 1311 1538 178 1501 1692 110 1510 1633 2 1677 1680 
46 74 6 87 80 40 129 96 56 162 304 88 420 260 114 405 168 178 365 145 209 377 231 237 498 62 255 322 35 256 295 177 262 457 21 264 287 260 278 566 30 296 328 230 307 562 269 333 629 208 357 582 267 540 830 160 603 778 26 642 670 86 666 765 189 678 890 187 698 902 295 733 1059 184 807 1013 191 807 1016 58 807 873 197 829 1046 32 888 922 223 903 1136 82 929 1022 216 1079 1326 141 1138 1292 125 1209 1346 297 1247 1570 54 1249 1307 175 1339 1530 65 1340 1414 172 1362 1546 130 1405 1551 204 1405 1627 182 1466 1666 13 1598 1612 9 1612 1622 14 1686 1701 3 1688 1692 
51 193 6 213 229 37 290 241 140 405 92 147 248 146 169 329 215 228 454 105 297 405 13 337 351 180 377 572 271 407 697 50 419 476 204 434 669 2 457 460 256 458 728 168 479 670 219 557 801 42 588 635 49 590 643 7 593 601 179 600 795 224 605 849 7 668 676 18 681 700 149 687 851 154 702 881 87 722 818 270 733 1024 177 758 955 184 819 1031 208 864 1091 238 865 1115 129 947 1086 32 957 990 118 959 1091 22 985 1008 186 1010 1219 173 1080 1274 212 1182 1417 216 1294 1530 43 1351 1397 24 1373 1399 222 1402 1643 60 1414 1482 195 1427 1645 239 1431 1700 129 1434 1581 186 1445 1653 68 1461 1534 3 1546 1550 38 1546 1587 23 1619 1644 
46 284 3 316 258 40 329 80 106 193 40 111 154 252 160 445 225 169 416 299 198 534 237 239 490 208 262 488 37 272 312 74 285 368 299 286 624 125 361 493 230 364 610 84 461 553 139 472 628 41 585 630 120 612 742 125 615 753 77 690 772 9 714 724 190 776 982 308 790 1121 27 791 820 246 792 1064 245 828 1111 233 895 1147 232 920 1176 21 954 977 262 1002 1301 142 1028 1183 148 1056 1216 31 1062 1095 138 1229 1382 126 1248 1392 23 1262 1286 212 1298 1528 226 1332 1584 48 1416 1469 8 1417 1426 102 1429 1543 212 1460 1691 103 1551 1665 70 1564 1641 30 1615 1649 18 1661 1680 
51 35 14 53 22 40 63 193 85 309 221 166 421 5 204 210 227 229 476 168 249 431 46 258 309 118 266 401 206 272 494 300 280 618 197 304 527 301 312 645 299 343 653 17 363 382 64 381 454 270 396 714 309 430 769 55 479 540 310 480 812 211 501 726 207 517 740 14 525 540 93 538 639 21 557 580 178 585 779 73 635 715 141 659 815 130 695 839 51 717 772 165 872 1054 75 932 1017 27 966 995 131 1010 1152 15 1038 1054 102 1050 1160 5 1061 1067 283 1070 1391 297 1071 1406 31 1143 1177 15 1143 1160 133 1144 1290 208 1159 1396 75 1174 1256 131 1308 1447 155 1422 1595 28 1427 1458 120 1448 1582 41 1474 1519 20 1530 1551 2 1629 1632 
