10 71
11 69 87 197 221 630 885 29 634 679 51 646 741 34 755 819 10 848 866 79 927 1079 46 1084 1150 113 1265 1436 55 1319 1405 25 1359 1400 
6 10 3 19 119 140 375 133 346 617 134 955 1179 52 1096 1207 23 1183 1218 
7 194 172 436 201 204 442 182 976 1235 155 1187 1481 56 1335 1437 6 1508 1516 4 1510 1516 
8 90 22 172 65 508 641 126 776 956 132 834 1036 102 840 990 57 995 1086 49 1427 1515 39 1441 1519 
3 154 541 804 99 695 937 116 795 1076 
5 94 445 640 97 599 736 96 891 1083 91 947 1082 183 1087 1369 
6 135 383 649 82 390 540 55 1061 1130 128 1251 1451 101 1254 1434 12 1314 1333 
9 14 200 220 49 256 342 189 313 573 102 377 603 4 840 845 164 1151 1379 23 1269 1306 25 1341 1382 69 1405 1489 
7 118 30 278 55 164 271 94 327 471 53 883 963 76 929 1060 149 1148 1395 83 1310 1438 
9 9 149 161 72 186 304 53 198 286 81 252 384 43 417 513 160 481 684 64 1049 1170 59 1110 1227 60 1361 1457 
