10 41
3 87 409 613 68 537 661 4 1312 1318 
4 208 435 688 53 577 674 125 1108 1278 38 1179 1239 
4 106 568 765 42 700 748 61 932 1038 13 1256 1277 
2 134 347 566 111 416 593 
2 120 188 387 175 1055 1310 
5 12 189 204 131 379 535 59 448 551 155 788 1043 98 930 1069 
3 15 40 78 86 726 882 165 1003 1266 
9 31 8 56 6 87 95 45 706 776 26 915 964 13 1131 1151 85 1169 1323 9 1274 1286 6 1282 1291 5 1322 1328 
4 19 42 80 118 892 1087 25 1217 1256 62 1234 1326 
5 9 179 194 112 817 1000 186 898 1157 3 1139 1143 2 1301 1304 
