10 108
12 45 130 181 105 332 443 21 376 399 215 499 734 149 518 689 114 524 649 118 606 730 132 689 833 227 1056 1296 224 1057 1303 50 1211 1266 81 1236 1327 
9 84 176 270 172 402 603 162 637 817 179 722 921 83 824 915 203 1035 1263 94 1093 1199 40 1253 1295 41 1288 1333 
11 176 95 286 148 159 325 81 162 251 173 175 357 118 195 329 128 243 379 92 283 386 37 480 521 30 622 655 172 914 1112 157 1158 1333 
14 222 75 320 143 300 457 97 354 459 94 355 455 69 520 598 39 531 573 96 724 828 148 750 913 244 872 1135 169 911 1096 134 945 1093 13 1007 1021 29 1071 1104 3 1315 1319 
12 219 303 543 158 322 492 225 383 630 169 423 602 28 498 529 13 507 521 190 901 1115 2 989 992 96 1041 1150 130 1113 1256 48 1241 1293 52 1261 1321 
7 175 120 321 202 153 375 179 351 552 189 613 827 82 800 892 194 1096 1310 31 1286 1320 
10 209 96 328 194 227 445 24 232 258 151 476 647 82 513 602 220 671 923 220 965 1205 72 1152 1230 26 1161 1189 18 1302 1322 
11 65 110 183 198 227 444 203 247 477 158 251 422 194 415 631 112 425 542 6 504 511 81 748 841 86 861 953 82 1030 1118 52 1259 1316 
13 87 18 109 102 34 152 201 157 388 60 213 278 155 253 429 196 280 500 47 400 450 84 464 555 90 910 1014 175 1020 1208 21 1262 1285 39 1271 1313 4 1331 1336 
9 169 74 266 20 235 256 72 309 388 232 536 796 165 823 1005 225 905 1155 31 1049 1084 129 1136 1280 30 1282 1316 
