10 108
8 145 102 352 84 181 354 33 436 495 116 690 883 78 1079 1209 185 1131 1397 142 1190 1482 110 1518 1700 
15 85 428 563 117 498 665 218 645 957 186 763 1065 20 818 852 106 1006 1134 181 1160 1492 38 1174 1239 101 1505 1673 10 1515 1531 10 1533 1555 40 1535 1600 12 1566 1585 14 1657 1682 4 1671 1677 
11 70 289 450 48 381 446 72 746 874 89 794 968 132 952 1174 36 968 1052 115 1060 1322 70 1105 1210 221 1134 1454 64 1522 1602 19 1608 1630 
9 115 83 274 87 97 322 118 191 373 87 482 619 17 628 663 81 749 893 145 1234 1544 175 1400 1667 8 1626 1644 
10 214 145 457 64 248 360 127 391 587 156 557 834 148 764 1036 84 770 902 59 799 884 228 1007 1324 79 1444 1590 11 1603 1622 
12 74 30 160 59 90 233 130 385 597 135 464 684 71 862 972 106 1101 1259 46 1156 1227 42 1189 1276 126 1258 1511 62 1414 1500 77 1487 1594 41 1508 1571 
13 89 16 160 28 21 66 244 133 466 109 453 599 121 503 732 129 553 766 219 650 947 162 962 1222 104 1456 1595 91 1487 1615 55 1567 1655 10 1634 1647 6 1674 1684 
7 132 37 257 94 69 239 210 300 628 57 709 789 157 933 1234 88 1064 1289 213 1085 1416 
11 131 74 322 4 469 477 150 511 747 14 572 601 122 639 925 52 705 842 31 904 946 68 1161 1302 53 1485 1583 71 1529 1690 31 1546 1597 
12 133 137 325 27 140 177 71 205 315 84 389 596 159 718 993 116 731 909 2 966 969 146 1025 1247 142 1102 1389 85 1284 1392 79 1492 1631 18 1493 1523 
