10 245
25 69 8 82 248 17 299 124 23 160 35 41 81 113 52 176 192 66 279 217 194 433 169 336 522 190 358 566 232 370 636 222 376 611 265 392 675 36 473 512 203 518 743 196 557 767 100 600 710 244 633 898 44 702 748 237 913 1164 127 919 1063 149 1155 1320 66 1204 1274 64 1210 1280 178 1219 1414 5 1492 1498 
27 10 34 45 235 165 430 136 209 362 185 210 413 66 212 284 182 239 441 49 308 362 172 317 506 164 456 637 68 592 661 41 783 827 211 806 1043 262 856 1156 212 974 1212 82 1023 1112 88 1121 1214 94 1128 1234 34 1147 1184 189 1154 1369 188 1183 1393 69 1195 1272 177 1247 1445 53 1287 1347 120 1311 1443 54 1355 1415 84 1401 1492 27 1412 1440 
26 168 28 212 153 44 215 256 61 356 233 224 478 85 295 392 153 356 528 269 542 839 76 580 665 69 830 908 185 876 1084 82 884 974 24 1004 1031 56 1040 1102 97 1065 1168 189 1094 1313 190 1135 1334 115 1185 1318 210 1193 1427 156 1198 1370 186 1216 1425 22 1280 1305 81 1376 1470 45 1435 1486 10 1462 1473 6 1485 1492 5 1502 1508 
22 217 23 267 273 117 413 32 292 328 233 301 557 211 320 544 243 333 609 50 344 399 20 346 368 273 358 650 160 540 715 242 553 832 181 594 792 146 757 918 162 825 998 281 876 1174 229 939 1194 232 941 1202 155 995 1167 223 1081 1332 133 1241 1385 39 1382 1428 8 1505 1514 
24 185 22 227 252 174 454 137 231 380 262 320 622 72 358 437 237 441 708 272 458 752 6 462 469 233 566 825 199 576 799 60 626 692 255 691 973 275 745 1049 123 801 937 167 855 1042 72 856 937 136 894 1046 39 1012 1055 62 1039 1109 64 1066 1134 72 1199 1277 8 1233 1242 16 1311 1329 50 1465 1519 
20 95 48 153 263 84 388 171 142 338 194 268 480 13 302 316 53 526 587 14 563 578 48 588 643 225 719 973 248 753 1035 270 789 1089 240 850 1115 226 960 1202 258 974 1277 43 1036 1082 225 1036 1284 214 1092 1330 146 1152 1315 14 1307 1322 20 1342 1364 
29 20 54 76 13 74 89 57 144 207 35 182 221 114 222 353 205 260 483 75 303 383 111 566 690 46 652 701 241 652 907 119 690 821 258 692 984 144 717 877 177 802 1025 207 868 1106 20 890 912 168 901 1077 143 915 1078 159 938 1112 227 1009 1264 183 1099 1299 118 1121 1245 182 1238 1430 93 1274 1374 160 1297 1474 59 1327 1391 14 1464 1479 2 1466 1469 47 1467 1516 
26 186 82 292 109 168 294 201 341 566 244 452 729 104 513 628 255 594 869 233 646 899 60 706 774 211 751 985 51 780 835 88 783 880 158 813 986 8 857 866 47 865 917 46 902 953 37 909 950 231 968 1252 38 995 1037 16 1018 1035 48 1073 1126 217 1089 1330 212 1215 1446 145 1318 1479 69 1428 1508 68 1430 1506 2 1510 1513 
24 88 188 281 190 254 467 63 357 427 220 485 725 58 525 589 191 535 752 68 541 615 221 636 884 237 674 937 92 774 875 235 817 1096 234 880 1144 60 1140 1207 45 1159 1206 222 1167 1416 75 1231 1313 83 1241 1340 177 1260 1455 160 1320 1503 97 1321 1426 68 1328 1404 84 1381 1475 17 1449 1467 4 1503 1508 
22 187 40 242 94 49 154 223 64 324 241 72 329 78 190 274 226 246 493 96 278 383 61 285 350 187 287 492 117 388 519 134 401 547 154 464 636 48 531 588 227 587 836 241 630 903 192 678 894 251 717 1005 127 1041 1186 252 1194 1478 89 1307 1407 69 1415 1491 11 1496 1508 
