10 110
12 173 203 422 125 405 596 46 480 548 23 534 569 12 685 698 38 712 771 215 872 1128 151 1013 1216 150 1013 1264 94 1251 1359 7 1443 1451 24 1488 1519 
7 159 240 467 36 502 552 175 520 744 188 528 768 169 717 944 232 790 1090 181 1219 1455 
8 179 69 305 83 398 506 223 470 744 194 490 752 182 624 886 132 707 907 133 1223 1396 60 1264 1348 
10 143 277 486 199 332 570 117 349 526 264 756 1045 142 776 956 91 800 932 62 990 1073 197 1109 1353 89 1232 1339 18 1451 1474 
13 187 225 488 122 361 504 94 437 562 110 673 814 120 701 852 31 843 885 201 861 1101 52 1012 1079 167 1093 1345 92 1181 1293 24 1349 1378 15 1456 1474 3 1510 1514 
11 126 279 441 2 407 410 212 414 702 104 494 633 40 614 685 208 617 866 159 732 933 37 861 910 15 943 965 148 1118 1344 54 1366 1431 
11 192 353 603 125 594 776 80 594 696 28 713 752 175 769 983 186 863 1107 105 1096 1231 76 1243 1333 110 1345 1505 95 1372 1484 9 1437 1449 
11 54 73 144 105 449 581 121 606 784 187 619 838 172 814 1078 189 934 1203 127 1022 1167 79 1191 1289 56 1240 1319 6 1471 1478 6 1490 1498 
13 89 10 115 125 29 216 130 213 393 9 275 288 91 637 750 146 775 978 19 796 820 23 911 943 48 1099 1168 84 1130 1248 181 1251 1498 31 1318 1358 48 1413 1480 
14 8 31 41 189 91 351 138 475 628 182 513 753 144 609 796 52 809 876 74 908 1009 157 937 1121 181 1033 1273 2 1077 1080 137 1259 1437 104 1348 1478 94 1368 1476 6 1477 1484 
