10 185
20 84 126 226 43 163 223 52 275 360 208 281 586 182 309 531 123 425 581 152 511 721 8 515 525 104 538 680 94 590 710 182 843 1078 109 907 1050 38 921 971 166 1017 1241 18 1118 1143 119 1280 1442 113 1358 1490 62 1488 1568 137 1491 1693 20 1652 1677 
17 22 176 205 253 291 620 225 578 871 228 756 1056 26 788 822 121 815 960 29 957 999 189 1054 1292 157 1213 1420 101 1317 1449 209 1346 1634 175 1348 1594 185 1388 1631 77 1503 1600 82 1549 1663 105 1555 1687 19 1607 1630 
18 76 163 264 155 239 461 6 255 262 205 342 605 165 365 559 133 386 576 19 484 512 82 677 782 10 769 781 222 921 1201 90 933 1038 161 1097 1336 149 1230 1501 98 1275 1403 168 1396 1594 156 1443 1646 47 1456 1512 91 1496 1627 
18 250 159 465 155 263 435 178 277 512 21 658 682 142 790 973 132 867 1022 223 880 1180 28 901 936 236 1123 1437 78 1182 1286 137 1294 1484 198 1330 1583 179 1338 1552 129 1394 1571 147 1471 1696 127 1511 1669 20 1654 1678 3 1675 1679 
21 38 23 78 174 203 418 222 206 497 126 259 427 236 344 634 43 488 542 163 909 1122 261 922 1235 72 1080 1175 164 1090 1344 265 1195 1511 226 1199 1487 78 1220 1316 13 1247 1263 129 1332 1488 96 1397 1522 98 1404 1536 93 1443 1572 51 1483 1553 7 1502 1511 2 1697 1700 
19 159 23 223 26 240 270 231 248 577 125 248 425 4 288 293 92 488 609 246 536 875 45 560 621 214 612 883 147 622 818 244 777 1094 17 931 952 5 955 961 198 991 1288 64 1010 1094 7 1174 1183 43 1402 1453 37 1435 1485 50 1603 1673 
18 44 151 209 168 215 442 74 315 411 191 317 564 66 512 591 243 654 994 54 685 765 144 1007 1187 73 1114 1205 260 1163 1501 167 1197 1430 105 1227 1364 71 1227 1332 38 1255 1303 63 1281 1371 166 1288 1557 45 1387 1446 63 1577 1665 
18 196 12 268 71 21 122 54 140 211 96 147 275 23 152 188 58 388 468 223 428 720 79 607 704 140 864 1062 101 1021 1167 53 1062 1129 15 1140 1161 208 1140 1435 113 1158 1317 203 1200 1503 37 1236 1288 5 1384 1390 72 1546 1662 
16 266 77 416 105 367 527 213 416 691 127 431 591 86 434 551 40 466 525 241 500 791 200 517 787 34 705 746 138 899 1061 97 923 1052 149 1019 1213 236 1039 1333 167 1044 1278 124 1095 1263 11 1682 1696 
20 178 174 389 36 368 415 62 417 492 243 477 795 97 511 651 54 546 616 37 626 675 80 642 750 26 648 680 132 702 875 113 729 888 218 757 1059 79 867 972 75 991 1087 217 1069 1347 86 1079 1188 106 1095 1251 179 1393 1601 123 1491 1653 41 1625 1676 
