10 50
4 104 814 946 66 934 1024 175 949 1210 119 1088 1255 
7 172 70 279 211 389 630 71 527 622 25 535 568 126 670 846 24 1088 1116 27 1234 1271 
5 208 143 381 51 294 366 161 404 611 174 683 909 24 834 865 
7 218 52 319 164 121 317 36 473 516 53 594 662 54 1216 1287 89 1227 1331 36 1262 1310 
5 69 320 438 8 916 925 182 976 1223 6 1157 1164 65 1240 1330 
3 136 320 506 127 598 805 181 873 1098 
3 9 415 426 143 570 778 164 782 1022 
3 185 601 838 132 672 869 59 800 867 
6 5 133 139 146 374 571 139 535 726 47 648 715 103 906 1048 7 1323 1331 
7 155 423 632 77 498 613 24 841 870 32 947 985 137 1014 1176 101 1119 1242 69 1222 1308 
