10 49
5 97 483 615 75 615 737 170 800 1036 45 1141 1203 29 1175 1214 
4 48 215 287 80 450 559 125 899 1070 56 1028 1106 
6 125 18 220 34 846 889 37 855 901 129 997 1164 67 1100 1189 17 1166 1187 
4 20 184 209 111 740 870 145 752 953 156 983 1211 
5 110 66 217 96 203 327 141 507 701 23 788 821 135 885 1045 
4 120 197 347 167 394 623 7 585 594 97 1071 1196 
5 26 507 541 19 577 600 78 627 735 123 709 873 90 757 881 
5 112 678 810 78 693 796 170 813 1027 80 997 1094 52 999 1065 
5 101 324 458 56 534 602 217 553 790 140 669 849 55 994 1067 
6 66 37 131 47 607 671 40 624 674 112 758 906 175 956 1191 62 1064 1144 
