10 442
41 247 2 275 175 9 194 119 101 229 81 149 241 18 173 193 117 200 325 276 248 555 264 257 541 141 279 432 61 294 363 249 313 582 153 412 581 28 461 491 142 470 626 99 515 620 40 578 623 138 596 744 141 640 788 152 655 824 222 663 914 285 681 987 28 727 756 79 758 843 239 801 1068 204 812 1044 110 816 939 162 853 1032 179 890 1096 21 907 930 103 931 1049 97 935 1039 157 944 1121 211 963 1197 118 1087 1218 166 1110 1298 254 1211 1516 143 1293 1451 80 1302 1388 82 1406 1493 47 1461 1513 8 1532 1541 
43 161 14 188 236 43 310 81 57 148 26 94 122 75 181 263 23 241 267 64 259 326 103 272 390 67 439 516 230 485 748 6 493 500 41 551 600 197 594 800 246 623 901 100 624 734 206 668 897 118 682 819 266 687 969 270 765 1057 202 792 1016 72 797 873 270 808 1108 110 812 940 72 825 902 135 826 973 241 844 1114 200 862 1090 47 874 924 24 914 940 68 982 1056 273 996 1299 40 1000 1045 18 1029 1049 118 1100 1229 106 1193 1311 156 1214 1385 54 1221 1282 188 1245 1449 189 1308 1518 14 1363 1378 75 1375 1459 124 1389 1525 92 1444 1544 
44 148 4 168 226 13 257 230 79 336 237 105 370 49 146 202 206 245 485 108 294 411 108 380 504 3 418 422 106 424 535 111 486 606 91 511 611 118 515 647 97 563 667 71 594 674 57 616 679 3 628 632 85 649 743 124 678 813 155 681 857 216 709 948 228 712 967 136 731 880 26 771 799 193 842 1053 73 881 968 269 882 1172 240 947 1224 38 982 1024 43 984 1029 180 1005 1202 270 1023 1323 75 1047 1128 208 1070 1294 38 1110 1151 55 1165 1223 215 1173 1408 91 1187 1291 221 1251 1497 71 1258 1335 139 1259 1415 4 1362 1367 63 1442 1513 53 1464 1519 
46 134 35 186 238 58 323 123 76 212 131 143 292 29 176 208 34 187 224 120 194 324 79 281 372 184 335 536 25 380 407 144 390 541 198 409 632 192 491 696 64 530 608 213 534 766 84 607 697 113 628 754 81 684 771 126 781 926 190 798 1011 102 838 950 172 868 1067 232 873 1114 143 889 1054 39 904 947 10 919 930 239 982 1246 116 985 1111 145 1043 1204 158 1053 1224 48 1083 1136 271 1107 1416 241 1191 1457 82 1191 1282 154 1198 1375 73 1238 1319 52 1278 1334 99 1329 1437 137 1344 1497 73 1433 1513 11 1462 1474 48 1464 1518 61 1480 1546 39 1481 1526 30 1513 1547 2 1539 1542 
44 230 26 276 68 92 168 236 112 388 57 132 195 68 143 218 162 172 354 9 188 198 204 209 433 116 220 349 239 345 617 84 356 451 64 493 566 68 515 589 174 584 765 196 585 807 226 592 834 243 602 867 236 625 886 126 634 775 32 680 716 167 742 922 188 764 969 56 787 848 234 841 1091 188 947 1152 54 965 1025 245 1041 1310 163 1054 1236 26 1120 1148 107 1168 1293 36 1174 1213 191 1189 1409 188 1197 1406 37 1222 1263 124 1329 1463 22 1352 1377 165 1359 1543 32 1375 1411 16 1387 1404 34 1414 1452 101 1428 1539 83 1442 1532 4 1445 1450 85 1448 1542 
43 142 4 165 149 58 228 221 127 372 95 128 233 167 218 405 253 238 521 206 268 492 106 269 389 48 309 361 237 338 592 129 341 484 141 358 507 222 359 610 228 364 613 48 368 421 282 369 673 168 374 554 109 452 566 108 507 627 69 570 646 148 679 845 186 702 907 90 750 846 190 754 961 117 757 883 114 767 896 227 827 1074 156 833 1003 190 914 1124 39 939 981 219 963 1207 140 1021 1175 45 1040 1087 213 1132 1380 253 1132 1390 8 1141 1150 209 1151 1370 142 1303 1461 31 1493 1527 44 1495 1542 11 1520 1532 9 1526 1536 2 1540 1543 
47 211 1 231 211 15 244 4 27 32 68 42 117 57 84 146 186 91 302 137 153 310 210 207 437 34 252 287 40 277 320 263 289 568 185 324 523 42 341 386 92 342 443 106 362 477 80 376 468 233 400 650 271 434 734 42 474 521 183 601 787 264 652 932 190 658 874 142 669 833 203 686 908 216 696 927 171 719 910 90 722 818 25 766 793 235 791 1063 61 826 890 82 856 947 29 867 899 158 886 1059 173 933 1126 155 941 1109 199 966 1185 16 1015 1032 37 1032 1072 25 1045 1074 160 1094 1277 45 1194 1243 191 1238 1450 86 1260 1356 168 1338 1520 10 1386 1397 97 1414 1523 12 1464 1477 
39 270 38 342 92 163 265 168 209 389 183 243 443 182 264 463 259 272 561 68 303 375 81 317 408 242 319 584 231 357 613 130 481 630 145 489 651 218 492 743 96 530 638 73 538 620 101 569 683 220 621 860 207 668 903 267 675 963 281 680 975 213 681 936 9 684 694 43 706 752 67 712 785 52 820 878 12 915 928 52 955 1015 24 1016 1043 79 1086 1177 111 1094 1218 276 1098 1405 142 1129 1284 194 1144 1357 4 1238 1243 20 1361 1382 121 1367 1497 153 1372 1542 118 1386 1522 18 1520 1539 
49 10 6 17 214 52 288 22 111 136 100 135 246 105 183 297 119 186 309 5 194 200 280 215 508 115 227 361 76 227 307 124 241 385 155 263 436 10 266 277 242 270 537 110 294 409 130 313 463 20 412 433 274 413 714 50 506 562 274 570 879 106 572 684 109 579 694 89 638 742 85 661 757 98 669 779 188 686 905 162 695 887 273 698 994 251 701 976 112 766 890 11 866 878 56 889 950 250 981 1260 175 1022 1219 29 1030 1061 113 1059 1180 82 1093 1186 241 1191 1450 24 1224 1250 22 1251 1275 114 1327 1450 55 1328 1388 62 1351 1421 42 1355 1403 137 1369 1526 73 1390 1468 81 1390 1478 93 1432 1534 10 1490 1501 
46 63 16 83 215 54 288 58 83 150 53 116 174 180 172 366 70 173 254 56 234 298 172 250 443 39 289 333 142 401 558 2 405 408 107 462 585 196 490 703 238 557 823 230 669 935 277 670 973 253 694 962 89 700 797 55 709 769 268 760 1060 223 771 1026 206 772 1006 76 788 872 103 803 910 255 856 1143 120 870 1002 106 887 1005 237 938 1202 38 966 1007 122 1024 1150 245 1025 1296 67 1047 1123 135 1052 1205 44 1082 1131 15 1089 1105 220 1126 1378 69 1156 1234 215 1243 1485 31 1301 1336 14 1315 1330 38 1439 1481 12 1493 1506 19 1523 1543 2 1539 1542 4 1540 1545 2 1544 1547 
