10 82
8 159 100 309 167 102 349 130 170 357 116 302 467 37 485 537 132 804 976 93 1101 1281 6 1353 1363 
13 58 123 211 14 170 188 12 224 239 155 266 525 114 577 739 16 721 743 10 739 758 18 936 970 43 1128 1213 13 1184 1203 17 1192 1246 38 1249 1319 5 1317 1323 
7 28 455 538 80 557 715 117 609 800 91 956 1087 59 1012 1138 43 1055 1119 55 1098 1170 
10 83 4 167 14 36 59 8 617 628 37 693 753 180 706 981 36 847 926 26 981 1034 94 1112 1229 47 1245 1336 16 1334 1364 
7 94 194 345 62 337 432 21 487 526 149 599 830 55 808 897 63 815 951 136 1094 1295 
7 19 87 137 53 168 269 35 228 278 75 505 635 156 532 778 55 592 685 105 1023 1213 
8 133 114 377 20 120 153 174 267 488 91 436 594 117 1070 1269 52 1131 1221 3 1313 1318 16 1315 1341 
7 99 40 207 53 54 139 101 292 458 46 641 715 83 1031 1218 69 1216 1338 27 1339 1381 
6 102 116 279 96 616 797 7 666 680 141 697 914 175 995 1266 120 1056 1240 
9 48 98 179 134 128 343 36 128 183 17 288 315 101 893 1040 6 1035 1047 200 1052 1326 113 1202 1359 36 1224 1296 
