10 259
21 223 161 420 225 186 435 99 191 304 77 211 295 193 219 431 235 231 487 108 233 353 62 254 321 137 258 410 159 421 594 209 454 686 126 459 595 188 469 691 155 682 859 49 747 802 120 927 1059 32 950 985 127 960 1110 45 1121 1172 62 1284 1354 36 1290 1331 
29 52 7 62 39 74 115 165 131 312 82 193 281 68 193 269 187 212 409 209 218 445 59 225 292 90 258 360 88 272 378 161 315 500 59 355 420 221 466 708 235 488 760 231 578 834 17 585 604 25 590 617 156 640 814 172 661 847 208 711 932 123 776 912 23 911 936 34 1103 1141 137 1120 1277 29 1241 1272 110 1247 1371 63 1263 1333 12 1318 1332 12 1361 1374 
23 170 191 380 193 196 415 40 236 278 170 248 434 198 336 557 12 345 358 219 442 691 213 515 751 235 565 829 167 602 788 23 648 674 197 893 1117 65 911 983 30 926 958 159 933 1118 192 964 1180 49 971 1027 93 1056 1157 79 1067 1157 57 1196 1259 74 1270 1348 7 1278 1286 41 1335 1379 
28 27 24 52 232 36 302 134 105 260 196 134 356 38 147 188 61 154 222 110 197 316 239 217 479 9 341 351 9 480 490 71 483 567 136 576 733 71 688 770 174 709 898 118 736 869 213 815 1046 122 936 1071 11 946 958 175 974 1169 150 1066 1233 183 1154 1357 33 1187 1222 130 1190 1332 68 1252 1331 83 1253 1344 25 1269 1296 3 1372 1376 4 1375 1380 
27 4 6 11 243 69 344 54 74 131 19 89 110 66 281 352 139 296 444 114 368 499 230 387 637 56 393 458 228 454 708 153 475 641 38 480 523 216 509 745 207 528 758 138 552 707 89 586 685 167 599 776 119 703 839 75 728 815 149 838 995 71 896 977 95 919 1024 184 955 1160 72 965 1046 30 1279 1311 72 1291 1370 3 1375 1379 
26 132 23 165 69 83 158 109 93 213 92 159 264 237 197 468 149 213 372 155 327 503 81 426 514 75 460 542 163 464 643 150 466 627 211 511 753 198 591 822 153 600 770 56 647 708 87 724 824 201 939 1155 248 975 1249 16 988 1005 49 1071 1124 37 1184 1225 120 1189 1320 3 1206 1210 40 1238 1283 11 1308 1320 18 1349 1369 
27 126 12 147 135 98 241 95 197 305 112 235 360 77 252 336 203 269 492 203 298 518 126 497 633 231 651 926 120 752 890 58 759 825 164 767 949 188 844 1046 119 873 1008 130 913 1058 207 936 1170 143 945 1109 153 1108 1282 192 1125 1335 54 1226 1283 4 1247 1252 21 1276 1299 65 1293 1362 72 1299 1378 43 1306 1352 60 1313 1379 2 1378 1381 
26 79 39 124 70 185 260 175 199 394 35 201 240 8 249 258 227 299 540 159 417 595 209 517 745 130 522 669 136 604 750 168 631 817 107 638 757 97 690 805 218 814 1050 135 850 999 170 891 1077 19 907 927 139 994 1146 173 1013 1207 75 1064 1145 224 1108 1348 84 1155 1244 143 1160 1323 148 1215 1379 21 1305 1329 2 1378 1381 
24 226 35 279 74 95 175 103 99 211 34 104 141 168 155 343 107 294 410 251 321 589 78 387 472 181 450 654 169 565 761 227 572 822 107 581 701 62 625 697 134 652 797 157 759 927 143 840 1004 165 957 1148 216 1033 1265 187 1057 1258 142 1071 1226 77 1092 1184 81 1178 1262 28 1213 1244 49 1324 1379 
28 106 1 114 132 86 231 128 125 264 241 160 417 150 210 375 180 256 454 31 263 297 131 273 413 115 283 409 62 293 363 18 293 312 2 392 395 61 465 531 168 492 691 240 541 796 6 662 669 57 765 826 167 806 992 191 810 1023 151 834 999 4 858 863 147 883 1045 214 928 1169 207 1027 1260 116 1210 1341 126 1232 1367 3 1336 1340 12 1347 1360 
