10 115
11 32 12 55 193 263 485 171 319 544 45 372 434 187 624 883 177 644 872 196 704 945 77 790 893 51 1030 1101 35 1194 1243 82 1226 1323 
11 157 14 206 89 74 221 150 358 563 80 400 525 139 545 732 223 768 1040 68 793 874 51 1127 1192 83 1184 1307 63 1283 1366 13 1351 1374 
11 237 146 422 165 188 397 59 190 264 167 210 411 146 235 444 90 628 737 152 930 1117 46 1070 1126 46 1112 1177 106 1214 1352 97 1219 1354 
10 156 66 296 177 115 351 8 130 140 134 356 563 122 365 497 36 385 423 162 416 645 145 780 950 172 784 1028 14 1295 1314 
15 139 38 210 14 80 98 97 85 222 51 219 284 170 287 508 4 455 460 144 844 1029 100 892 1012 91 1049 1177 137 1056 1239 120 1081 1218 36 1081 1123 108 1214 1349 60 1310 1381 3 1341 1345 
11 24 64 97 92 99 234 138 119 294 101 200 353 45 294 348 103 524 665 206 594 850 174 908 1113 65 919 1009 108 1104 1264 3 1134 1138 
11 43 79 137 72 242 338 76 681 776 158 687 885 94 690 804 189 872 1116 27 931 969 151 989 1183 143 993 1176 118 1071 1234 122 1159 1315 
12 132 218 396 211 261 522 112 488 637 52 504 583 170 577 785 129 665 808 13 672 689 160 994 1227 158 1029 1209 16 1054 1078 62 1189 1277 28 1193 1232 
12 77 180 291 34 213 259 163 372 575 146 428 631 17 516 538 191 700 970 81 952 1059 69 976 1072 116 980 1135 32 1098 1145 154 1130 1351 47 1155 1221 
11 57 176 265 128 191 375 174 217 464 116 340 493 192 358 608 43 660 715 11 767 781 16 827 847 115 863 1023 164 1131 1337 37 1296 1347 
