10 102
8 215 113 351 104 127 245 122 265 401 74 720 799 197 733 967 177 859 1048 223 869 1109 21 1124 1146 
13 215 303 543 194 416 631 132 551 693 180 568 767 67 588 658 140 589 742 66 592 667 20 612 633 195 822 1026 61 1051 1117 82 1089 1179 12 1141 1154 5 1176 1182 
10 57 16 78 136 105 260 77 107 192 188 111 312 104 295 411 126 328 467 92 357 460 93 666 768 123 751 888 125 912 1052 
13 124 68 206 225 282 521 20 300 322 137 310 462 137 414 567 16 438 455 146 461 627 64 868 939 55 1012 1073 116 1019 1148 70 1079 1158 15 1129 1145 46 1137 1188 
14 110 56 177 105 192 303 14 239 254 67 391 466 118 466 599 31 555 590 145 588 748 78 623 711 171 675 870 130 738 880 82 759 845 59 883 948 145 925 1080 7 1154 1162 
8 189 571 780 172 625 823 192 658 876 162 814 997 180 987 1187 37 1144 1183 23 1171 1196 19 1188 1209 
10 187 20 243 120 147 280 104 175 295 164 342 526 139 557 721 112 574 696 28 749 779 79 806 891 79 1005 1092 37 1108 1147 
8 205 6 231 222 81 324 166 158 346 101 172 283 113 259 392 113 770 891 116 817 948 106 925 1040 
11 130 24 165 135 136 281 176 214 416 160 344 528 173 744 937 28 825 856 92 851 953 102 879 996 101 1004 1112 7 1182 1190 12 1186 1199 
7 180 82 299 167 115 295 23 120 145 162 168 352 106 297 415 70 672 748 196 739 961 
