10 124
11 118 193 439 79 230 339 157 243 539 164 385 624 3 681 685 8 822 834 35 882 963 62 972 1072 6 1006 1013 108 1083 1300 106 1113 1309 
9 30 145 193 157 171 442 150 243 478 222 533 835 183 769 1013 180 782 1026 146 831 1104 93 851 1039 104 890 1064 
13 41 246 315 109 652 801 97 729 918 131 850 1051 149 920 1201 9 963 975 21 1038 1072 173 1043 1324 92 1125 1270 58 1334 1438 32 1405 1451 12 1445 1465 11 1478 1497 
13 181 79 322 27 111 149 82 333 465 67 337 447 52 362 427 96 369 540 128 488 728 55 759 837 29 885 926 77 1151 1258 117 1253 1469 161 1276 1541 73 1326 1468 
11 173 238 505 10 485 500 211 610 890 180 634 929 34 653 711 85 733 878 21 972 1008 115 1214 1471 166 1241 1528 41 1278 1358 4 1539 1546 
13 10 12 25 28 308 355 151 425 657 36 456 515 69 464 608 195 614 909 177 644 879 25 673 713 161 681 971 112 979 1128 133 1065 1282 132 1201 1415 14 1399 1424 
12 40 110 163 55 289 392 128 402 595 66 428 527 177 597 849 4 640 647 136 683 930 203 880 1154 180 1007 1283 16 1089 1116 102 1116 1282 66 1286 1377 
11 183 54 333 179 108 397 128 184 418 30 642 694 116 817 1008 44 887 966 136 1052 1285 44 1267 1355 111 1274 1468 36 1347 1408 8 1375 1385 
17 154 40 273 35 72 127 6 285 296 188 534 835 115 643 821 11 673 689 102 685 831 138 723 919 6 813 820 62 855 962 25 1263 1296 87 1274 1418 98 1372 1505 41 1402 1476 49 1433 1525 11 1477 1489 16 1497 1536 
14 148 121 385 110 225 389 19 259 299 151 312 569 16 466 490 119 515 667 150 534 768 78 1152 1378 39 1206 1275 53 1291 1370 42 1342 1402 38 1353 1413 23 1386 1431 20 1494 1532 
