10 188
12 150 317 567 141 373 561 131 584 770 192 715 984 127 730 910 119 742 893 155 870 1081 32 887 929 147 991 1196 152 1164 1378 213 1185 1444 205 1295 1545 
20 153 85 283 161 139 355 56 184 253 96 237 360 79 470 563 148 732 953 97 823 941 29 911 961 163 922 1127 173 948 1182 67 952 1030 155 957 1157 242 983 1279 148 985 1175 108 1281 1434 52 1370 1440 3 1388 1392 20 1411 1434 13 1424 1442 19 1458 1483 
22 97 35 152 13 133 151 134 153 365 74 278 380 42 314 362 173 365 561 21 399 428 207 544 808 5 584 590 19 687 714 168 698 906 24 800 834 146 879 1082 32 886 932 225 966 1271 176 987 1219 59 997 1069 136 1295 1477 97 1297 1435 124 1374 1546 36 1383 1438 21 1517 1545 
17 233 26 325 26 44 79 156 108 314 64 180 264 254 517 823 113 548 708 91 556 709 182 662 912 182 666 879 40 694 753 67 1050 1141 106 1107 1253 186 1119 1347 46 1247 1317 71 1315 1407 90 1418 1535 6 1539 1547 
20 14 0 20 100 43 191 13 290 308 7 318 327 199 378 677 59 421 496 173 425 673 141 515 681 156 553 756 141 575 767 76 621 725 35 702 741 112 891 1091 94 972 1103 63 985 1076 26 1032 1063 30 1069 1108 54 1207 1282 8 1485 1494 14 1528 1547 
21 161 84 286 13 92 110 57 104 171 91 112 249 137 125 309 203 136 385 139 199 365 33 443 483 188 747 1008 28 773 813 167 833 1036 143 873 1064 145 918 1116 52 950 1018 105 1037 1181 58 1094 1176 68 1165 1249 158 1228 1447 69 1291 1382 18 1406 1429 5 1500 1506 
24 69 130 225 158 226 428 70 313 398 58 321 394 70 340 431 196 444 677 241 466 752 54 503 566 77 544 635 169 659 890 84 696 803 166 736 929 177 796 1021 76 810 899 21 890 920 195 900 1147 32 1009 1046 145 1130 1312 32 1226 1267 52 1262 1347 68 1268 1365 67 1402 1504 49 1434 1501 36 1485 1529 
20 241 13 290 91 32 148 114 76 233 163 184 390 117 290 453 25 354 385 110 446 609 59 528 608 65 655 755 94 679 803 62 821 897 220 903 1173 90 1027 1157 198 1028 1283 21 1084 1113 7 1127 1136 141 1326 1508 76 1430 1534 62 1437 1522 15 1454 1474 
14 158 46 266 18 128 151 132 279 451 173 628 875 88 735 857 107 756 893 227 791 1066 212 915 1210 142 931 1150 157 978 1203 106 1109 1260 62 1157 1244 109 1175 1325 4 1542 1547 
18 2 7 10 84 59 161 174 149 368 57 294 371 109 416 554 181 487 728 150 526 732 243 547 835 117 565 712 202 597 882 120 988 1153 157 1000 1195 3 1027 1031 29 1177 1219 13 1256 1273 59 1346 1447 99 1353 1516 38 1359 1408 
