10 118
11 84 274 385 139 389 667 243 682 1009 12 705 723 55 983 1085 86 1057 1184 74 1218 1343 203 1289 1617 180 1504 1772 28 1584 1634 154 1637 1878 
10 143 0 235 163 494 741 122 539 774 243 970 1336 76 1311 1513 290 1365 1743 187 1615 1867 10 1700 1714 68 1761 1883 18 1812 1839 
14 123 0 159 123 171 359 99 339 499 121 519 707 34 944 996 93 1051 1203 207 1082 1348 118 1158 1326 156 1269 1485 241 1419 1737 230 1425 1729 103 1518 1675 40 1588 1637 38 1620 1682 
11 71 164 314 208 539 898 64 656 765 168 660 959 90 720 866 29 901 946 213 1340 1680 37 1405 1475 40 1611 1696 20 1855 1889 12 1855 1876 
13 57 1 88 152 190 441 70 552 732 170 891 1193 81 1021 1204 51 1139 1244 108 1280 1422 27 1298 1341 185 1324 1601 11 1366 1388 30 1382 1429 13 1525 1542 23 1840 1872 
11 117 237 488 216 280 646 54 330 409 61 800 904 167 1109 1446 48 1224 1320 24 1313 1349 94 1423 1570 39 1664 1740 43 1783 1877 6 1882 1891 
15 199 126 458 106 263 399 95 429 591 39 484 573 157 502 728 48 720 791 299 755 1123 20 772 807 11 877 893 10 1287 1301 86 1347 1477 44 1470 1542 84 1662 1856 48 1675 1776 7 1768 1781 
17 162 172 402 28 267 324 54 349 437 9 375 387 89 495 641 10 512 531 68 535 704 17 838 865 77 1001 1138 263 1077 1401 94 1079 1211 167 1131 1400 192 1149 1458 62 1242 1366 15 1679 1702 31 1684 1730 35 1825 1877 
8 147 19 292 163 64 433 114 214 401 228 659 953 160 1209 1466 197 1279 1635 21 1788 1839 14 1864 1882 
8 185 174 538 145 347 569 137 759 977 92 966 1148 150 987 1311 26 1073 1113 51 1489 1591 99 1701 1862 
