10 428
43 239 29 299 172 91 284 137 166 315 304 234 573 63 392 461 294 395 711 75 405 483 147 423 589 34 462 499 268 467 770 223 498 751 321 537 907 103 597 707 293 610 909 119 613 748 335 635 1010 56 680 740 60 706 771 292 707 1003 121 784 917 61 788 851 126 819 954 302 832 1161 233 913 1178 286 951 1263 164 1020 1203 20 1032 1054 309 1065 1405 297 1079 1398 189 1079 1280 7 1103 1111 299 1198 1547 70 1266 1346 125 1429 1563 101 1489 1600 98 1535 1644 287 1542 1863 121 1622 1755 125 1631 1773 26 1683 1710 70 1704 1782 59 1798 1863 43 1842 1890 
37 267 1 302 76 9 96 112 42 168 250 156 428 190 192 418 115 229 357 283 238 550 218 240 492 25 276 304 353 291 664 330 354 717 327 367 730 192 424 636 274 473 784 326 476 835 290 484 808 85 497 592 104 576 689 85 594 690 288 849 1166 64 965 1035 252 1008 1292 115 1011 1147 165 1062 1246 76 1087 1173 88 1207 1305 108 1230 1350 198 1237 1456 275 1324 1632 146 1467 1628 243 1578 1851 208 1604 1839 64 1714 1782 120 1740 1866 76 1760 1843 8 1777 1786 33 1834 1870 
50 300 1 339 340 35 411 110 198 317 14 243 258 336 279 630 196 325 548 88 411 509 133 421 563 13 438 453 76 441 527 273 474 777 135 511 658 44 533 582 118 625 756 14 658 673 198 686 909 150 689 857 199 750 965 112 792 918 35 829 867 57 945 1009 151 949 1117 4 971 976 102 976 1087 30 979 1012 241 1013 1271 323 1152 1498 224 1185 1426 306 1273 1616 300 1291 1626 70 1353 1435 224 1368 1599 248 1415 1671 315 1425 1771 167 1431 1611 184 1433 1623 55 1437 1501 153 1476 1647 175 1488 1678 139 1503 1659 245 1536 1813 199 1546 1762 6 1567 1574 99 1571 1681 4 1626 1631 198 1636 1859 117 1663 1794 130 1703 1853 6 1788 1795 4 1874 1879 
38 278 7 318 154 32 208 312 49 406 305 183 509 228 202 459 188 261 470 96 269 383 124 271 406 220 295 546 154 411 581 64 438 510 237 512 773 167 726 924 200 747 972 223 858 1110 155 937 1114 326 1039 1407 228 1052 1315 29 1079 1111 68 1090 1168 61 1134 1200 215 1172 1408 159 1176 1347 84 1224 1320 249 1238 1528 234 1257 1528 224 1319 1571 134 1418 1569 6 1478 1485 305 1517 1856 42 1529 1576 178 1575 1770 196 1591 1803 10 1663 1674 2 1737 1740 15 1779 1795 71 1789 1864 6 1886 1893 
46 53 70 127 154 143 313 34 162 201 85 250 344 224 263 526 29 278 309 325 374 737 27 439 469 151 442 609 87 467 562 44 470 518 130 510 659 8 545 554 214 562 811 246 572 846 61 662 730 64 683 755 263 687 975 99 756 862 215 766 1007 108 767 889 231 831 1080 92 858 963 224 1016 1260 237 1017 1288 184 1055 1268 222 1059 1298 116 1085 1210 195 1120 1329 280 1245 1571 133 1358 1503 288 1365 1676 201 1464 1678 9 1482 1492 198 1523 1733 242 1545 1827 260 1564 1856 76 1612 1694 87 1659 1752 68 1666 1742 200 1673 1893 8 1687 1696 21 1696 1719 142 1710 1867 45 1819 1867 11 1843 1855 
38 203 23 254 108 29 148 79 59 146 115 97 226 349 131 507 224 212 457 84 244 335 296 258 573 17 268 286 246 345 631 219 356 592 336 384 740 300 404 746 304 413 742 33 511 549 47 627 680 101 688 797 210 689 927 334 825 1192 97 889 1001 206 895 1132 218 979 1224 309 980 1321 181 1025 1234 323 1037 1388 177 1085 1279 340 1099 1470 145 1108 1266 74 1112 1196 297 1188 1506 283 1478 1791 177 1502 1699 92 1579 1679 57 1589 1650 210 1637 1871 42 1745 1793 62 1781 1851 80 1804 1894 
39 302 110 445 196 114 334 123 300 438 131 335 481 138 373 529 307 388 735 262 445 747 128 461 593 274 470 774 165 501 686 272 532 841 234 609 863 21 614 636 195 626 850 112 652 774 205 665 884 69 666 743 264 740 1035 33 795 833 121 993 1122 131 1090 1241 218 1120 1367 257 1136 1409 236 1254 1516 255 1385 1674 314 1488 1832 173 1496 1679 116 1499 1629 171 1558 1751 161 1559 1738 50 1581 1638 13 1595 1609 257 1596 1871 98 1625 1735 176 1654 1849 113 1701 1823 122 1729 1870 6 1833 1840 10 1885 1896 
47 97 12 124 8 15 24 323 43 396 256 158 439 55 264 323 87 369 466 247 399 685 298 584 907 311 599 938 113 629 753 51 693 748 112 733 852 3 735 739 80 740 831 70 757 835 132 766 907 213 783 1028 299 812 1144 329 835 1189 275 877 1181 166 917 1102 134 971 1126 58 999 1064 157 1007 1184 169 1008 1197 235 1053 1313 162 1055 1231 189 1069 1284 50 1158 1214 93 1179 1278 141 1213 1378 2 1239 1242 274 1299 1596 48 1314 1368 5 1320 1326 250 1407 1697 185 1484 1699 13 1486 1500 148 1495 1656 257 1578 1851 233 1626 1883 71 1765 1840 79 1769 1853 35 1808 1847 28 1853 1885 6 1856 1863 5 1889 1895 
46 303 9 365 10 58 69 296 175 515 3 299 303 24 309 335 240 385 665 327 387 742 63 400 469 124 403 540 106 477 594 22 505 529 295 537 876 289 541 851 57 574 635 32 653 689 108 672 791 234 690 961 107 905 1023 84 920 1008 288 933 1241 231 968 1228 60 977 1040 330 994 1367 305 1069 1412 357 1150 1525 209 1177 1405 62 1296 1363 255 1312 1587 114 1322 1453 47 1402 1454 197 1413 1636 298 1439 1768 120 1464 1599 52 1466 1523 171 1468 1651 123 1483 1620 209 1487 1709 227 1549 1809 62 1643 1709 8 1771 1780 85 1775 1868 98 1789 1896 54 1789 1846 47 1797 1852 29 1843 1874 11 1878 1890 
44 172 5 195 240 7 280 153 22 192 231 62 318 26 181 209 337 214 589 171 268 459 233 272 525 280 311 625 162 345 526 295 447 790 125 452 599 264 473 765 253 486 761 203 564 792 146 596 746 216 624 860 63 637 706 163 650 832 95 652 758 203 777 998 67 821 894 42 850 894 164 974 1149 152 1055 1220 187 1056 1260 135 1066 1213 98 1082 1192 154 1230 1393 173 1242 1434 15 1247 1263 263 1381 1674 290 1397 1732 183 1434 1642 70 1517 1595 260 1550 1826 197 1593 1803 59 1630 1694 59 1658 1721 88 1666 1763 82 1789 1883 11 1793 1805 29 1845 1876 18 1857 1877 
