10 294
34 242 8 281 14 238 253 16 294 311 191 298 509 137 357 506 69 358 433 267 456 751 36 534 571 227 566 817 174 571 767 24 590 618 93 598 698 161 644 816 118 664 799 201 712 931 213 755 993 96 778 884 193 896 1109 181 915 1113 222 930 1175 218 1020 1247 258 1075 1361 45 1098 1146 150 1175 1342 122 1292 1420 149 1310 1472 260 1326 1611 158 1348 1511 147 1503 1668 15 1585 1601 27 1655 1684 32 1656 1691 30 1660 1692 2 1689 1692 
35 207 88 322 16 137 154 21 179 201 137 225 376 89 227 326 48 300 355 32 413 448 174 476 667 192 496 703 191 504 712 68 615 689 202 641 855 263 714 1010 92 719 819 277 733 1039 6 899 906 155 908 1081 185 913 1113 38 942 986 304 956 1289 87 961 1059 130 1104 1252 290 1162 1472 179 1312 1510 264 1322 1624 28 1390 1421 169 1412 1600 39 1453 1497 109 1476 1606 146 1479 1639 23 1504 1529 41 1505 1549 43 1602 1649 15 1603 1619 26 1608 1637 
28 236 32 286 111 48 176 138 163 317 35 180 218 249 223 505 207 351 580 124 383 524 14 415 430 43 485 533 259 542 830 204 554 779 202 590 816 54 617 678 283 728 1049 51 804 859 172 855 1044 156 917 1088 197 1075 1287 59 1188 1251 30 1260 1293 251 1286 1579 268 1392 1693 73 1444 1528 97 1480 1590 179 1484 1678 13 1512 1526 14 1521 1536 100 1571 1683 
33 148 1 167 30 12 46 162 50 231 165 247 428 221 248 491 90 280 375 266 328 631 36 536 578 127 552 695 175 563 755 15 599 615 26 625 655 216 654 898 97 672 778 213 680 916 119 684 812 79 739 826 39 751 794 257 764 1051 134 848 992 181 1014 1211 40 1090 1135 92 1138 1239 178 1190 1388 214 1230 1463 32 1406 1442 228 1414 1668 132 1423 1563 69 1581 1657 28 1605 1636 60 1620 1690 37 1641 1681 27 1642 1671 
30 48 127 177 140 143 294 57 211 278 231 259 509 259 320 605 165 362 546 214 439 678 251 448 725 21 509 532 192 547 764 169 580 753 184 597 798 237 784 1050 208 893 1123 320 920 1253 201 982 1216 277 988 1287 36 1103 1144 46 1120 1170 39 1135 1178 107 1192 1305 203 1198 1414 27 1207 1238 19 1257 1279 98 1302 1413 106 1302 1422 85 1304 1396 114 1350 1470 197 1406 1625 169 1467 1652 
24 168 26 219 102 49 156 158 163 339 195 259 478 163 421 596 296 423 758 245 454 731 95 507 612 292 683 1005 80 690 777 82 691 780 235 861 1116 264 865 1156 95 866 972 17 924 943 245 944 1208 298 945 1278 184 1006 1221 99 1173 1282 159 1306 1483 145 1389 1554 118 1534 1667 9 1668 1678 2 1689 1692 
27 188 72 279 108 202 324 48 214 267 192 239 462 6 396 403 179 436 639 168 507 696 44 508 557 134 517 661 277 565 865 184 626 825 37 685 725 297 692 1029 133 723 872 72 730 808 56 815 876 239 844 1108 136 867 1015 19 925 947 212 985 1227 223 1118 1359 15 1162 1179 199 1365 1583 226 1373 1615 185 1401 1608 174 1493 1687 99 1501 1613 
25 59 39 104 181 39 242 146 45 205 195 222 449 261 372 663 252 533 805 237 560 827 217 586 837 216 599 839 240 773 1045 103 803 912 60 828 897 36 858 896 99 867 977 111 913 1036 209 934 1174 187 974 1184 259 979 1280 23 1037 1061 12 1069 1082 69 1070 1142 142 1166 1328 101 1389 1506 40 1436 1481 103 1566 1682 
26 44 15 62 139 37 189 266 50 350 191 90 309 295 223 542 13 297 311 243 364 640 288 386 699 48 412 467 81 438 527 215 504 743 12 628 641 301 700 1038 67 951 1023 105 962 1081 55 981 1041 103 993 1105 287 1086 1416 265 1087 1371 248 1156 1427 202 1259 1476 240 1404 1657 115 1460 1584 121 1522 1667 14 1548 1563 43 1575 1623 
32 116 20 150 13 140 154 187 493 700 130 493 641 32 565 600 241 614 877 229 629 888 118 662 792 45 719 769 178 738 941 289 742 1043 300 766 1094 165 846 1033 257 948 1236 11 1035 1047 303 1114 1436 6 1137 1144 199 1181 1397 68 1181 1255 126 1246 1381 187 1269 1468 145 1277 1437 96 1293 1403 113 1317 1449 61 1408 1478 147 1460 1626 102 1473 1584 150 1474 1637 29 1480 1513 40 1483 1528 32 1644 1678 12 1664 1677 
