10 78
7 155 230 508 89 267 413 3 277 281 169 610 916 38 945 1017 76 1097 1207 59 1428 1537 
8 53 48 145 192 122 455 63 537 646 124 901 1088 40 1257 1343 73 1409 1544 13 1503 1524 13 1580 1609 
9 31 265 307 16 403 427 108 673 848 134 815 1058 59 869 956 73 1046 1167 126 1235 1464 119 1466 1634 14 1525 1561 
4 131 607 836 99 707 842 115 889 1114 120 1233 1529 
6 70 117 292 115 369 548 188 656 932 36 872 919 118 1091 1276 112 1278 1497 
8 184 189 520 165 261 539 224 674 996 62 897 997 101 980 1132 148 1390 1620 21 1407 1443 18 1534 1568 
9 104 39 238 102 695 848 210 754 1013 138 767 981 43 901 971 106 1251 1409 37 1324 1397 30 1588 1643 6 1668 1680 
7 158 235 547 95 237 376 81 348 500 72 525 668 110 593 744 100 971 1135 19 1647 1678 
10 3 191 196 161 430 668 57 432 524 153 484 774 46 658 749 66 885 989 104 1044 1203 25 1070 1108 58 1183 1292 102 1467 1624 
10 14 4 30 137 76 220 166 834 1048 179 838 1065 104 846 1046 110 1117 1326 72 1164 1271 14 1317 1344 73 1416 1498 103 1515 1680 
