10 51
9 30 32 76 43 136 189 29 226 270 92 277 396 7 285 295 179 353 576 219 441 721 27 1353 1389 19 1422 1445 
3 144 258 472 146 488 674 164 897 1135 
4 98 62 187 84 390 518 189 1120 1408 54 1386 1455 
3 178 233 476 109 318 500 90 1243 1381 
5 95 177 294 52 227 289 165 404 654 44 549 605 42 1098 1149 
7 67 180 262 127 306 460 42 369 426 75 376 476 100 557 682 192 603 833 24 1240 1272 
6 36 127 174 97 228 365 32 320 360 21 580 608 222 581 867 208 655 921 
3 158 120 331 131 218 396 185 967 1236 
4 194 442 712 154 706 940 59 960 1032 18 1056 1081 
7 64 495 581 203 615 880 75 702 798 44 846 905 86 1172 1284 65 1183 1274 45 1401 1457 
