10 130
14 124 76 212 149 179 342 117 354 487 116 371 495 150 396 558 261 397 680 84 485 573 6 658 665 66 724 797 74 889 974 110 932 1063 29 1090 1122 237 1113 1366 8 1465 1474 
17 36 38 77 103 124 234 61 181 250 39 227 269 129 227 371 244 395 668 42 779 826 130 969 1108 8 975 984 145 1082 1239 65 1085 1160 201 1121 1347 96 1348 1461 49 1350 1403 50 1410 1463 13 1470 1484 11 1470 1483 
9 257 23 311 176 256 453 170 423 618 105 550 670 29 646 678 137 664 818 159 850 1029 86 956 1051 2 986 989 
7 269 77 371 249 491 775 137 644 797 188 772 989 226 816 1075 42 1016 1062 13 1430 1444 
13 251 167 439 140 347 505 74 407 489 147 514 675 21 616 638 109 805 929 26 860 889 218 1031 1269 26 1063 1094 93 1100 1208 234 1106 1365 44 1227 1276 55 1359 1418 
13 124 464 601 53 644 701 236 646 903 96 683 783 193 907 1122 137 1037 1186 248 1154 1427 45 1161 1209 177 1162 1367 171 1208 1393 88 1249 1341 109 1288 1406 19 1449 1470 
16 204 74 300 42 135 181 6 223 230 202 384 606 65 429 502 54 489 549 199 515 732 173 727 926 29 741 773 23 837 861 116 984 1112 193 997 1203 10 1222 1233 21 1245 1269 90 1381 1476 20 1454 1475 
17 73 121 204 56 255 317 22 305 329 128 707 846 145 824 986 90 965 1067 168 981 1162 226 1188 1424 67 1207 1280 108 1212 1335 146 1268 1424 129 1279 1421 78 1311 1395 50 1362 1416 106 1366 1483 17 1388 1406 6 1483 1490 
12 106 47 166 165 172 358 92 185 284 11 276 288 95 361 469 72 450 528 67 522 599 216 914 1156 212 980 1219 124 1115 1253 47 1411 1463 15 1461 1477 
12 72 195 273 224 331 583 140 431 587 172 439 636 202 572 800 3 715 719 4 748 753 120 1005 1142 153 1042 1210 97 1094 1200 49 1316 1371 10 1468 1479 
