10 107
11 70 10 105 236 13 314 223 143 444 152 189 407 149 331 528 13 531 549 158 1025 1253 3 1073 1077 172 1082 1311 37 1190 1233 24 1485 1515 
10 224 524 818 127 625 796 165 682 901 152 796 998 252 858 1175 92 876 1016 24 921 954 114 1134 1277 175 1182 1408 160 1278 1472 
9 133 167 356 112 261 407 184 427 660 203 539 809 176 595 832 74 647 741 170 846 1060 237 872 1172 81 1330 1439 
10 236 135 433 189 435 738 126 518 674 264 586 913 63 806 892 84 1063 1171 4 1169 1174 222 1247 1570 47 1357 1418 37 1415 1459 
14 102 172 320 47 420 492 144 689 877 95 696 822 144 719 904 91 862 986 24 862 895 111 890 1036 170 895 1120 75 932 1044 156 1342 1530 161 1483 1689 26 1567 1608 19 1593 1617 
8 130 256 432 187 342 622 235 584 887 182 744 997 110 814 962 49 1240 1299 236 1348 1669 75 1439 1539 
13 163 90 308 260 159 453 78 198 316 68 278 364 102 353 485 229 404 687 40 517 570 150 734 960 69 880 975 196 907 1153 80 1188 1303 26 1572 1605 13 1664 1680 
12 130 47 215 94 546 669 35 608 655 173 641 864 149 650 852 248 713 1024 75 1185 1268 56 1191 1263 12 1396 1412 146 1422 1686 73 1481 1578 18 1497 1518 
9 123 60 228 161 115 379 286 589 926 243 622 918 112 775 922 135 1256 1427 165 1358 1606 59 1405 1479 6 1407 1417 
11 108 140 281 105 207 366 231 276 613 53 475 546 2 941 944 69 949 1043 118 955 1107 211 1238 1527 141 1461 1640 79 1541 1645 68 1604 1692 
