10 172
22 82 10 118 106 122 272 138 198 401 212 217 490 216 289 562 92 608 754 117 703 870 58 820 896 284 884 1225 37 998 1042 255 1046 1385 101 1065 1204 164 1072 1281 29 1326 1370 71 1354 1455 173 1373 1580 35 1596 1644 71 1632 1717 39 1742 1792 84 1745 1848 76 1780 1871 25 1833 1868 
20 75 17 117 192 45 295 41 50 104 122 291 456 260 409 756 257 636 969 69 669 775 276 686 1011 210 700 989 60 783 872 261 833 1161 25 920 949 48 1157 1212 208 1451 1709 67 1517 1604 102 1622 1758 53 1682 1748 57 1697 1770 60 1806 1888 31 1822 1857 
14 174 8 269 151 680 903 87 765 865 177 778 1056 181 1049 1319 224 1127 1433 161 1134 1341 249 1384 1701 274 1509 1864 202 1654 1896 124 1668 1835 76 1692 1787 8 1724 1735 70 1796 1889 
18 87 25 153 198 166 424 127 245 397 124 552 725 110 581 738 201 583 843 191 679 934 106 754 912 73 794 885 111 858 1010 82 1063 1163 39 1275 1329 187 1347 1590 239 1354 1684 52 1380 1456 33 1390 1431 121 1434 1603 27 1680 1715 
19 306 15 382 31 145 183 145 373 550 191 483 721 56 656 749 277 705 1046 115 708 848 119 996 1134 208 1063 1309 44 1205 1260 175 1297 1554 214 1503 1835 168 1508 1719 219 1566 1863 102 1683 1819 37 1794 1845 17 1797 1819 10 1835 1849 32 1846 1882 
15 155 377 680 180 413 669 220 492 779 44 802 859 76 896 999 113 912 1059 173 1014 1256 222 1045 1311 140 1109 1305 127 1173 1330 295 1183 1534 97 1385 1500 12 1402 1419 213 1512 1817 41 1690 1743 
17 225 11 336 54 53 128 130 155 326 112 240 385 109 481 622 75 592 691 158 694 934 140 870 1068 46 1045 1105 251 1387 1722 183 1440 1688 35 1446 1498 119 1585 1732 50 1585 1650 54 1586 1661 193 1592 1881 36 1840 1892 
15 204 343 605 52 617 692 149 628 850 31 648 682 258 648 1022 169 690 940 172 886 1162 205 1173 1477 212 1202 1479 247 1434 1733 162 1478 1679 29 1545 1580 133 1676 1846 12 1879 1896 2 1893 1896 
12 175 12 306 9 54 67 87 83 219 136 708 861 222 893 1199 188 918 1250 245 942 1265 254 1166 1465 32 1167 1210 198 1406 1710 209 1478 1768 19 1845 1870 
20 278 74 447 179 227 453 111 263 426 108 312 435 6 449 456 129 455 636 244 460 787 63 477 557 43 481 544 108 687 854 100 693 848 278 874 1252 9 883 896 11 1091 1106 120 1124 1280 51 1217 1288 37 1218 1270 145 1366 1542 96 1747 1890 2 1893 1896 
