10 76
7 191 554 801 210 761 1141 99 1056 1224 325 1257 1678 72 1750 1855 71 1765 1907 62 1831 1930 
8 206 18 399 214 167 436 90 216 387 53 233 304 66 383 477 170 1255 1526 143 1588 1801 234 1657 2038 
7 70 307 405 139 589 866 246 835 1237 181 1319 1607 158 1452 1682 164 1724 1982 50 2141 2230 
6 151 411 701 136 1238 1504 226 1299 1708 193 1394 1678 146 1717 1946 36 2096 2158 
9 100 383 575 42 564 637 50 771 844 7 1279 1292 218 1720 2010 274 1793 2165 109 1933 2112 89 1988 2145 124 2001 2199 
9 59 165 298 237 319 626 189 1307 1563 37 1461 1535 31 1488 1524 142 1547 1822 128 1865 2049 64 2077 2226 6 2200 2213 
10 36 303 376 3 468 474 122 762 973 127 919 1149 288 999 1379 129 1441 1673 241 1454 1777 74 1710 1824 2 1850 1853 55 2117 2204 
5 196 1045 1478 189 1132 1503 112 1369 1583 169 1526 1850 57 1585 1705 
8 104 139 300 50 151 220 104 469 651 274 770 1204 170 1102 1393 132 1691 1917 63 2074 2169 11 2202 2217 
7 134 28 251 100 567 766 57 926 1050 136 1235 1500 126 1701 1890 156 1739 2029 12 2035 2055 
