10 114
7 300 437 843 273 518 955 159 789 1022 40 1018 1075 280 1268 1629 324 1470 1865 116 2054 2204 
11 312 141 567 69 451 535 207 635 942 43 813 872 122 1338 1493 331 1384 1812 205 1904 2185 96 1924 2051 201 1933 2179 18 2076 2098 3 2217 2221 
11 310 182 584 3 288 292 104 310 455 245 662 962 74 1121 1227 342 1307 1735 10 1443 1456 246 1493 1840 291 1615 1975 186 1655 1887 176 1656 1869 
14 37 142 191 9 231 245 81 628 737 332 654 1077 15 852 871 275 1041 1441 105 1121 1252 173 1245 1459 132 1488 1678 308 1780 2222 12 1984 2000 10 2010 2021 6 2018 2026 46 2022 2077 
12 198 224 459 335 429 853 124 603 742 131 760 934 66 843 932 356 896 1334 176 996 1232 115 1027 1171 101 1555 1698 45 1631 1686 134 1768 1950 174 1978 2206 
7 143 116 288 239 290 601 280 315 682 316 549 945 141 596 794 314 785 1209 222 1041 1381 
12 74 220 314 309 317 707 142 436 607 209 469 773 38 496 541 210 858 1114 196 1055 1311 145 1248 1438 204 1642 1921 312 1855 2208 35 1861 1907 48 2155 2219 
12 124 26 186 126 135 309 113 183 307 72 244 351 160 689 920 155 821 1043 47 892 947 145 1123 1316 167 1528 1769 160 1652 1878 263 1760 2123 44 2149 2201 
17 38 306 361 58 367 433 113 642 792 287 681 1054 100 948 1068 234 1070 1413 198 1126 1367 158 1200 1423 100 1452 1577 183 1499 1734 57 1722 1793 108 1739 1892 152 1808 1984 50 1930 1999 10 2111 2124 4 2199 2204 3 2223 2227 
11 278 6 393 307 29 435 61 300 389 230 442 723 185 523 761 132 835 1006 166 857 1051 30 976 1018 35 1452 1498 324 1771 2197 88 2117 2222 
