10 122
14 88 12 164 76 63 197 254 130 523 138 376 534 124 431 650 92 622 779 249 1271 1681 106 1496 1685 153 1506 1726 35 1509 1565 136 1581 1891 4 1752 1757 217 2200 2464 3 2491 2496 
10 246 9 362 230 39 413 144 384 701 223 512 909 304 841 1306 213 952 1282 8 960 970 206 1083 1392 14 1502 1525 31 2448 2492 
12 163 84 393 150 92 308 217 274 565 257 611 967 280 974 1455 215 997 1294 21 1130 1162 132 1138 1325 98 1503 1682 184 2076 2350 229 2096 2473 80 2246 2363 
16 317 68 524 135 695 925 249 709 1161 88 791 921 58 1242 1364 96 1401 1560 66 1528 1652 80 1561 1704 22 1574 1613 11 1668 1688 120 2119 2259 99 2188 2330 103 2231 2415 48 2259 2338 16 2301 2338 47 2319 2422 
13 301 14 511 296 503 943 184 710 968 250 740 1125 22 1564 1612 57 1598 1684 93 1632 1755 241 1699 2010 70 1901 2005 156 1979 2310 66 2115 2273 102 2187 2377 14 2446 2464 
12 284 143 624 85 394 568 96 490 676 196 518 801 300 551 1014 63 641 756 107 971 1251 67 1365 1468 82 1959 2155 67 1999 2119 43 2389 2462 3 2453 2460 
8 244 356 782 320 496 964 24 657 705 275 724 1164 232 1198 1631 203 1862 2244 126 2157 2377 126 2330 2489 
12 107 462 627 265 499 887 4 512 518 241 653 1092 37 845 900 185 1371 1772 247 1527 1983 189 1844 2081 185 2036 2332 100 2188 2374 145 2269 2486 4 2484 2489 
12 64 98 220 101 143 359 264 349 833 68 548 653 186 672 972 78 1684 1820 353 1801 2282 59 1836 1925 112 2097 2290 127 2212 2457 56 2350 2449 27 2434 2478 
13 89 89 225 9 322 337 177 447 829 88 496 633 37 691 761 38 852 915 214 1247 1561 329 1619 2086 150 1681 1995 36 1740 1797 42 2222 2297 100 2285 2480 87 2289 2428 
