10 265
31 264 36 331 175 176 365 110 190 309 227 472 727 242 521 785 61 541 612 101 542 658 160 684 861 200 760 998 147 789 957 123 886 1024 395 916 1353 132 1118 1263 120 1195 1330 202 1245 1460 203 1350 1575 198 1420 1638 239 1424 1700 305 1521 1880 355 1597 1980 17 1673 1691 184 1882 2084 93 1977 2082 105 1991 2108 134 2016 2164 113 2021 2147 87 2112 2203 83 2118 2211 66 2124 2198 8 2193 2202 4 2222 2227 
27 7 9 17 310 99 441 176 101 305 104 131 244 329 192 563 212 381 617 380 384 805 64 398 465 76 539 618 277 658 971 205 957 1184 219 1006 1259 390 1026 1461 118 1028 1156 325 1148 1499 229 1250 1514 211 1274 1502 291 1279 1610 143 1324 1486 231 1498 1754 247 1943 2211 189 1950 2148 149 2019 2189 81 2022 2111 44 2111 2159 54 2151 2212 4 2161 2166 
34 190 66 274 138 109 268 296 144 475 2 190 193 31 291 327 44 308 356 56 348 409 23 374 399 230 456 707 198 542 764 33 552 589 340 559 922 64 598 669 126 770 905 277 857 1183 340 867 1232 12 881 894 133 920 1066 399 1147 1574 323 1193 1555 279 1458 1764 300 1500 1832 140 1504 1659 220 1512 1758 240 1531 1801 35 1534 1572 170 1568 1756 6 1702 1709 292 1718 2030 270 1733 2035 7 1971 1979 195 2015 2223 63 2146 2220 9 2181 2191 
28 217 83 327 320 84 431 218 158 401 407 174 619 224 240 484 328 295 662 174 443 638 372 685 1098 225 790 1044 109 864 984 15 957 973 44 1101 1147 152 1232 1400 376 1279 1699 126 1292 1431 379 1324 1745 259 1468 1767 200 1566 1794 312 1599 1940 8 1612 1621 87 1638 1734 103 1680 1791 116 1863 1993 53 1903 1960 83 2004 2095 149 2009 2168 39 2104 2147 12 2200 2213 
23 140 63 222 285 143 442 65 342 415 245 348 622 15 418 434 279 434 736 346 556 933 16 622 640 245 700 979 304 861 1210 254 865 1138 34 920 956 316 1014 1369 405 1196 1621 173 1290 1484 317 1367 1727 369 1385 1799 89 1483 1584 250 1511 1787 162 1526 1710 325 1628 1991 335 1750 2129 105 1982 2104 
28 59 29 96 91 49 148 216 168 415 325 273 625 387 278 691 133 285 435 226 364 608 331 370 734 406 394 829 395 413 843 302 487 814 16 520 538 203 529 740 217 751 1005 311 1129 1472 46 1173 1222 335 1258 1626 292 1263 1586 93 1270 1371 288 1467 1788 111 1653 1780 78 1759 1844 212 1837 2072 16 1841 1858 264 1894 2197 154 1928 2092 131 1970 2113 65 2032 2104 
31 225 102 358 204 130 355 152 139 303 116 218 344 148 233 397 301 266 600 173 310 500 371 415 814 77 579 663 62 580 647 361 733 1122 229 912 1174 40 928 971 255 949 1246 76 989 1077 322 1016 1373 253 1103 1377 158 1159 1332 21 1179 1203 221 1271 1516 404 1272 1710 67 1292 1370 62 1320 1389 47 1608 1660 113 1744 1864 206 1820 2048 313 1877 2222 196 1900 2112 142 1948 2102 81 2052 2144 135 2059 2206 
22 270 246 537 275 260 563 208 305 535 392 351 794 172 385 571 360 538 934 140 647 808 340 802 1184 257 954 1241 356 1007 1412 262 1009 1310 263 1095 1380 330 1144 1531 242 1322 1594 338 1366 1741 271 1392 1674 25 1704 1731 76 1883 1963 248 1896 2163 26 2028 2057 7 2117 2125 47 2147 2200 
22 207 165 392 201 245 466 248 434 711 358 476 863 165 773 952 347 774 1184 382 863 1291 378 1048 1470 293 1050 1385 196 1167 1394 67 1188 1262 128 1216 1355 367 1238 1659 192 1320 1535 59 1375 1438 322 1489 1841 94 1502 1611 405 1622 2057 171 1626 1817 210 1681 1909 90 1818 1917 19 1836 1856 
19 372 117 538 385 248 692 143 282 435 12 415 428 35 596 635 362 673 1084 260 778 1066 76 1103 1190 343 1132 1527 288 1152 1484 354 1209 1622 313 1312 1676 267 1351 1664 277 1438 1741 61 1718 1785 149 1797 1966 66 1879 1954 181 1995 2192 50 2068 2123 
