10 452
43 250 91 371 372 123 534 180 187 385 153 202 366 395 239 670 358 262 650 277 375 700 254 398 668 190 406 617 45 427 479 7 450 458 80 517 603 295 588 921 226 626 881 415 671 1148 207 875 1102 303 888 1205 127 955 1095 84 959 1051 354 970 1370 83 1000 1091 94 1219 1324 216 1258 1499 198 1305 1531 69 1311 1385 328 1339 1688 323 1373 1728 328 1376 1736 337 1386 1766 335 1419 1795 359 1493 1902 292 1506 1833 377 1579 1983 378 1689 2095 223 1825 2071 432 1874 2331 33 1898 1936 124 2185 2320 178 2227 2425 30 2275 2308 89 2303 2401 108 2315 2436 109 2328 2453 
42 380 41 455 371 166 565 417 183 624 423 284 753 167 361 545 401 397 834 137 416 568 44 490 538 424 559 1058 307 721 1064 192 741 957 365 748 1148 308 771 1107 392 875 1314 324 977 1356 397 983 1435 206 985 1221 293 1067 1389 424 1071 1527 225 1074 1317 290 1250 1572 12 1341 1355 117 1451 1584 380 1476 1903 63 1610 1679 98 1632 1738 138 1636 1800 122 1687 1819 19 1766 1786 104 1781 1894 345 1922 2329 59 1929 1993 320 1952 2310 193 1960 2177 85 1981 2077 92 2118 2219 126 2203 2340 161 2223 2394 164 2289 2475 48 2305 2358 55 2396 2457 6 2490 2497 
46 425 63 532 425 88 555 11 90 102 273 140 441 89 170 264 306 172 519 295 267 596 57 304 364 196 310 530 378 342 758 124 350 487 7 408 416 194 441 656 320 494 848 114 536 660 188 563 769 435 584 1066 406 700 1148 116 725 852 169 773 959 165 859 1049 20 889 911 335 946 1300 284 956 1273 90 1001 1099 306 1102 1446 318 1197 1567 94 1342 1447 334 1397 1770 347 1442 1818 231 1486 1755 120 1543 1667 118 1550 1684 107 1663 1782 421 1736 2192 349 1785 2165 408 1862 2330 145 1897 2054 38 1966 2007 161 2084 2266 254 2114 2398 106 2158 2279 63 2236 2303 87 2291 2388 21 2426 2449 9 2480 2490 
44 223 23 264 100 35 147 398 113 551 154 187 356 227 229 490 100 239 348 330 248 615 262 263 550 310 282 629 141 473 637 205 477 703 398 509 943 329 539 907 375 552 963 211 573 804 30 610 643 243 614 879 86 645 739 199 696 913 36 937 976 405 1014 1478 434 1082 1566 399 1128 1558 48 1255 1311 328 1258 1604 175 1291 1482 243 1521 1796 326 1530 1869 249 1544 1823 277 1561 1858 119 1589 1723 167 1683 1865 233 1754 2016 187 1778 1996 284 1802 2111 440 1810 2292 115 1841 1971 163 2059 2252 303 2110 2458 42 2119 2166 44 2296 2344 93 2351 2453 17 2468 2487 11 2475 2487 
43 96 14 115 404 102 541 236 167 423 267 202 487 371 291 722 396 390 842 275 420 724 221 481 726 87 499 592 402 529 952 401 548 1002 52 582 639 200 582 796 17 655 674 134 707 857 62 738 807 75 750 832 392 790 1210 68 944 1021 338 956 1331 425 1026 1517 343 1043 1437 326 1205 1560 383 1309 1732 386 1326 1754 220 1479 1732 185 1508 1714 143 1562 1717 404 1582 2035 45 1591 1641 37 1632 1674 256 1669 1947 268 1694 1982 394 1791 2228 132 1840 1984 317 1942 2286 382 1981 2377 317 2038 2396 149 2234 2402 14 2409 2424 19 2427 2447 7 2488 2496 6 2488 2495 
47 151 6 174 278 7 302 106 69 180 35 140 177 391 169 606 418 194 654 416 263 736 203 313 541 195 370 583 443 453 926 131 478 617 232 486 748 270 519 816 4 560 565 198 715 931 20 810 832 120 915 1049 167 989 1175 409 1047 1495 215 1210 1444 174 1219 1423 415 1271 1715 178 1274 1482 230 1331 1584 453 1345 1843 216 1351 1598 345 1368 1735 228 1380 1623 147 1468 1620 271 1503 1797 171 1563 1753 65 1616 1688 37 1665 1703 431 1889 2361 379 1915 2320 396 1920 2375 151 2011 2176 101 2015 2128 262 2041 2330 332 2062 2424 13 2109 2123 325 2129 2492 28 2137 2167 250 2195 2480 14 2373 2388 28 2401 2431 42 2442 2487 
45 393 36 459 145 86 247 210 127 346 183 138 343 31 160 195 281 177 470 122 214 357 151 239 401 226 315 565 29 347 378 264 418 719 394 521 956 301 632 968 282 688 1008 307 707 1050 310 748 1096 315 763 1103 176 800 998 263 827 1103 309 866 1203 394 903 1339 188 912 1123 448 925 1418 343 963 1337 430 1014 1471 332 1103 1463 406 1129 1580 299 1248 1584 147 1260 1424 213 1275 1494 166 1342 1524 10 1385 1396 139 1429 1582 66 1432 1506 237 1591 1867 345 1592 1963 296 1611 1929 317 1754 2096 222 2011 2260 172 2055 2263 306 2137 2469 26 2229 2257 15 2366 2382 59 2428 2494 3 2477 2481 
55 20 4 27 326 36 412 98 71 178 45 173 224 117 189 324 66 226 297 14 255 270 38 271 313 38 299 339 366 301 735 458 337 835 185 385 593 22 410 433 187 455 658 23 475 501 316 521 857 109 580 694 248 685 957 356 834 1232 301 1007 1355 289 1056 1365 62 1136 1200 55 1166 1226 332 1226 1597 101 1261 1369 187 1283 1502 222 1310 1546 354 1331 1708 178 1374 1591 360 1394 1784 4 1413 1418 166 1488 1673 159 1520 1694 183 1541 1746 339 1544 1920 288 1610 1924 225 1615 1883 383 1622 2037 400 1788 2217 10 1797 1808 81 1813 1906 29 1823 1855 176 1914 2109 128 1942 2083 104 1962 2075 114 1980 2101 170 2115 2295 173 2120 2313 230 2134 2386 252 2199 2482 110 2275 2394 147 2283 2443 108 2351 2473 25 2425 2452 11 2481 2493 
42 392 95 542 290 127 460 431 166 633 128 178 320 65 284 354 5 300 306 398 327 762 211 404 638 177 523 725 351 623 1024 313 662 1016 248 812 1089 322 820 1176 256 906 1186 168 1023 1208 114 1183 1312 377 1197 1598 10 1245 1256 247 1249 1519 350 1305 1696 58 1421 1485 261 1543 1836 152 1725 1894 87 1746 1842 385 1823 2257 406 1848 2309 433 1875 2357 161 1876 2057 159 1884 2062 342 1979 2374 141 1979 2136 252 2145 2434 278 2170 2467 198 2178 2392 101 2203 2315 212 2208 2453 193 2249 2459 63 2288 2360 28 2307 2338 32 2370 2405 28 2420 2451 2 2468 2471 
45 326 388 772 222 452 708 438 539 1011 404 638 1067 66 659 731 54 758 819 79 792 878 422 810 1288 450 901 1399 420 961 1433 323 1009 1367 63 1038 1107 356 1090 1510 21 1113 1137 54 1158 1216 179 1158 1355 355 1338 1715 30 1382 1413 420 1419 1885 169 1477 1672 28 1485 1515 68 1514 1585 198 1549 1764 155 1549 1717 344 1556 1935 332 1607 1980 422 1632 2104 182 1647 1845 354 1693 2086 127 1733 1876 339 1786 2166 144 1938 2102 44 1946 1995 203 2024 2253 249 2133 2406 203 2175 2407 82 2186 2278 152 2202 2371 148 2235 2401 90 2262 2363 121 2336 2472 14 2378 2393 5 2387 2393 57 2402 2465 41 2428 2473 
