10 195
21 236 13 413 22 124 154 141 237 438 102 345 478 286 402 760 31 414 453 257 627 1032 358 658 1112 314 950 1382 9 1165 1176 84 1178 1278 363 1191 1624 62 1308 1390 169 1350 1556 6 1392 1399 151 1434 1656 42 1635 1686 17 1654 1676 206 2151 2416 24 2278 2307 35 2366 2410 
18 83 34 146 255 71 388 228 178 542 325 345 805 34 402 441 72 626 727 31 718 771 292 846 1265 216 977 1241 187 1100 1354 131 1114 1298 38 1317 1370 339 1476 1941 352 1591 2017 42 1921 1972 72 2112 2215 106 2230 2357 48 2421 2490 
22 253 269 584 59 276 355 45 342 402 301 427 832 260 742 1133 189 802 1067 2 959 962 299 1250 1615 128 1263 1421 227 1442 1727 126 1465 1634 62 1490 1569 348 1593 2053 110 1788 1941 114 1856 2014 57 2025 2089 48 2074 2148 293 2113 2484 87 2316 2425 40 2320 2370 7 2471 2480 4 2489 2494 
14 49 375 441 277 680 1064 181 899 1188 337 1145 1565 180 1167 1412 331 1188 1641 341 1580 1993 309 1680 2140 119 1685 1852 302 1713 2077 175 1915 2146 334 2056 2463 197 2201 2467 26 2359 2399 
14 231 334 680 170 364 607 174 396 614 305 486 912 374 527 990 263 627 938 275 659 1002 126 823 979 113 1358 1527 44 1436 1507 323 1476 1898 145 1597 1803 212 1872 2170 217 1875 2175 
16 189 172 440 38 189 239 178 190 410 159 280 503 216 641 920 83 834 962 258 917 1252 228 1081 1447 208 1152 1440 141 1243 1421 278 1554 1943 355 1728 2124 224 1789 2060 178 2038 2332 81 2270 2381 16 2451 2472 
19 270 1 335 126 64 233 285 314 645 121 500 643 156 778 984 272 855 1211 190 939 1208 260 1064 1414 206 1215 1504 251 1452 1805 174 1470 1713 104 1508 1652 160 1949 2169 129 1988 2146 151 2158 2345 67 2283 2372 15 2285 2304 95 2315 2464 110 2333 2477 
18 2 218 221 260 219 593 212 296 580 59 332 407 91 693 817 297 858 1208 54 994 1059 269 1027 1361 185 1236 1465 166 1547 1780 16 1550 1569 196 1672 1916 391 1753 2252 288 1753 2095 271 1785 2193 338 1858 2292 221 2012 2317 19 2418 2445 
28 28 30 67 120 105 261 188 155 404 89 181 297 109 424 584 19 536 561 79 537 643 104 811 946 189 816 1060 135 868 1066 29 930 969 150 993 1176 3 1063 1067 101 1214 1342 153 1289 1487 19 1310 1336 291 1387 1742 44 1399 1452 157 1509 1704 273 1539 1887 169 1570 1807 308 1623 2036 41 1706 1763 194 2006 2257 110 2107 2249 73 2160 2266 51 2265 2326 35 2434 2473 
25 93 14 136 163 433 710 20 437 465 119 520 682 64 631 714 412 632 1129 20 708 731 68 1016 1107 242 1074 1373 232 1211 1503 98 1223 1357 41 1236 1292 191 1246 1487 64 1377 1458 263 1388 1710 256 1460 1791 17 1516 1538 150 1527 1712 68 1785 1876 281 1950 2329 261 1952 2291 67 1955 2036 51 2072 2148 70 2336 2431 6 2487 2494 
