10 123
16 30 28 61 21 457 480 288 641 948 4 832 837 128 833 972 290 978 1291 43 1335 1382 322 1471 1827 3 1480 1484 17 1617 1636 217 1654 1886 92 1657 1762 231 1671 1939 112 1759 1890 51 1828 1884 66 1880 1950 
9 66 533 611 299 590 908 151 748 912 325 936 1306 198 1222 1449 79 1312 1402 160 1474 1649 252 1568 1859 60 1802 1871 
7 333 377 751 183 424 642 181 558 758 302 889 1236 128 972 1114 263 1218 1506 186 1722 1936 
9 327 93 452 109 297 420 160 530 709 227 774 1034 94 892 995 233 925 1174 56 939 1003 221 1411 1663 258 1474 1755 
14 193 18 228 123 49 185 36 64 103 250 111 386 260 379 676 337 540 910 72 644 721 96 1148 1247 246 1164 1423 249 1254 1517 16 1294 1312 190 1336 1533 178 1613 1805 28 1799 1831 
15 112 113 238 228 121 370 282 312 611 247 342 623 121 403 535 256 440 720 40 535 580 231 676 931 12 774 787 40 872 916 37 901 941 35 1028 1067 163 1083 1267 121 1200 1334 93 1208 1312 
14 114 225 348 204 379 603 69 554 628 48 658 710 285 702 1027 94 742 851 44 747 795 38 878 920 293 948 1269 99 1152 1261 64 1396 1468 305 1501 1840 64 1533 1605 146 1660 1821 
8 191 649 856 328 699 1060 111 739 860 319 1057 1414 181 1318 1520 238 1439 1695 161 1534 1714 260 1556 1852 
15 303 27 353 106 208 321 78 304 388 159 758 929 158 1148 1324 152 1189 1355 323 1203 1555 112 1318 1435 285 1379 1678 206 1517 1752 89 1673 1773 162 1705 1886 29 1920 1951 14 1930 1946 17 1936 1954 
16 150 67 237 91 267 362 329 488 855 304 495 829 21 657 679 136 781 935 65 798 871 13 1035 1049 229 1076 1328 60 1093 1156 176 1109 1295 4 1477 1482 260 1480 1775 181 1591 1791 55 1803 1861 11 1844 1856 
