10 47
6 132 764 920 113 991 1136 77 1045 1148 159 1347 1602 19 1356 1384 43 1574 1628 
5 183 450 726 30 1094 1130 41 1347 1400 122 1513 1675 60 1846 1943 
5 73 4 98 140 68 246 217 424 737 67 1255 1346 64 1740 1817 
5 81 258 362 120 893 1058 154 1339 1551 154 1638 1814 63 1852 1956 
3 196 25 309 281 591 964 270 763 1136 
5 143 11 216 192 101 364 155 593 842 93 1667 1793 27 1742 1777 
4 255 268 601 105 795 938 133 823 1001 315 972 1364 
5 246 163 452 163 369 602 296 684 1070 101 1632 1790 30 1872 1913 
3 91 131 264 273 195 558 199 637 904 
6 123 303 478 178 748 980 93 809 961 61 1855 1930 17 1921 1945 5 1922 1929 
