10 107
9 80 16 102 233 236 487 225 381 633 333 504 869 369 614 1013 264 651 942 363 1459 1864 69 1661 1734 56 1859 1920 
12 169 28 214 130 627 780 154 683 849 29 695 726 297 834 1167 103 1009 1126 127 1163 1303 349 1539 1922 39 1592 1636 350 1598 1987 83 1810 1899 53 1971 2027 
11 207 48 279 31 95 128 216 603 833 225 835 1086 219 891 1137 364 984 1370 332 1154 1524 40 1306 1350 219 1678 1916 114 1739 1869 65 1840 1911 
12 183 176 383 85 238 335 244 360 628 125 834 971 227 988 1228 13 1014 1028 6 1116 1123 187 1137 1341 289 1412 1749 218 1737 1984 112 1835 1954 61 1960 2027 
12 67 97 170 106 167 282 291 273 587 258 887 1178 365 1077 1475 268 1128 1426 251 1355 1643 81 1431 1519 28 1471 1502 4 1784 1789 197 1805 2015 176 1823 2013 
8 137 31 188 288 160 492 303 279 610 97 609 717 281 1087 1399 353 1103 1499 167 1383 1564 43 1948 1994 
11 290 259 589 249 360 641 54 455 516 172 804 997 151 854 1017 25 864 892 191 1041 1255 161 1182 1366 139 1296 1446 223 1718 1953 28 1999 2029 
10 146 72 239 48 85 138 6 164 171 337 293 672 168 518 715 346 986 1364 178 1162 1353 286 1551 1870 184 1558 1759 41 1917 1962 
10 230 249 498 70 330 409 362 491 896 321 599 972 220 724 952 48 1501 1554 232 1583 1833 237 1700 1975 87 1704 1800 64 1735 1805 
12 357 11 416 60 187 251 147 351 512 81 600 687 192 683 898 191 848 1068 211 932 1168 82 1217 1309 250 1239 1519 229 1536 1787 37 1635 1674 19 1791 1811 
