10 302
31 19 144 165 92 193 294 42 226 271 212 270 508 112 404 526 383 566 996 114 595 719 61 604 673 356 612 994 341 634 1011 266 668 958 23 723 748 237 729 990 191 763 969 57 891 956 92 997 1100 239 1030 1310 52 1091 1148 396 1184 1629 300 1265 1621 11 1289 1301 126 1295 1431 394 1322 1770 310 1343 1690 264 1561 1848 29 1611 1643 231 1785 2035 50 1926 1980 109 2086 2204 140 2153 2304 32 2247 2281 
30 263 80 369 184 181 379 336 239 609 43 429 477 270 508 809 356 527 936 236 534 803 380 662 1069 151 726 892 84 753 846 311 829 1172 414 889 1347 6 1161 1168 219 1224 1457 170 1307 1488 430 1333 1784 225 1419 1672 83 1442 1538 175 1491 1688 56 1527 1592 121 1562 1694 364 1595 1993 377 1647 2063 252 1690 1967 43 1880 1925 69 1909 1986 145 1993 2144 35 2046 2085 43 2137 2185 7 2185 2193 
29 181 36 241 163 77 256 222 101 345 299 123 474 123 151 287 248 322 594 25 331 357 177 543 735 254 894 1189 286 936 1262 103 1036 1146 387 1076 1516 198 1430 1635 404 1504 1958 276 1526 1833 71 1555 1632 276 1638 1930 374 1638 2053 131 1657 1805 206 1775 2003 38 1843 1883 284 1872 2191 81 1912 2002 326 1950 2297 79 1976 2061 110 2011 2132 18 2159 2179 12 2197 2210 9 2230 2240 
35 174 109 303 201 112 330 329 144 521 262 331 615 153 431 601 288 460 766 242 469 742 168 637 824 158 638 818 83 666 759 259 763 1057 188 860 1063 13 1016 1030 342 1023 1403 85 1096 1189 197 1100 1316 179 1173 1369 361 1179 1568 83 1303 1397 384 1312 1730 225 1377 1616 405 1420 1874 97 1528 1634 45 1535 1586 101 1600 1712 32 1753 1787 220 1949 2188 104 1969 2087 12 2023 2036 131 2028 2170 71 2060 2136 13 2214 2228 19 2267 2289 12 2284 2298 11 2296 2308 
33 243 109 366 25 209 235 69 223 300 156 300 474 262 310 595 69 354 429 3 378 382 23 386 411 137 647 805 190 660 860 217 746 989 380 751 1184 332 786 1159 273 823 1131 351 926 1302 103 939 1052 239 961 1228 439 1039 1501 210 1049 1280 33 1061 1096 258 1117 1415 274 1272 1588 44 1334 1382 110 1453 1573 27 1513 1542 170 1600 1792 72 1740 1821 154 1825 1998 53 1829 1886 329 1838 2202 181 2101 2300 17 2172 2191 78 2197 2284 
24 396 14 464 45 97 148 59 113 180 287 357 670 94 367 470 318 369 721 176 443 642 162 543 728 135 686 830 148 811 981 294 908 1228 130 943 1087 349 953 1341 366 990 1413 417 1019 1470 328 1026 1389 244 1285 1557 136 1427 1572 38 1533 1574 338 1676 2059 203 1684 1904 160 1770 1954 161 2066 2251 65 2160 2231 
28 322 36 389 318 245 597 27 361 389 120 519 648 247 585 850 318 720 1068 58 768 833 412 774 1214 90 833 936 242 904 1163 273 1035 1337 294 1092 1435 338 1125 1511 384 1241 1662 58 1376 1441 237 1435 1696 254 1445 1727 344 1483 1859 287 1710 2036 219 1754 2001 13 1845 1859 171 1900 2098 90 2039 2140 151 2074 2240 165 2125 2305 25 2129 2155 9 2188 2198 39 2218 2260 
29 116 47 178 17 126 145 260 160 452 159 166 339 300 196 538 157 329 499 295 535 853 290 661 976 418 850 1306 201 893 1112 62 934 1002 127 1036 1174 272 1077 1381 110 1089 1208 116 1178 1305 351 1228 1626 147 1260 1416 375 1449 1877 14 1583 1599 147 1624 1789 181 1672 1870 230 1756 2022 333 1858 2211 193 1864 2064 360 1893 2292 198 2016 2226 111 2046 2167 29 2056 2088 56 2083 2147 
29 327 16 365 157 109 287 261 127 415 150 131 302 188 200 415 110 410 527 339 456 825 188 474 676 353 482 880 211 551 788 267 651 959 44 693 743 114 714 837 267 791 1079 58 951 1015 248 1082 1356 255 1088 1376 263 1335 1633 285 1352 1661 239 1355 1615 404 1397 1837 132 1401 1539 228 1440 1689 418 1729 2185 65 1944 2018 80 2084 2179 19 2103 2123 39 2249 2291 39 2258 2301 
34 71 46 125 335 73 455 121 377 512 325 432 790 280 529 837 204 546 775 193 571 783 100 605 714 289 680 998 58 691 754 387 798 1235 12 849 862 34 906 942 388 1030 1468 429 1072 1521 24 1080 1106 158 1347 1527 247 1416 1687 299 1428 1761 388 1471 1867 319 1530 1870 82 1605 1692 114 1612 1736 265 1727 2017 98 1748 1851 9 1759 1769 383 1809 2244 188 2077 2281 24 2102 2129 116 2184 2309 87 2199 2292 25 2260 2287 24 2282 2308 9 2284 2294 
