10 441
48 349 7 399 18 94 114 356 188 580 447 246 742 64 278 350 255 284 562 303 447 778 173 510 701 68 543 620 336 592 958 142 697 854 240 727 995 214 808 1040 395 814 1260 300 843 1167 181 870 1068 110 912 1034 176 973 1169 162 978 1158 344 980 1377 243 1015 1296 86 1050 1143 188 1093 1309 377 1174 1579 357 1216 1604 22 1287 1311 127 1365 1505 452 1406 1920 130 1447 1600 361 1537 1917 332 1638 1987 240 1639 1900 243 1676 1927 284 1752 2073 182 1763 1962 435 1788 2262 347 1928 2309 82 1959 2046 54 2012 2072 173 2018 2212 155 2225 2391 217 2274 2510 7 2292 2300 68 2301 2374 8 2402 2411 27 2503 2533 37 2540 2581 3 2576 2580 
47 270 104 398 417 242 720 343 335 712 237 416 678 438 457 942 109 487 604 221 505 748 124 519 657 84 550 646 399 565 995 426 650 1133 25 653 680 55 661 723 180 694 893 168 734 920 62 792 859 228 963 1213 153 982 1152 82 1067 1164 229 1069 1319 126 1083 1221 206 1100 1317 418 1113 1576 45 1135 1187 235 1222 1483 217 1259 1506 394 1482 1929 358 1590 1987 450 1650 2151 421 1694 2169 99 1698 1809 171 1723 1907 74 1824 1905 256 1846 2118 101 1881 1993 12 2004 2017 184 2058 2267 33 2089 2125 147 2108 2273 192 2216 2419 278 2226 2538 104 2306 2424 159 2364 2536 161 2367 2550 115 2370 2500 54 2381 2439 40 2408 2451 
40 213 119 359 47 153 204 97 161 270 320 349 716 100 471 577 460 495 1011 123 503 639 123 543 676 297 692 1015 415 698 1182 65 762 832 131 980 1123 205 1008 1243 478 1035 1553 220 1060 1298 368 1067 1459 204 1227 1449 306 1250 1586 87 1318 1416 309 1447 1801 441 1492 1988 182 1580 1786 419 1609 2058 330 1648 2004 178 1681 1883 342 1728 2129 165 1758 1942 221 1827 2078 407 1912 2367 37 1916 1957 27 1917 1946 27 1997 2028 160 2007 2185 414 2034 2497 66 2055 2129 137 2068 2225 336 2141 2538 30 2203 2236 157 2207 2386 20 2529 2552 
51 185 55 257 149 190 357 375 252 641 442 298 766 351 344 738 234 368 622 58 448 513 416 562 995 457 589 1078 266 626 925 365 696 1118 345 742 1142 170 744 933 82 754 843 55 762 823 70 827 903 361 863 1259 281 952 1256 99 979 1093 81 982 1068 102 1030 1148 299 1052 1380 42 1211 1259 110 1277 1398 247 1442 1721 425 1458 1928 186 1474 1683 316 1493 1834 102 1587 1697 230 1601 1853 487 1620 2135 226 1704 1952 164 1728 1906 295 1780 2106 114 2024 2157 378 2030 2441 445 2049 2551 452 2069 2560 273 2105 2410 17 2155 2174 93 2318 2420 209 2328 2554 44 2368 2415 15 2368 2384 160 2385 2557 36 2459 2499 76 2460 2540 91 2486 2588 9 2526 2536 18 2558 2577 2 2581 2584 
39 50 18 74 108 20 137 285 67 393 290 103 423 173 166 358 190 221 437 363 329 740 250 378 650 457 444 959 360 446 842 407 536 988 187 680 891 374 756 1161 368 825 1221 148 902 1069 54 982 1041 354 1026 1421 348 1031 1407 72 1061 1146 319 1117 1478 304 1190 1526 271 1239 1549 290 1253 1580 32 1265 1300 425 1299 1780 443 1367 1883 240 1433 1703 170 1463 1652 27 1505 1533 227 1685 1940 370 2072 2476 108 2171 2285 256 2178 2471 162 2182 2355 239 2273 2537 97 2278 2386 35 2355 2395 34 2533 2571 24 2553 2579 
45 328 70 436 160 119 297 45 120 167 162 176 358 283 203 511 21 264 286 400 304 743 149 334 498 155 361 538 74 382 466 66 427 502 311 440 814 57 461 523 450 470 971 159 472 649 427 603 1106 243 608 874 142 754 918 60 774 840 237 804 1072 155 822 985 261 955 1244 290 1109 1442 85 1224 1323 391 1296 1706 300 1312 1653 67 1314 1387 54 1376 1436 267 1517 1813 239 1716 1977 387 1721 2161 104 1760 1876 320 1784 2135 422 1807 2285 126 1832 1971 251 2049 2332 391 2078 2511 246 2101 2376 4 2148 2153 20 2192 2214 63 2382 2450 64 2392 2461 76 2503 2588 10 2513 2524 23 2532 2559 
45 301 14 346 93 79 183 310 92 442 231 156 404 183 313 516 270 326 631 408 339 798 345 396 772 298 481 807 224 485 734 452 499 1000 299 627 972 51 637 695 114 657 783 179 658 850 268 702 998 61 753 826 45 802 852 108 824 943 253 922 1199 208 993 1217 387 1118 1548 222 1166 1408 437 1184 1665 154 1365 1531 7 1417 1425 142 1591 1748 45 1612 1663 456 1692 2197 256 1732 2010 417 1760 2203 401 1764 2226 192 1836 2054 343 1886 2273 233 1944 2195 300 1975 2292 163 2067 2250 334 2101 2470 74 2178 2259 115 2285 2420 35 2308 2347 101 2343 2452 117 2364 2497 91 2436 2532 105 2475 2589 
40 85 68 159 419 90 564 175 120 316 458 177 682 461 259 762 408 273 715 54 283 341 480 291 807 141 321 484 395 344 797 153 437 604 415 472 931 204 489 710 292 577 901 304 587 929 184 675 874 232 742 997 373 759 1183 329 774 1139 12 826 839 209 874 1102 236 961 1225 204 1008 1237 377 1072 1510 175 1130 1310 381 1169 1610 271 1214 1504 252 1331 1604 5 1348 1354 6 1412 1419 306 1466 1796 183 1490 1690 12 1703 1716 22 1823 1847 435 2081 2580 303 2116 2439 186 2247 2458 188 2308 2513 25 2535 2563 7 2581 2589 
47 316 109 457 350 136 549 334 161 528 184 321 521 273 325 637 178 360 568 246 403 671 204 427 653 298 506 840 241 531 800 18 536 557 209 606 830 127 719 858 38 755 795 102 804 916 103 805 915 378 861 1278 352 1054 1444 30 1121 1154 36 1204 1244 340 1230 1613 174 1238 1434 256 1328 1630 417 1455 1922 59 1565 1630 7 1588 1596 248 1727 1999 436 1738 2222 280 1747 2055 2 1921 1924 187 1971 2177 229 1978 2236 240 1996 2265 252 2053 2345 208 2078 2299 155 2125 2302 279 2194 2505 108 2295 2414 242 2297 2577 211 2359 2590 67 2399 2474 16 2496 2513 17 2496 2514 77 2503 2588 17 2519 2537 18 2554 2573 13 2575 2589 
39 303 8 347 63 56 128 423 115 589 83 249 343 255 316 609 90 483 577 226 525 784 282 629 954 412 633 1071 317 670 1021 399 671 1103 227 691 953 384 708 1118 171 888 1071 120 896 1029 101 937 1055 387 1006 1438 239 1007 1271 370 1056 1458 354 1073 1479 437 1100 1589 29 1144 1175 395 1155 1588 54 1171 1230 343 1232 1615 218 1434 1669 334 1443 1816 356 1518 1920 392 1551 1985 145 1585 1751 428 1718 2191 428 1855 2333 160 2031 2207 183 2222 2417 241 2231 2501 94 2270 2371 55 2502 2560 5 2551 2557 3 2582 2586 
