10 65
10 9 0 12 57 411 519 133 427 659 41 1049 1117 56 1116 1188 13 1209 1231 99 1296 1539 304 1322 1739 67 1782 1891 134 2072 2248 
6 276 18 394 117 434 674 116 460 663 269 904 1322 302 974 1417 39 1743 1797 
5 245 370 760 272 1227 1685 240 1478 1911 94 1747 1912 63 2150 2291 
4 125 479 744 265 1033 1419 232 1249 1649 268 1633 2075 
11 105 413 611 248 748 1165 77 923 1025 47 1098 1198 272 1311 1690 52 1629 1724 35 1999 2075 3 2047 2051 15 2194 2224 22 2206 2237 31 2223 2282 
6 186 451 755 58 659 760 110 750 1003 216 855 1274 110 2029 2206 97 2045 2213 
5 189 534 843 195 680 992 235 1306 1701 197 1309 1625 287 1680 2062 
5 327 307 755 95 312 481 185 708 1109 260 960 1373 209 1480 1806 
5 90 181 452 303 393 808 78 1323 1475 171 1628 1922 212 1868 2168 
8 165 20 291 102 450 606 171 888 1176 61 1063 1164 255 1581 1937 212 1658 2013 72 1787 1899 3 2303 2307 
