10 186
17 236 53 337 69 114 213 40 254 311 225 263 517 8 314 324 192 690 957 127 736 926 273 1138 1526 207 1151 1447 147 1171 1382 320 1318 1737 79 1340 1447 150 1685 1892 286 1805 2172 284 2004 2404 364 2077 2537 2 2578 2581 
17 204 99 406 68 185 266 279 489 888 237 504 860 100 689 832 168 707 915 302 716 1162 347 826 1307 61 1134 1209 83 1600 1702 315 1674 2157 17 1780 1803 253 2079 2413 38 2318 2369 3 2476 2480 74 2481 2575 16 2519 2540 
18 189 375 668 282 423 761 125 582 766 308 681 1065 35 784 825 151 788 978 290 846 1196 107 863 1013 131 1078 1241 102 1141 1283 347 1248 1734 361 1349 1808 123 1780 1941 278 2112 2470 223 2210 2492 113 2310 2474 46 2368 2428 28 2523 2561 
18 74 65 165 52 336 408 76 511 605 350 706 1178 10 835 847 164 1006 1208 289 1014 1442 166 1399 1604 264 1445 1816 330 1609 2022 113 1868 2037 351 1882 2366 322 2145 2572 145 2162 2366 97 2232 2350 84 2404 2510 38 2414 2461 43 2496 2555 
16 36 132 186 101 232 364 21 293 320 318 358 818 203 573 859 313 774 1203 70 776 870 115 1165 1311 205 1537 1828 312 1872 2282 280 1877 2225 25 2008 2040 298 2028 2390 327 2054 2531 237 2260 2548 70 2362 2473 
23 169 250 475 362 385 860 43 385 447 290 417 779 102 496 627 333 842 1272 295 884 1276 266 898 1213 113 1084 1222 188 1125 1358 9 1205 1218 214 1319 1627 44 1602 1658 31 1720 1761 193 1969 2250 388 2005 2490 40 2066 2116 51 2079 2147 237 2158 2482 36 2423 2473 14 2449 2470 55 2489 2561 13 2534 2551 
16 204 227 473 320 312 755 21 442 469 256 549 908 208 699 978 195 858 1125 263 982 1377 22 1317 1349 226 1379 1687 174 1560 1816 223 1640 1908 212 1745 2007 212 2098 2393 95 2180 2326 191 2272 2533 36 2380 2429 
19 86 137 238 41 139 190 347 182 556 40 252 296 185 285 535 347 290 782 205 532 843 86 781 898 206 1008 1267 299 1011 1435 441 1055 1562 123 1900 2065 185 1929 2218 92 2102 2227 245 2154 2492 65 2226 2323 49 2240 2297 138 2276 2442 55 2444 2526 
22 185 255 498 93 292 428 13 305 323 88 309 423 403 430 913 294 598 991 163 606 828 362 608 1056 42 671 722 331 842 1246 10 1061 1072 269 1115 1488 8 1219 1228 331 1527 1939 160 1529 1738 312 1536 1932 98 1851 1979 155 1901 2084 43 2026 2085 65 2372 2474 134 2413 2584 19 2550 2571 
20 386 38 482 91 218 344 273 444 792 234 507 804 387 591 1076 170 784 1030 236 801 1078 320 990 1393 165 1080 1326 8 1419 1430 179 1431 1643 192 1622 1901 192 1697 1925 251 1893 2224 139 2120 2281 53 2149 2220 150 2310 2530 21 2322 2348 109 2390 2533 32 2545 2590 
