10 123
13 156 563 776 350 818 1274 18 828 854 370 914 1359 69 1121 1213 235 1233 1516 339 1288 1746 71 1404 1504 227 1405 1703 349 1517 1908 3 1518 1522 53 1895 1964 41 2032 2086 
15 166 352 579 155 404 611 225 712 975 380 1157 1618 192 1162 1423 300 1180 1600 86 1206 1323 31 1289 1336 34 1452 1501 13 1757 1774 190 2020 2300 61 2093 2178 64 2153 2231 44 2213 2271 56 2247 2310 
11 186 234 495 377 299 757 19 360 388 186 409 657 193 857 1106 151 1471 1700 198 1648 1929 315 1677 2085 78 1742 1849 30 2194 2242 19 2252 2277 
11 202 4 263 176 28 245 311 742 1138 175 808 1060 63 849 918 5 903 909 98 965 1106 168 1028 1247 347 1194 1648 314 1273 1691 76 2042 2149 
13 75 1 124 144 91 311 214 113 416 159 155 383 100 495 636 79 580 692 151 812 1008 56 978 1059 135 1233 1425 51 1256 1317 2 1863 1866 265 1919 2277 126 2045 2207 
11 241 108 460 15 471 491 25 608 642 258 686 1067 243 730 1104 228 773 1093 173 926 1155 169 1251 1476 18 1277 1302 112 1554 1708 157 1660 1857 
10 55 195 273 283 381 766 205 807 1068 238 851 1146 293 1125 1508 290 1210 1587 252 1896 2244 30 1980 2022 82 2101 2216 131 2117 2308 
13 236 78 366 356 113 519 27 238 275 211 338 627 59 532 625 165 583 811 229 736 1062 56 881 957 98 917 1040 205 960 1210 176 1160 1424 54 1549 1612 16 2145 2164 
14 102 53 184 280 67 435 69 564 663 185 729 976 42 829 903 215 849 1106 78 858 960 312 1040 1447 251 1042 1333 55 1243 1325 296 1285 1661 26 1533 1564 70 2069 2155 47 2240 2306 
12 336 18 473 324 552 999 131 823 1004 279 846 1199 25 1321 1353 303 1374 1749 175 1515 1737 237 1522 1822 4 1645 1650 50 1705 1787 63 2225 2307 32 2228 2269 
