10 51
6 16 57 79 39 75 133 43 709 764 152 1052 1245 305 1506 1911 45 1958 2025 
6 154 124 336 105 256 386 136 502 678 10 626 639 6 745 753 250 1242 1550 
3 227 633 928 296 1004 1402 136 1549 1741 
7 7 185 194 117 197 368 219 589 913 133 1275 1441 90 1906 2017 48 1925 1987 12 2004 2020 
6 175 81 318 5 411 418 236 753 1053 98 816 929 109 887 1018 230 1081 1340 
4 23 759 792 201 880 1185 223 1352 1629 94 1414 1530 
4 336 1213 1610 225 1325 1634 96 1330 1454 82 1781 1906 
3 126 371 539 239 1586 1986 232 1663 1984 
8 24 344 381 31 746 782 10 755 768 284 1014 1375 50 1114 1189 293 1152 1484 12 1182 1197 306 1308 1709 
4 239 14 315 88 173 326 67 673 752 247 1445 1769 
