10 115
14 146 121 358 37 363 451 41 394 463 257 416 782 73 1157 1269 98 1195 1339 121 1390 1625 152 1436 1745 60 1445 1554 6 1601 1612 237 1757 2193 92 2057 2233 118 2115 2333 27 2478 2525 
12 7 59 70 205 77 387 176 450 685 78 921 1064 303 939 1394 223 1011 1457 224 1132 1441 209 1221 1670 43 1464 1553 86 1743 1873 4 1869 1875 255 2130 2565 
10 98 235 478 55 371 467 88 580 736 6 581 590 291 674 1133 104 980 1190 252 1370 1817 353 1737 2232 154 2138 2394 119 2166 2430 
10 153 270 557 219 425 766 124 465 730 234 493 885 105 642 888 310 649 1095 7 1132 1143 35 1626 1699 141 1653 1875 94 2254 2422 
13 318 249 673 180 444 699 181 628 947 103 705 861 98 718 897 79 1322 1453 145 1356 1694 35 1409 1473 164 1419 1702 15 1518 1538 190 1590 1883 266 1661 2085 111 2394 2581 
11 326 124 543 234 463 869 312 828 1220 180 1025 1414 43 1421 1516 198 1674 1976 273 1741 2166 164 2151 2453 48 2244 2325 78 2421 2577 11 2529 2541 
14 37 108 158 102 797 1002 179 947 1274 66 1072 1164 121 1289 1507 106 1478 1668 144 1565 1773 3 1669 1674 68 1793 1907 145 1836 2103 260 1905 2198 219 2144 2535 189 2161 2446 12 2486 2508 
8 173 100 426 155 242 513 118 493 787 117 864 1031 243 1062 1563 418 1232 1727 44 1406 1471 160 1410 1745 
14 140 25 262 80 161 297 228 331 779 20 365 394 120 506 675 31 514 561 122 559 768 18 606 637 213 626 1043 92 884 1057 195 1272 1611 9 1447 1464 169 1981 2265 69 2336 2461 
9 178 30 307 158 110 394 6 116 128 142 218 444 168 639 1095 232 667 959 71 825 949 313 1422 1920 221 1561 1945 
