10 110
14 173 119 334 51 265 334 212 371 646 180 666 893 140 731 908 128 782 967 105 807 962 269 808 1186 68 978 1065 201 1471 1705 234 1582 1828 177 1791 2018 21 1907 1931 3 2138 2142 
12 299 463 853 230 602 927 65 674 754 276 771 1171 78 1315 1409 180 1576 1816 19 1589 1620 41 1698 1750 149 1785 1986 3 1915 1919 98 2029 2140 13 2117 2135 
11 277 104 515 113 157 321 231 482 806 6 581 588 45 747 815 171 756 982 190 1124 1365 90 1192 1306 278 1202 1611 55 1466 1538 92 1687 1824 
10 256 246 592 211 462 706 126 553 705 291 759 1137 215 795 1092 56 993 1081 111 1117 1273 41 1488 1549 124 1501 1671 94 1773 1918 
13 208 226 493 278 381 727 16 460 481 170 512 712 6 711 718 172 718 962 4 904 909 195 1228 1502 32 1374 1413 183 1458 1687 322 1620 1999 260 1646 2021 5 1983 1989 
11 235 2 393 131 123 293 243 154 447 65 208 300 274 482 885 269 509 810 216 617 902 106 992 1119 36 1409 1457 132 1469 1633 77 1591 1705 
8 231 145 458 276 944 1312 298 1026 1418 260 1308 1630 92 1361 1487 156 1459 1669 268 1493 1821 55 1634 1707 
10 326 81 473 306 168 523 184 261 508 28 786 822 139 877 1068 333 1137 1540 203 1429 1732 57 1762 1832 107 1907 2060 147 1911 2099 
11 178 495 724 304 778 1203 82 1004 1109 61 1162 1234 191 1198 1467 117 1359 1538 157 1398 1590 58 1466 1549 255 1472 1842 47 1590 1649 149 1795 2020 
10 312 38 432 129 132 310 235 619 944 230 960 1299 214 1137 1456 230 1175 1442 56 1530 1602 46 1842 1900 49 2012 2078 11 2109 2123 
