10 430
47 298 24 358 54 94 154 177 142 340 110 150 267 191 194 398 98 206 311 303 269 596 198 279 496 347 317 703 107 355 474 155 684 848 131 721 860 226 788 1033 352 813 1203 400 1047 1484 166 1062 1247 159 1103 1274 415 1130 1594 70 1164 1238 46 1215 1264 326 1239 1585 65 1282 1354 320 1301 1646 91 1332 1431 223 1339 1589 359 1485 1863 101 1495 1604 417 1517 1988 22 1524 1548 49 1527 1581 349 1588 1994 360 1615 2016 203 1648 1870 332 1670 2016 161 1714 1891 94 1737 1844 114 1781 1914 325 1790 2153 258 1799 2076 245 1838 2119 387 1894 2325 71 2031 2112 233 2100 2361 58 2169 2234 85 2288 2386 54 2301 2362 4 2373 2378 
45 78 9 96 339 109 482 55 140 201 310 147 514 29 202 234 62 227 299 274 263 548 243 301 560 174 345 542 88 406 503 69 423 502 59 514 581 190 543 764 17 657 676 304 668 1020 8 711 720 185 742 942 243 811 1085 11 840 852 386 846 1274 203 915 1145 336 997 1369 261 1286 1575 290 1354 1676 134 1366 1515 41 1389 1433 55 1450 1514 259 1478 1755 379 1600 2009 278 1613 1914 74 1619 1703 400 1643 2096 280 1656 1960 379 1667 2090 8 1692 1701 82 1720 1811 353 1833 2242 351 1851 2246 336 1869 2247 312 1879 2210 200 2000 2213 142 2011 2170 57 2064 2129 204 2161 2383 81 2197 2284 
40 333 28 395 48 232 284 282 232 555 315 265 626 401 321 782 125 322 457 17 382 401 409 408 850 108 410 526 298 476 808 216 496 742 142 521 680 280 548 859 342 649 1015 405 655 1111 211 682 907 52 728 785 350 774 1155 424 892 1343 309 916 1260 264 1052 1355 59 1178 1245 276 1229 1547 404 1491 1938 90 1602 1701 185 1663 1872 310 1686 2043 337 1690 2061 277 1894 2195 283 1896 2200 239 1921 2187 142 1969 2124 314 2024 2394 52 2091 2149 166 2213 2401 65 2246 2317 87 2260 2356 97 2265 2370 16 2364 2381 9 2393 2403 
40 257 10 303 279 58 354 317 130 480 128 246 381 99 293 404 398 312 734 167 314 503 4 315 320 112 422 544 368 526 950 311 561 899 323 630 981 265 746 1038 190 808 1022 400 885 1325 371 907 1307 59 1090 1155 331 1136 1495 320 1194 1553 290 1322 1654 368 1421 1827 220 1581 1821 116 1607 1735 392 1623 2047 265 1631 1921 187 1672 1876 82 1691 1782 379 1701 2124 361 1799 2186 189 1800 2019 326 1808 2174 197 1813 2044 235 1956 2206 164 1982 2171 44 2132 2182 93 2177 2284 8 2183 2192 157 2191 2368 154 2202 2373 53 2338 2396 
43 414 26 468 421 62 533 65 112 185 366 155 570 210 187 425 50 239 293 2 253 256 91 265 362 359 340 738 121 360 491 378 433 859 367 447 846 391 517 954 284 567 883 73 596 677 219 685 921 401 713 1168 352 811 1220 225 826 1077 117 857 983 435 868 1348 157 975 1157 140 1006 1163 215 1013 1251 163 1059 1240 307 1110 1458 4 1197 1202 9 1198 1208 35 1300 1338 218 1345 1595 229 1499 1754 134 1614 1766 98 1614 1729 43 1689 1736 322 1824 2182 379 1864 2307 243 2126 2401 80 2152 2240 93 2154 2252 39 2183 2227 79 2185 2271 64 2236 2305 11 2363 2375 
46 142 5 159 262 47 343 291 59 382 397 134 564 196 176 396 153 181 342 118 221 353 153 285 455 311 347 688 159 480 659 70 507 586 384 508 935 223 622 865 106 688 801 38 717 758 262 854 1153 307 921 1256 179 922 1127 253 964 1230 125 1026 1164 408 1145 1599 360 1161 1552 221 1162 1393 47 1282 1334 90 1295 1394 198 1344 1565 295 1455 1779 49 1502 1556 339 1554 1925 208 1582 1807 386 1645 2069 67 1654 1730 180 1683 1889 353 1712 2104 110 1720 1845 354 1867 2275 73 1957 2038 125 2026 2164 284 2040 2385 9 2049 2059 58 2050 2114 95 2103 2207 207 2146 2384 26 2344 2372 4 2382 2387 2 2396 2399 
43 381 59 490 288 77 397 422 201 652 390 327 754 235 337 599 41 340 386 207 505 729 40 783 827 305 787 1129 37 804 845 189 823 1034 314 859 1205 364 872 1287 61 934 1002 316 988 1335 316 994 1352 225 1022 1265 218 1053 1296 355 1143 1550 425 1168 1631 270 1273 1565 70 1279 1354 178 1408 1602 149 1417 1585 215 1503 1719 398 1571 2006 216 1702 1943 374 1746 2162 427 1775 2232 365 1783 2188 283 1804 2113 300 1818 2145 229 1833 2086 234 1925 2178 49 2160 2212 135 2162 2313 86 2203 2302 88 2228 2323 102 2283 2398 45 2291 2339 44 2294 2341 45 2344 2396 2 2403 2406 
41 179 193 395 34 345 382 420 365 834 231 394 644 358 532 935 24 548 575 233 571 841 196 752 977 237 769 1045 403 801 1220 31 834 868 344 880 1271 304 1006 1336 339 1019 1389 63 1028 1095 267 1054 1358 86 1108 1205 424 1228 1704 27 1312 1342 71 1380 1454 172 1384 1577 260 1414 1713 288 1419 1754 157 1457 1628 242 1571 1857 43 1619 1668 125 1784 1922 134 1787 1939 20 1799 1821 197 1821 2048 265 1848 2138 141 1866 2026 336 1908 2290 409 1960 2399 362 1997 2406 243 2038 2307 43 2077 2124 79 2183 2273 114 2280 2403 65 2336 2406 12 2348 2361 
40 297 50 386 29 66 98 173 165 364 191 172 386 406 197 666 223 315 556 175 511 700 62 579 648 382 702 1134 348 738 1113 90 769 870 239 791 1055 405 840 1288 170 851 1037 296 863 1193 34 950 989 441 1023 1497 215 1059 1279 353 1145 1545 261 1162 1450 131 1222 1369 398 1248 1705 294 1261 1608 131 1293 1437 190 1564 1776 258 1677 1971 114 1700 1831 270 1775 2071 411 1787 2245 231 1880 2142 202 1885 2110 185 1953 2165 313 2051 2387 162 2068 2249 200 2138 2356 32 2223 2259 38 2252 2294 13 2288 2302 14 2337 2352 23 2367 2392 
45 403 73 499 335 131 503 418 132 586 295 185 505 207 194 416 91 224 322 154 431 594 153 475 642 81 476 572 235 561 823 397 572 1021 394 622 1059 223 726 977 343 752 1142 120 794 927 20 814 835 172 823 1003 122 891 1032 382 946 1338 35 957 994 376 975 1408 377 986 1397 205 988 1203 154 1012 1179 357 1029 1449 25 1037 1065 315 1284 1632 163 1285 1458 302 1314 1652 88 1528 1626 206 1532 1764 418 1565 2010 417 1601 2069 160 1648 1823 326 1654 2014 128 1700 1844 87 1725 1814 293 1759 2085 109 1838 1960 144 2110 2266 97 2212 2320 139 2225 2376 44 2226 2275 37 2263 2303 13 2383 2397 
