10 119
13 12 67 91 55 244 375 258 362 798 215 495 929 15 915 941 114 1309 1472 58 1380 1507 53 1421 1520 124 1478 1649 203 1563 1877 66 1675 1809 76 1817 1917 58 2056 2142 
13 58 262 332 91 281 418 161 310 578 194 402 677 175 776 1025 126 869 1050 166 889 1142 82 1081 1215 6 1440 1452 224 1622 2050 149 1673 1904 76 1874 2024 143 2091 2371 
13 29 336 377 163 341 578 110 373 497 131 488 695 256 876 1342 269 922 1335 128 1277 1497 326 1327 1772 354 1404 1842 41 1583 1637 114 1670 1820 36 2306 2381 9 2371 2387 
10 120 21 208 285 477 869 290 782 1250 180 919 1243 192 1016 1395 299 1424 1789 66 1722 1826 92 1730 1852 219 2025 2386 6 2388 2399 
13 200 161 513 254 189 644 42 194 249 130 477 710 186 657 940 10 1224 1244 193 1377 1630 137 1403 1617 199 1552 1937 34 1638 1689 15 1666 1707 126 2060 2246 22 2282 2334 
11 119 159 357 83 184 305 53 401 494 226 1038 1468 40 1500 1556 176 1610 1893 177 1732 1958 247 1814 2244 57 1912 2004 168 2065 2375 130 2193 2385 
10 278 8 481 33 86 129 106 463 657 264 492 953 185 1265 1661 55 1376 1446 191 1431 1739 82 2001 2178 10 2113 2130 14 2207 2232 
17 67 51 177 179 67 358 127 403 621 343 608 1048 133 617 847 193 647 993 51 1478 1589 6 1538 1548 9 1554 1572 78 1778 1887 97 1869 2026 46 1953 2024 152 2085 2336 45 2118 2187 9 2147 2162 11 2213 2227 64 2233 2331 
9 83 508 653 100 532 729 231 606 986 187 651 981 72 744 864 69 1032 1182 270 1116 1481 86 1314 1501 242 1499 1887 
10 173 129 387 247 220 641 173 917 1361 286 956 1400 170 1221 1543 342 1461 1929 11 1529 1544 4 1665 1670 9 2343 2358 16 2384 2405 
