10 44
5 218 644 914 29 827 865 78 1083 1194 239 1263 1583 191 1542 1858 
7 154 292 478 2 662 665 167 1287 1500 48 1313 1382 254 1437 1749 61 1438 1552 23 1840 1868 
3 267 138 465 189 145 404 212 547 844 
3 184 202 446 158 933 1170 152 1494 1693 
4 217 151 422 218 169 456 256 426 765 37 1687 1740 
5 200 8 266 120 569 714 217 686 960 121 797 958 240 1322 1612 
5 174 648 866 2 968 971 216 1068 1382 164 1493 1720 87 1725 1842 
5 193 174 461 140 228 414 59 960 1046 227 1078 1392 8 1871 1882 
4 20 946 970 163 1048 1269 207 1230 1514 124 1565 1759 
3 110 250 436 222 857 1186 205 1306 1560 
