10 117
10 256 458 730 299 710 1048 122 1011 1141 112 1123 1251 282 1188 1510 201 1574 1810 264 1590 1886 100 1639 1752 17 1742 1760 29 1859 1890 
11 225 175 419 333 310 685 334 325 695 72 385 465 244 387 648 233 611 873 9 691 701 8 716 725 131 963 1108 68 1058 1134 224 1164 1411 
10 237 9 271 249 55 329 75 597 678 219 846 1083 272 883 1180 13 1197 1211 325 1309 1675 273 1454 1754 118 1586 1716 127 1673 1815 
13 195 332 549 163 384 562 69 478 555 57 596 659 80 1040 1126 263 1126 1410 284 1205 1518 189 1421 1630 189 1471 1676 87 1654 1752 150 1695 1865 51 1735 1791 98 1764 1875 
16 84 209 297 42 220 267 184 549 758 182 629 833 293 784 1112 122 803 934 60 856 921 43 913 962 118 980 1109 107 1097 1213 119 1170 1299 8 1539 1548 302 1555 1890 25 1777 1804 23 1824 1849 15 1835 1851 
9 347 140 514 181 146 361 68 352 426 253 988 1266 306 1140 1476 14 1160 1175 289 1326 1648 153 1334 1506 48 1614 1667 
13 35 7 43 251 35 303 96 89 196 329 499 872 202 536 750 318 612 963 70 742 817 165 975 1159 155 1568 1735 178 1593 1791 84 1691 1783 41 1730 1776 20 1816 1837 
10 326 24 389 202 126 348 246 129 411 123 337 473 160 796 972 106 865 979 190 889 1104 300 1050 1376 43 1124 1171 240 1259 1516 
12 100 192 303 67 265 339 226 498 744 200 801 1014 156 983 1149 253 1121 1416 69 1290 1366 102 1347 1459 254 1418 1696 235 1528 1780 107 1555 1675 292 1579 1887 
13 76 116 199 221 119 366 98 290 400 168 294 479 105 295 411 93 561 665 57 723 784 287 810 1125 192 1128 1347 140 1261 1421 86 1312 1408 84 1698 1793 21 1842 1864 
