10 274
26 325 86 439 153 119 288 365 270 683 220 297 532 343 314 692 242 443 725 313 469 810 163 516 699 302 533 883 347 607 982 249 646 907 301 726 1046 380 728 1147 189 942 1142 119 1110 1241 4 1122 1127 375 1382 1797 193 1387 1602 79 1407 1493 34 1562 1599 348 1691 2084 391 1736 2148 140 1854 2006 92 2030 2134 16 2109 2127 29 2114 2147 
25 55 48 109 390 379 800 181 447 650 95 463 570 285 513 827 364 571 993 216 895 1136 74 993 1074 352 1256 1660 78 1264 1350 367 1373 1779 270 1374 1655 241 1406 1670 229 1433 1690 238 1477 1735 374 1588 2011 53 1609 1668 298 1618 1957 261 1747 2034 21 1792 1815 258 1863 2146 52 1894 1952 42 2044 2092 47 2097 2148 2 2127 2130 
26 316 68 413 105 299 422 366 319 737 349 345 737 387 532 959 215 659 900 269 661 955 184 686 892 123 754 888 29 758 790 42 764 808 339 848 1214 233 868 1120 219 993 1223 158 1184 1363 222 1263 1513 267 1400 1688 156 1412 1588 26 1449 1478 224 1629 1888 226 1682 1934 359 1738 2131 251 1841 2121 38 1897 1939 124 1910 2052 28 2059 2090 
29 303 91 434 266 210 496 391 222 650 380 256 683 46 320 372 159 417 594 194 479 695 16 520 537 107 598 714 103 750 867 198 772 996 288 858 1172 220 873 1107 39 932 974 34 970 1007 276 1180 1484 265 1252 1538 333 1258 1628 114 1311 1444 368 1326 1748 133 1448 1602 57 1536 1598 249 1735 2012 179 1756 1942 189 1760 1963 126 1837 1972 19 1976 1996 48 2039 2091 11 2078 2090 
23 262 49 336 344 169 559 44 177 222 26 235 263 94 317 422 286 559 860 301 587 916 356 616 1021 346 641 1024 183 642 845 246 682 947 212 776 1008 345 847 1235 296 883 1207 276 937 1245 336 946 1325 177 1286 1486 45 1363 1414 354 1608 2010 314 1727 2076 20 1729 1750 179 1859 2058 39 1922 1965 
27 363 52 432 95 195 300 193 206 426 27 226 255 24 261 287 279 282 596 321 303 657 63 330 397 290 408 752 355 433 819 247 485 747 366 497 895 234 538 782 53 710 767 71 808 887 346 853 1234 204 1033 1259 170 1042 1241 92 1145 1248 386 1208 1616 240 1235 1508 110 1286 1402 274 1365 1665 338 1553 1917 292 1651 1990 25 2015 2043 26 2096 2124 
27 279 96 403 292 142 466 187 150 365 11 408 420 303 620 958 91 639 737 151 644 803 169 759 942 215 821 1059 345 857 1260 215 903 1144 188 917 1129 247 930 1210 49 1052 1109 169 1122 1300 187 1195 1402 69 1393 1470 231 1519 1779 371 1551 1962 126 1633 1773 302 1659 1991 227 1665 1921 34 1688 1724 21 1712 1736 166 1749 1931 116 2008 2136 23 2122 2147 
32 314 38 384 257 38 332 214 185 414 235 283 534 318 318 661 187 319 535 301 407 721 138 411 560 132 575 720 112 581 705 335 629 1007 60 647 713 61 875 944 215 955 1200 269 1013 1318 56 1038 1100 189 1354 1555 192 1381 1587 285 1483 1800 38 1485 1527 316 1530 1868 228 1728 1990 67 1749 1821 195 1802 2022 287 1809 2113 23 1872 1897 35 1907 1946 96 1963 2068 148 1964 2126 137 1973 2129 40 2036 2083 2 2113 2116 
30 226 1 246 167 8 186 141 11 168 51 110 164 68 351 426 234 354 600 208 400 630 62 400 471 151 459 624 151 553 723 49 676 728 259 773 1053 306 823 1172 163 836 1021 161 1138 1314 235 1277 1543 319 1337 1693 230 1341 1589 362 1342 1745 375 1354 1765 270 1363 1656 207 1639 1870 178 1658 1863 10 1709 1720 290 1743 2067 68 1843 1919 89 1905 2000 61 1997 2066 24 2090 2117 3 2144 2148 
29 87 86 182 315 151 512 247 248 535 230 260 521 205 329 558 182 432 634 10 460 471 42 481 527 197 512 738 32 560 594 35 572 608 191 624 826 344 691 1077 175 737 935 105 926 1040 323 1005 1365 40 1151 1193 324 1153 1526 301 1195 1536 161 1300 1478 172 1382 1570 350 1582 1962 119 1637 1773 164 1717 1895 59 1838 1904 104 1845 1962 19 2081 2102 32 2097 2131 11 2128 2140 
