10 190
15 88 106 215 74 180 285 129 469 638 374 535 1009 313 900 1352 100 1017 1133 369 1025 1501 201 1057 1351 356 1242 1705 368 1242 1693 165 1591 1787 181 1757 1982 336 1779 2231 68 2268 2362 15 2380 2401 
23 52 348 422 232 366 760 21 388 418 53 462 532 6 547 555 52 594 663 294 671 1110 144 695 883 42 743 804 246 828 1152 120 952 1107 25 1298 1328 373 1303 1742 67 1391 1478 195 1688 2012 124 1916 2091 105 1997 2131 25 2086 2121 86 2268 2387 64 2275 2368 43 2312 2374 16 2315 2335 30 2355 2395 
17 131 55 237 215 174 454 281 226 639 75 235 330 95 269 382 138 361 539 147 536 739 142 821 1021 270 940 1314 232 977 1258 164 1265 1481 210 1449 1769 189 1586 1838 151 1627 1814 246 2043 2388 22 2103 2130 135 2196 2383 
19 309 26 454 56 155 234 3 190 194 282 236 662 147 338 523 253 412 726 79 698 796 112 780 928 72 911 1012 241 945 1254 189 963 1174 359 1116 1586 239 1168 1477 71 1477 1579 311 1714 2155 31 1744 1786 194 1962 2187 51 2296 2360 2 2399 2402 
20 219 86 371 347 390 810 174 446 659 272 599 952 15 604 623 229 905 1223 388 922 1392 147 979 1183 204 1505 1775 250 1523 1836 149 1549 1731 70 1598 1684 210 1797 2090 241 1823 2129 136 1963 2140 26 2052 2083 186 2108 2368 112 2178 2312 2 2204 2207 27 2360 2397 
21 190 8 241 140 245 447 339 479 890 317 480 949 64 497 578 238 638 954 218 640 957 77 807 915 245 882 1200 54 905 975 107 1046 1182 124 1088 1234 119 1095 1269 161 1547 1754 53 1562 1640 79 1810 1917 69 1811 1902 121 2084 2228 103 2126 2271 93 2153 2301 123 2231 2388 
21 356 144 531 278 167 518 227 357 681 191 652 874 263 774 1136 43 1029 1078 9 1114 1125 230 1126 1411 129 1129 1303 76 1289 1399 275 1363 1777 388 1545 1989 283 1719 2047 173 1863 2067 32 1874 1915 236 2066 2374 241 2084 2406 63 2121 2208 24 2253 2288 24 2258 2291 49 2326 2386 
15 67 158 258 18 205 228 243 537 922 161 655 904 122 677 838 404 823 1293 358 886 1330 254 1193 1581 283 1310 1699 196 1413 1654 293 1468 1926 102 1516 1646 67 1696 1784 235 1848 2182 35 1979 2025 
19 95 13 138 300 224 604 130 231 399 250 614 945 226 698 975 372 709 1163 100 709 839 17 962 984 118 990 1149 169 1074 1280 208 1517 1763 293 1662 2089 54 1664 1728 183 1682 1984 111 1842 1982 152 1907 2091 101 1921 2055 113 2050 2214 105 2190 2335 
20 53 69 139 202 198 446 335 288 690 24 370 409 308 406 882 82 727 828 70 921 1008 303 1058 1432 309 1121 1507 163 1231 1463 385 1324 1786 316 1448 1848 55 1593 1662 103 1696 1838 232 1717 1968 310 1907 2338 119 2094 2247 12 2344 2361 38 2344 2397 3 2385 2389 
