10 80
6 128 191 425 148 213 416 159 274 537 213 664 988 237 778 1167 20 2016 2049 
9 88 462 609 212 607 931 189 751 1062 27 957 999 15 1333 1360 69 1388 1488 94 1451 1599 102 1865 2111 4 2141 2146 
7 196 556 876 291 559 938 173 621 902 263 646 967 23 1030 1076 232 1310 1623 91 1908 2056 
11 5 56 62 108 96 298 17 269 297 116 303 473 176 507 750 28 762 805 14 777 802 86 1278 1469 126 1343 1527 179 1510 1802 4 1940 1946 
8 286 316 733 269 1247 1637 73 1357 1521 62 1479 1632 108 1636 1792 76 1971 2099 3 2086 2092 25 2107 2147 
8 199 761 1030 121 969 1166 114 1132 1326 9 1142 1156 150 1474 1799 20 1699 1738 95 1897 2050 50 2042 2143 
6 144 111 368 100 1010 1225 108 1169 1425 179 1279 1638 134 1569 1773 10 1919 1936 
6 65 162 285 167 177 544 204 505 853 260 929 1317 6 1569 1581 26 1896 1942 
7 302 290 718 149 316 494 113 344 518 100 602 758 139 991 1257 141 1792 2012 88 1937 2087 
12 52 95 193 45 130 215 399 136 558 56 249 334 38 556 617 181 792 1133 98 967 1153 152 1084 1387 15 1445 1465 111 1783 1953 6 1963 1971 30 2070 2113 
