10 74
8 261 61 461 90 108 283 15 310 334 77 394 556 142 1259 1491 84 1772 1908 183 1793 2024 43 2071 2147 
7 236 1021 1363 278 1145 1510 47 1236 1326 180 1427 1717 249 1463 1871 102 1693 1833 54 1879 1984 
8 242 900 1317 134 1010 1236 7 1020 1031 85 1049 1180 43 1159 1261 181 1498 1800 116 1792 1982 13 2089 2115 
5 222 1117 1475 126 1327 1599 167 1344 1697 299 1378 1778 53 1974 2055 
7 129 656 898 189 757 1061 244 833 1244 155 1169 1398 203 1331 1607 44 1509 1574 18 1572 1598 
6 194 48 418 107 181 358 256 436 845 106 522 713 37 1086 1162 66 1434 1552 
7 128 44 269 17 387 419 58 505 587 49 824 890 245 852 1252 116 927 1196 104 1927 2124 
8 161 8 423 201 11 294 18 1026 1060 48 1095 1194 180 1348 1688 62 1497 1606 23 1562 1598 15 1967 1985 
9 82 54 217 133 312 522 22 528 569 92 976 1102 145 1022 1241 144 1023 1236 87 1333 1489 38 1460 1513 117 1711 1937 
9 190 681 978 29 835 894 254 1168 1511 166 1431 1712 99 1706 1894 87 1851 2026 77 1869 1967 65 2022 2126 7 2133 2142 
