10 471
41 240 24 296 179 74 272 144 96 250 127 119 264 430 322 802 256 331 611 343 335 717 268 462 768 11 558 570 243 621 901 378 766 1170 453 786 1261 399 795 1244 248 806 1077 12 813 826 363 857 1294 123 882 1026 52 933 989 228 947 1187 227 982 1230 385 1090 1509 243 1097 1378 310 1128 1467 404 1343 1788 378 1353 1771 67 1428 1506 58 1443 1509 302 1553 1886 141 1576 1729 45 1647 1695 407 1754 2205 285 1773 2112 73 1782 1862 421 1820 2271 147 1993 2156 88 1998 2095 163 2057 2243 23 2170 2194 6 2264 2271 5 2341 2347 13 2386 2401 
49 211 130 357 291 138 441 14 168 184 13 173 187 183 233 448 127 274 417 312 396 746 193 401 613 168 468 652 30 561 594 267 644 940 278 704 1010 435 763 1237 362 780 1172 201 837 1071 350 908 1296 161 922 1100 207 939 1167 116 978 1105 68 1012 1087 80 1021 1116 142 1054 1215 119 1332 1462 163 1368 1563 383 1373 1808 135 1443 1592 165 1472 1660 354 1485 1870 149 1538 1701 221 1562 1803 356 1577 1991 122 1593 1730 32 1602 1638 263 1628 1911 4 1650 1655 411 1663 2141 227 1758 2012 246 1839 2115 99 1988 2097 196 1992 2211 145 2120 2272 32 2145 2180 133 2188 2333 51 2212 2269 132 2225 2376 30 2324 2358 60 2340 2406 52 2346 2405 4 2379 2384 
50 298 94 419 332 111 480 89 198 296 12 304 317 124 412 554 235 416 666 290 483 797 171 517 710 161 569 755 19 607 628 75 754 840 211 760 998 108 816 935 239 822 1082 223 849 1104 290 856 1178 17 877 896 139 992 1141 15 1014 1031 194 1035 1248 174 1071 1263 296 1122 1446 325 1203 1567 396 1212 1668 14 1246 1261 389 1294 1708 186 1341 1550 191 1485 1706 99 1570 1683 181 1593 1793 406 1598 2064 369 1630 2028 324 1770 2134 74 1816 1899 359 1821 2207 217 1856 2099 352 1894 2296 19 1914 1935 14 2024 2039 265 2053 2356 41 2069 2113 121 2092 2225 144 2096 2255 144 2161 2323 182 2177 2384 69 2199 2272 4 2317 2322 14 2373 2388 11 2391 2403 4 2399 2404 
47 321 90 428 253 124 393 215 142 377 323 166 505 316 190 544 392 201 629 192 218 439 108 226 344 337 238 597 338 307 683 69 323 396 363 413 807 323 478 844 233 588 847 128 615 754 74 640 726 218 646 885 63 784 854 157 811 978 418 811 1267 55 972 1034 371 982 1405 25 1087 1114 120 1171 1305 199 1191 1428 272 1240 1542 47 1320 1372 259 1376 1658 171 1379 1559 45 1389 1436 173 1480 1677 311 1528 1876 345 1537 1908 383 1553 1973 269 1591 1896 65 1596 1665 395 1603 2049 418 1666 2132 288 1852 2147 303 1897 2234 56 1917 1980 29 2014 2045 192 2050 2271 157 2181 2355 107 2274 2392 23 2367 2392 13 2394 2408 
55 256 105 400 369 108 501 202 119 344 69 144 222 399 181 602 48 196 246 263 249 559 36 252 292 385 264 696 25 313 341 47 342 392 80 425 513 152 429 598 76 449 529 64 513 583 99 552 665 34 613 650 191 636 842 171 649 832 42 685 729 306 826 1178 317 950 1328 73 956 1039 225 1020 1280 12 1025 1038 53 1071 1126 217 1118 1353 302 1120 1453 3 1132 1136 47 1217 1270 185 1329 1535 350 1383 1766 69 1414 1494 55 1467 1530 148 1479 1646 142 1556 1717 67 1574 1648 363 1620 2023 198 1754 1967 80 1776 1862 350 1806 2192 300 1864 2215 51 1874 1931 275 1966 2267 166 1990 2179 296 2019 2344 206 2019 2237 62 2027 2095 308 2060 2403 258 2103 2381 12 2239 2252 74 2265 2346 15 2308 2324 37 2352 2392 31 2375 2409 
45 158 30 209 355 68 465 217 200 450 72 207 285 405 427 887 79 479 571 201 510 740 94 613 714 181 624 825 430 627 1108 20 642 664 345 788 1163 292 835 1164 41 839 883 398 884 1342 248 905 1165 82 911 998 325 925 1309 32 931 968 164 994 1179 236 1041 1306 360 1052 1438 358 1219 1609 103 1267 1380 242 1375 1648 322 1506 1873 312 1517 1864 246 1588 1862 126 1632 1778 243 1774 2035 21 1789 1811 396 1932 2357 357 1947 2334 157 2016 2189 39 2020 2062 195 2044 2264 182 2134 2333 212 2166 2390 88 2178 2276 21 2197 2219 123 2258 2393 82 2312 2400 51 2340 2395 31 2354 2388 8 2386 2395 
53 325 44 399 197 59 275 348 72 466 127 150 292 86 168 265 251 220 497 345 251 624 245 341 611 162 368 550 69 397 472 230 407 658 183 507 707 280 593 900 253 620 903 185 621 827 9 640 650 13 668 682 426 700 1177 161 702 874 57 791 852 222 814 1074 302 904 1254 109 964 1091 193 1087 1300 295 1108 1436 166 1124 1317 171 1255 1439 42 1282 1330 7 1332 1340 65 1384 1454 49 1474 1527 218 1474 1718 173 1511 1699 395 1598 2045 201 1603 1831 111 1657 1777 265 1691 1980 396 1873 2297 300 1875 2205 223 1928 2179 238 1972 2252 12 1980 1993 66 2028 2101 104 2059 2176 48 2110 2162 22 2219 2243 131 2225 2366 112 2259 2386 116 2275 2403 40 2308 2352 22 2332 2355 12 2355 2368 15 2379 2396 
43 379 84 513 364 144 537 252 194 473 85 244 338 113 300 430 81 375 463 352 535 935 109 565 685 262 623 914 302 695 1026 261 722 1011 149 766 934 172 813 1010 233 885 1135 120 893 1023 49 947 1001 82 1210 1302 68 1245 1319 178 1297 1505 358 1325 1714 145 1386 1548 410 1500 1945 259 1506 1796 4 1541 1546 206 1606 1834 399 1610 2041 396 1704 2123 317 1706 2051 216 1711 1960 157 1713 1888 411 1825 2286 289 1899 2218 380 1906 2335 422 1927 2384 427 1928 2385 375 1969 2389 289 2039 2355 207 2156 2382 40 2222 2264 2 2327 2330 62 2333 2400 24 2381 2407 7 2389 2397 
44 351 20 401 36 36 78 337 95 478 130 96 241 186 120 330 37 121 162 92 121 225 220 227 469 197 280 506 188 318 536 207 332 561 154 425 591 417 453 916 433 480 958 91 500 601 70 529 605 350 640 1034 424 692 1169 81 717 801 185 738 943 320 782 1146 307 872 1205 255 882 1167 143 910 1072 7 920 928 191 924 1135 187 1145 1347 228 1305 1573 324 1305 1662 196 1331 1547 419 1377 1824 144 1493 1658 387 1522 1943 139 1522 1670 353 1588 1970 336 1684 2057 40 1710 1752 43 2091 2136 236 2142 2403 36 2163 2203 149 2171 2343 69 2267 2344 22 2370 2395 24 2378 2404 
44 175 6 202 58 66 126 349 455 836 433 481 958 188 560 766 122 618 751 252 623 899 199 636 850 89 749 852 326 775 1158 46 800 850 309 828 1172 252 832 1116 374 873 1306 382 938 1358 199 991 1208 330 993 1360 168 1046 1230 126 1079 1218 145 1108 1266 424 1137 1612 159 1211 1386 262 1380 1654 264 1450 1745 356 1471 1865 154 1521 1694 412 1597 2052 369 1610 2020 326 1641 2011 247 1686 1958 18 1753 1772 372 1820 2222 74 1946 2032 174 1995 2192 15 1995 2011 200 2002 2227 324 2037 2384 107 2059 2178 88 2179 2274 26 2248 2277 84 2272 2364 22 2279 2303 54 2327 2385 23 2335 2360 
