10 120
12 7 100 110 163 115 386 15 286 306 103 695 953 13 731 752 142 860 1219 32 1003 1061 24 1235 1273 202 1375 1758 25 1440 1480 129 1654 1862 135 1997 2262 
12 72 70 169 24 143 179 134 488 870 100 727 896 62 876 966 251 967 1396 171 1043 1297 75 1279 1415 29 1426 1482 94 1461 1609 189 1484 1777 103 1607 1827 
11 13 5 31 47 306 384 168 660 1007 128 738 957 275 781 1262 52 1006 1119 103 1173 1388 219 1293 1706 135 1676 1869 3 1941 1945 150 2118 2360 
13 32 52 117 228 78 439 233 195 586 57 250 343 69 360 493 132 514 704 258 681 1153 91 913 1065 155 940 1204 277 1897 2327 42 2015 2069 54 2168 2242 36 2338 2391 
10 80 231 375 225 322 665 52 377 495 197 483 876 282 581 944 8 681 696 309 1128 1590 171 1204 1567 124 1301 1478 42 1961 2017 
17 157 66 321 241 163 481 73 181 303 86 405 504 140 424 622 29 610 655 127 677 866 202 737 1136 250 893 1244 13 971 989 157 1012 1264 7 1114 1125 106 1209 1396 65 1229 1366 100 1901 2068 52 2011 2091 56 2066 2138 
10 215 31 380 167 190 491 233 239 615 57 311 414 277 783 1258 166 1276 1492 105 1339 1523 178 1458 1783 22 2016 2060 241 2032 2353 
9 95 174 361 329 481 868 134 500 785 95 541 656 276 803 1271 261 1066 1518 124 1304 1498 81 1476 1640 120 1484 1755 
15 12 188 209 248 461 829 53 473 558 47 531 612 238 632 981 270 652 1081 81 759 925 302 1038 1468 115 1070 1235 222 1235 1565 131 1379 1542 14 1825 1850 213 2089 2408 67 2252 2388 42 2329 2383 
11 46 65 129 98 589 746 222 1212 1571 269 1265 1663 92 1342 1536 207 1636 2030 21 1643 1677 123 1684 1908 90 1729 1948 36 1842 1906 33 2143 2221 
