10 42
5 75 9 129 98 653 777 63 1213 1308 221 1426 1669 299 1470 1835 
4 154 37 219 67 297 397 217 769 1066 131 1629 1804 
5 66 526 615 177 1246 1468 287 1351 1719 251 1493 1810 27 1838 1873 
4 269 17 359 294 986 1311 259 1279 1627 28 1451 1491 
3 169 1192 1434 114 1226 1392 297 1516 1875 
3 129 98 271 252 681 1039 256 1053 1374 
5 98 20 155 114 1231 1389 242 1316 1656 16 1531 1553 5 1827 1833 
6 225 201 494 10 212 225 95 608 731 125 863 1023 74 1683 1776 74 1728 1834 
3 166 857 1100 150 1043 1249 230 1240 1559 
4 85 1129 1243 189 1249 1511 123 1362 1516 85 1732 1862 
