10 127
16 255 86 355 245 214 490 303 276 619 344 378 750 106 474 587 134 524 667 50 571 624 146 579 749 41 700 743 11 924 936 40 1218 1262 55 1254 1317 195 1267 1476 183 1554 1747 121 1745 1873 47 1809 1861 
17 12 109 122 71 165 246 72 421 501 222 427 673 131 803 948 237 932 1198 213 1012 1243 26 1055 1082 211 1068 1308 73 1139 1216 129 1502 1649 188 1590 1804 85 1728 1824 98 1729 1836 16 1801 1818 22 1846 1870 23 1851 1877 
14 101 130 239 162 185 359 9 409 419 115 457 588 243 677 942 25 726 753 301 979 1314 331 1095 1460 136 1135 1280 124 1361 1495 99 1433 1543 232 1612 1873 52 1806 1864 6 1880 1887 
11 191 149 353 306 194 538 62 224 294 317 419 765 312 719 1049 22 1058 1082 92 1200 1305 316 1395 1744 246 1448 1718 134 1456 1604 9 1689 1699 
8 219 4 237 273 333 648 303 655 993 308 832 1190 205 973 1194 46 989 1042 201 1201 1427 129 1714 1855 
12 76 219 303 271 273 578 23 377 402 228 443 683 242 652 916 295 1096 1427 239 1406 1679 318 1472 1832 58 1729 1795 29 1809 1840 17 1863 1881 2 1878 1881 
11 312 145 482 142 284 440 327 410 782 15 519 535 135 523 681 159 1242 1418 203 1275 1496 2 1386 1389 8 1514 1523 241 1603 1885 125 1681 1817 
14 160 55 243 28 76 108 198 182 390 317 400 771 11 538 550 210 609 850 257 953 1226 313 1289 1641 238 1365 1629 6 1516 1523 18 1572 1592 83 1621 1713 17 1677 1695 15 1843 1860 
13 233 70 329 308 181 530 107 211 328 59 381 446 101 534 650 65 803 874 186 860 1069 50 1307 1360 327 1437 1803 233 1540 1791 70 1587 1664 42 1627 1673 11 1753 1765 
11 64 286 352 330 507 877 188 694 901 240 741 1007 59 1207 1273 216 1359 1598 83 1441 1532 177 1452 1653 146 1625 1792 90 1640 1744 115 1762 1885 
