10 112
12 348 556 971 188 816 1092 182 880 1097 199 1355 1617 52 1475 1547 29 1517 1554 88 1612 1732 207 1686 1981 191 1691 1967 61 1805 1903 84 1970 2101 23 2028 2055 
9 140 195 378 280 314 667 310 390 795 30 462 499 200 875 1169 163 911 1116 331 1101 1512 211 1572 1863 113 1688 1889 
10 193 241 492 194 584 883 73 668 775 80 766 876 255 852 1240 169 862 1085 27 1581 1624 102 1933 2054 126 1940 2122 32 2054 2099 
7 179 66 309 220 179 486 305 764 1187 227 1080 1375 79 1087 1178 257 1155 1514 276 1462 1825 
11 22 45 74 296 214 585 115 475 619 124 642 795 125 858 1018 184 1509 1731 79 1523 1632 270 1751 2146 183 1760 2002 134 1827 2064 91 2030 2147 
14 273 362 701 231 404 713 125 514 679 16 607 628 7 695 703 135 965 1142 136 1036 1197 287 1330 1680 163 1460 1683 79 1526 1633 302 1718 2096 58 1872 1942 130 1879 2054 6 2140 2147 
12 192 17 266 131 207 408 239 383 733 248 393 694 148 562 754 61 620 696 37 843 888 18 872 891 287 918 1328 116 1131 1281 94 1947 2069 36 1971 2022 
17 179 40 290 166 281 482 33 549 588 299 567 930 41 618 669 310 718 1089 11 814 829 6 840 848 102 964 1107 15 980 1002 296 1116 1492 58 1415 1492 241 1634 1975 23 1744 1772 104 1924 2058 12 2047 2066 27 2098 2134 
8 154 30 284 297 422 769 172 467 746 290 1259 1590 144 1595 1806 40 1699 1748 150 1798 2054 81 1919 2055 
12 3 1 5 111 214 371 144 389 583 168 463 675 100 800 935 41 831 885 220 1023 1357 168 1263 1516 62 1792 1867 132 1878 2103 89 1891 2007 80 1974 2080 
