10 272
29 287 5 332 376 55 462 168 118 310 51 346 400 216 379 629 27 423 453 345 436 837 97 443 552 45 546 598 10 607 618 188 641 863 344 646 1022 191 731 939 387 782 1211 34 829 865 329 864 1230 55 1063 1123 225 1074 1328 248 1137 1416 39 1198 1241 114 1221 1343 171 1487 1677 168 1502 1687 46 1627 1676 209 1657 1896 154 1894 2062 81 1925 2016 17 1962 1980 8 2078 2087 
32 22 92 117 314 143 486 69 203 280 243 224 495 272 282 592 49 413 468 37 521 561 230 560 808 49 681 734 6 768 775 245 781 1050 200 833 1050 180 1108 1311 11 1134 1146 31 1156 1189 374 1172 1583 369 1202 1608 320 1289 1641 285 1380 1708 382 1383 1794 65 1442 1515 165 1462 1647 76 1494 1578 311 1518 1850 245 1735 2009 180 1864 2066 190 1903 2119 69 1906 1980 66 1926 1999 53 2047 2104 27 2119 2148 6 2140 2147 
29 27 32 62 387 42 452 378 46 475 129 374 517 260 390 693 153 399 569 250 453 718 226 471 729 206 531 780 198 534 755 174 695 902 340 724 1083 27 785 814 146 894 1050 63 909 976 342 1098 1493 47 1201 1252 99 1329 1441 242 1403 1663 161 1422 1603 121 1439 1578 132 1464 1605 317 1596 1949 200 1831 2045 204 1847 2071 7 1884 1892 8 2113 2122 2 2121 2124 3 2142 2146 
27 180 47 245 259 125 405 322 274 653 338 299 673 30 331 364 70 345 422 281 455 760 3 530 534 241 566 849 36 701 740 116 774 907 113 1043 1172 318 1086 1436 54 1110 1168 320 1167 1511 269 1179 1473 150 1189 1352 262 1333 1615 323 1351 1700 257 1658 1935 269 1693 2007 330 1772 2135 154 1869 2039 90 1912 2016 55 1984 2042 69 2043 2122 24 2054 2080 
20 369 325 734 323 350 692 179 473 678 370 526 948 292 712 1048 235 856 1131 140 884 1045 191 1255 1469 348 1347 1709 55 1422 1485 99 1473 1584 292 1499 1824 170 1547 1746 368 1635 2046 273 1745 2045 51 1749 1804 252 1831 2122 207 1853 2085 139 1861 2025 53 1929 1988 
26 333 37 414 57 53 117 225 150 410 354 183 558 360 318 724 41 604 650 267 635 923 276 640 925 46 665 714 20 714 737 364 875 1291 333 1059 1459 209 1087 1316 100 1135 1244 34 1162 1199 170 1244 1434 238 1321 1591 16 1378 1396 226 1487 1721 156 1538 1722 277 1617 1924 20 1716 1739 202 1777 1998 196 1924 2150 79 2034 2124 37 2096 2138 
22 291 39 367 181 85 282 47 106 155 336 138 510 215 143 397 135 288 442 304 480 815 5 784 790 315 881 1226 371 1095 1503 204 1206 1433 379 1388 1811 358 1391 1807 150 1405 1568 215 1607 1839 370 1613 2025 230 1822 2079 163 1844 2031 195 1847 2069 36 1868 1908 20 1948 1970 26 2111 2140 
30 229 21 271 334 67 450 196 164 378 328 354 712 246 504 775 113 581 702 115 653 777 95 665 769 253 721 1000 252 767 1052 48 798 851 6 845 852 156 913 1096 111 985 1111 130 1034 1175 289 1059 1376 146 1114 1282 163 1374 1561 130 1445 1590 332 1507 1887 127 1553 1693 186 1638 1844 295 1728 2046 104 1745 1862 118 1951 2082 89 2013 2109 78 2030 2115 103 2033 2150 12 2127 2140 8 2132 2141 
34 43 31 78 17 77 95 30 170 202 148 209 365 194 322 538 234 422 677 88 434 535 412 461 891 262 478 775 316 628 983 231 770 1025 62 772 841 76 850 933 80 881 966 109 894 1015 244 916 1194 100 1031 1143 234 1039 1292 122 1051 1186 18 1105 1124 275 1218 1511 262 1228 1513 341 1288 1667 101 1323 1434 176 1328 1515 268 1509 1804 30 1616 1648 208 1675 1896 301 1681 2023 103 1810 1924 218 1854 2098 127 1930 2070 15 1974 1990 32 2113 2148 
23 251 138 413 312 158 501 290 177 517 113 345 468 287 392 702 300 616 945 233 620 870 53 645 706 288 647 977 335 666 1037 360 773 1169 382 1007 1430 246 1050 1330 127 1231 1370 81 1245 1333 242 1246 1512 40 1346 1392 98 1534 1642 170 1643 1834 277 1679 1985 299 1788 2124 260 1807 2100 12 2105 2118 
