10 181
19 248 20 354 6 291 298 58 496 572 298 590 1054 25 859 896 103 1356 1517 164 1489 1699 315 1549 1999 313 1587 2053 162 1639 1835 154 1654 1858 283 1849 2204 146 1988 2169 98 2141 2271 24 2226 2259 77 2258 2356 36 2350 2394 5 2381 2387 4 2403 2408 
16 97 36 154 214 94 389 301 166 577 253 248 593 397 347 814 258 521 862 59 558 642 212 706 997 233 712 1005 362 1161 1588 87 1183 1311 339 1553 1976 146 1681 1904 267 1824 2174 69 2038 2120 11 2377 2392 
17 121 82 254 259 193 529 70 391 490 127 591 786 165 749 921 245 939 1274 69 1174 1271 259 1373 1721 123 1388 1568 147 1432 1637 331 1675 2105 220 1752 2053 285 1811 2211 48 2014 2081 97 2035 2156 81 2278 2373 2 2389 2392 
18 11 74 89 92 181 305 58 541 623 301 599 1026 228 863 1166 231 901 1233 219 901 1185 324 904 1327 123 1079 1239 212 1106 1388 61 1421 1504 71 1771 1874 280 1865 2242 344 1980 2388 141 2057 2255 87 2185 2298 3 2259 2263 4 2372 2377 
20 42 129 181 202 415 708 119 423 585 184 617 868 300 660 1085 65 672 757 294 721 1088 336 1155 1589 70 1170 1270 303 1206 1617 54 1239 1308 70 1289 1376 21 1392 1419 304 1411 1807 9 1535 1546 81 1629 1747 68 1767 1856 146 1878 2094 96 2063 2181 13 2228 2245 
16 328 49 437 162 92 308 323 135 578 185 216 476 283 1166 1521 222 1211 1538 165 1429 1613 99 1481 1599 228 1521 1842 213 1607 1897 273 1711 2115 97 1766 1905 47 1812 1884 117 1963 2101 23 2190 2218 86 2206 2326 
17 313 74 539 339 216 668 43 253 308 349 489 935 185 516 791 354 618 1063 122 632 781 255 773 1115 201 871 1130 240 955 1271 3 1104 1108 308 1463 1847 153 1628 1827 51 2108 2179 37 2184 2232 51 2256 2329 22 2364 2397 
17 305 307 692 377 584 1036 238 650 1014 111 759 905 65 853 932 148 956 1168 183 969 1175 250 994 1303 158 1037 1258 254 1362 1745 6 1568 1575 51 1659 1731 263 1768 2102 199 2086 2407 156 2134 2327 99 2189 2325 14 2240 2257 
23 298 35 408 83 45 151 20 58 83 66 243 336 197 257 492 44 311 382 37 401 448 283 416 787 157 780 1003 55 836 910 122 882 1050 379 894 1368 86 967 1089 138 1005 1178 207 1007 1274 74 1013 1111 200 1725 2061 28 1873 1908 99 1974 2107 200 1987 2238 26 2325 2357 3 2351 2355 10 2388 2400 
18 124 43 213 168 139 392 203 495 809 70 623 719 52 715 785 18 759 782 31 872 921 166 874 1093 33 1153 1197 133 1228 1438 199 1541 1797 325 1631 2056 210 1637 1947 67 1727 1813 270 1802 2134 151 1859 2097 63 1875 1976 9 2392 2404 
