10 201
17 288 62 481 34 64 109 258 217 529 375 322 732 295 544 1031 151 657 832 189 692 919 394 785 1273 54 995 1082 113 1342 1505 211 1847 2157 208 1867 2127 197 1905 2190 110 1982 2136 240 2030 2346 154 2387 2592 25 2571 2604 
19 426 13 479 121 114 280 184 162 427 41 195 241 371 839 1290 218 899 1165 370 981 1503 153 1002 1198 111 1006 1131 336 1371 1784 273 1480 1927 158 1791 2006 290 1792 2169 18 1974 1999 80 2037 2135 330 2074 2497 9 2154 2165 97 2156 2290 143 2354 2548 
19 201 41 285 273 244 553 185 274 570 270 339 680 24 382 411 55 554 622 290 618 1037 57 665 737 200 1022 1324 124 1266 1454 197 1291 1552 223 1338 1656 147 1415 1640 165 1860 2066 388 2111 2586 154 2115 2320 210 2129 2398 107 2357 2501 27 2545 2577 
22 332 24 498 42 43 95 305 159 595 200 542 777 163 727 954 283 819 1144 25 872 902 255 989 1334 296 1008 1401 128 1405 1605 112 1411 1544 49 1440 1504 166 1894 2090 279 1895 2240 140 1993 2183 91 2284 2396 107 2286 2436 175 2350 2596 13 2491 2508 55 2570 2640 36 2587 2633 7 2632 2641 
22 104 395 527 176 558 793 137 572 745 99 623 742 76 656 755 396 747 1255 386 753 1252 14 792 810 152 827 1025 99 926 1047 86 1043 1155 191 1286 1549 163 1566 1758 105 1670 1804 153 1750 1957 349 1762 2224 50 1801 1869 334 1922 2332 128 1935 2131 98 2085 2222 145 2295 2483 47 2418 2480 
23 58 91 159 336 106 550 75 138 236 296 340 763 161 447 696 349 631 1012 131 768 962 166 889 1078 367 1060 1540 30 1135 1177 234 1175 1456 291 1181 1557 162 1360 1601 211 1474 1726 41 1498 1557 92 1573 1680 342 2134 2548 75 2252 2343 128 2280 2461 35 2502 2550 6 2528 2535 16 2614 2637 5 2614 2620 
20 162 33 251 107 246 406 147 338 523 372 538 978 119 713 864 402 910 1438 185 947 1177 77 968 1074 362 1023 1431 86 1196 1316 60 1260 1339 347 1301 1737 42 1347 1402 380 1494 1974 7 1519 1530 365 1737 2196 237 1838 2181 308 1852 2240 79 2535 2634 2 2569 2572 
20 101 190 330 227 227 530 232 383 697 349 560 1006 301 684 1091 137 767 941 267 1345 1733 123 1465 1653 394 1487 1940 24 1583 1619 89 1781 1882 396 1875 2367 164 1936 2155 375 1971 2445 18 2310 2333 143 2354 2552 2 2430 2433 56 2478 2569 93 2534 2641 28 2585 2618 
18 6 22 30 100 188 329 440 329 852 288 460 837 365 481 917 141 574 746 280 889 1258 209 925 1243 24 1070 1102 204 1165 1430 84 1213 1315 205 1293 1574 334 1359 1809 165 1551 1743 224 1593 1896 4 1755 1760 299 1801 2238 29 2259 2302 
21 259 51 381 345 265 694 368 269 721 175 289 540 367 591 1117 268 781 1139 61 989 1067 211 1047 1338 101 1114 1241 185 1211 1453 4 1477 1482 124 1518 1681 217 1538 1827 120 1893 2047 95 1920 2059 82 2235 2342 187 2352 2611 33 2431 2471 94 2485 2619 41 2508 2569 3 2560 2564 
