10 108
15 316 36 400 108 125 291 228 197 621 45 353 438 305 579 1023 12 592 610 312 675 1199 273 718 1202 55 818 902 46 1039 1115 96 1280 1435 29 1404 1458 11 2021 2040 25 2078 2121 9 2589 2601 
11 12 193 208 154 309 571 139 395 650 179 720 960 297 896 1368 224 1352 1648 275 1474 1959 87 1633 1749 68 1984 2105 114 2198 2451 185 2246 2517 
10 294 221 698 179 317 594 269 364 745 213 439 846 77 514 655 88 517 668 124 1232 1403 308 1623 2101 325 1659 2181 9 2571 2584 
12 29 234 287 122 384 567 193 476 763 242 962 1323 53 1066 1157 97 1209 1350 203 1249 1605 347 1443 1957 210 1505 1872 85 1882 2035 84 2219 2351 10 2423 2441 
9 78 23 145 203 469 846 363 603 1117 179 679 1007 363 882 1350 92 1374 1572 21 1781 1816 209 2142 2602 17 2316 2342 
8 143 518 696 247 665 1062 243 1323 1851 68 1399 1508 205 1614 2062 44 1946 2038 254 2033 2461 226 2054 2438 
13 9 145 158 269 378 722 105 579 772 154 723 1010 146 1076 1315 38 1168 1234 114 1191 1369 112 1215 1380 121 1233 1465 236 1471 1926 241 1769 2091 31 1800 1842 81 1871 1974 
13 22 217 262 184 320 678 125 467 654 243 1057 1502 6 1166 1175 85 1314 1449 39 1352 1414 161 1367 1666 72 1452 1546 21 1893 1929 211 1895 2261 251 1992 2485 146 2381 2598 
9 117 193 456 322 547 1074 274 1504 2011 92 1813 1956 252 1851 2223 367 2052 2507 19 2180 2214 35 2340 2398 81 2380 2580 
8 116 353 605 169 1085 1308 201 1372 1651 163 2031 2433 314 2097 2620 189 2213 2520 242 2232 2601 63 2477 2559 
