10 123
17 74 241 331 41 361 415 360 412 849 267 419 749 209 539 809 112 575 723 8 597 608 95 1007 1132 175 1104 1331 282 1355 1706 130 1398 1605 26 1480 1518 274 1746 2083 15 1766 1789 111 1938 2076 30 2181 2220 10 2197 2209 
10 198 274 631 136 339 537 37 433 484 201 509 776 297 1086 1481 199 1127 1396 155 1418 1629 364 1525 1950 130 1742 1920 30 2292 2326 
15 211 232 494 238 304 608 355 539 943 142 605 831 43 681 730 26 875 910 126 883 1061 92 1009 1149 248 1164 1498 329 1559 2020 61 1838 1914 284 1902 2266 5 2041 2047 136 2177 2340 3 2355 2359 
14 37 231 280 56 250 331 318 452 846 97 1379 1504 184 1445 1679 216 1560 1868 350 1623 2063 164 1942 2175 90 1961 2072 32 2057 2100 152 2082 2293 123 2175 2339 69 2255 2345 11 2344 2358 
12 150 489 680 233 716 1077 376 736 1148 78 752 856 152 981 1168 91 1117 1259 233 1193 1508 198 1493 1729 243 1847 2213 198 1896 2156 213 1967 2219 8 2312 2321 
12 201 351 626 128 415 593 196 1246 1489 355 1525 1951 211 1707 1988 280 1709 2121 39 1805 1858 233 1850 2193 68 2205 2299 99 2235 2357 51 2265 2326 15 2313 2330 
9 252 123 494 15 589 605 65 668 773 225 702 1016 335 845 1292 60 1633 1717 268 1744 2121 251 1850 2178 105 2132 2262 
12 157 110 310 97 806 921 74 894 991 389 1038 1485 356 1406 1833 257 1804 2170 169 1830 2055 299 1935 2320 189 1959 2214 163 2124 2338 75 2192 2282 26 2309 2341 
14 92 9 113 54 21 101 183 295 581 16 445 465 17 589 614 319 1243 1671 80 1247 1339 236 1283 1576 158 1707 1951 201 1707 1961 83 1830 1933 218 1885 2214 33 2106 2150 9 2348 2359 
8 153 149 371 295 456 880 174 575 801 374 834 1296 330 885 1324 234 1409 1707 153 1437 1664 59 1958 2031 
