10 266
27 254 10 299 17 130 148 70 150 225 148 207 376 390 280 704 331 306 686 298 337 678 104 409 519 91 484 586 254 503 777 139 761 911 262 961 1261 169 1003 1185 275 1038 1338 335 1074 1443 198 1138 1365 122 1243 1382 187 1292 1511 221 1298 1542 104 1470 1585 401 1566 2012 77 1653 1739 125 1790 1932 232 2016 2272 61 2197 2264 4 2258 2263 36 2309 2351 
28 32 7 43 309 78 413 3 155 159 143 267 422 405 520 973 4 561 566 46 661 712 406 708 1159 68 765 837 198 824 1049 436 891 1355 274 940 1246 211 967 1214 270 1031 1337 56 1050 1112 147 1263 1425 160 1344 1520 194 1456 1681 131 1514 1662 396 1725 2158 86 2003 2102 225 2062 2304 196 2143 2356 144 2167 2326 164 2175 2358 123 2218 2358 77 2231 2322 25 2298 2326 
30 378 109 543 35 187 223 379 191 603 239 282 545 246 317 593 29 631 661 376 802 1209 245 807 1081 62 830 896 196 940 1150 345 1005 1368 154 1151 1327 67 1225 1297 173 1314 1503 393 1342 1771 308 1434 1763 18 1581 1601 395 1623 2052 404 1643 2090 8 1717 1726 134 1730 1877 410 1807 2261 142 1810 1976 286 1825 2135 118 1895 2018 142 2037 2194 71 2068 2148 21 2287 2310 26 2294 2323 10 2349 2360 
29 89 162 261 165 188 383 395 224 634 400 357 800 120 445 577 319 510 847 267 679 966 51 785 841 157 805 973 402 828 1259 284 835 1165 171 920 1106 134 1064 1212 398 1331 1772 205 1402 1622 67 1503 1576 301 1511 1845 271 1594 1890 344 1754 2124 316 1816 2163 377 1883 2275 126 1933 2072 66 2029 2102 225 2054 2296 194 2099 2312 115 2122 2248 114 2166 2287 60 2218 2284 65 2265 2335 
20 314 71 453 143 134 296 294 301 622 68 384 459 94 512 615 359 550 938 260 568 861 320 602 959 270 741 1038 190 756 968 229 874 1122 254 905 1205 401 983 1420 218 1266 1514 23 1280 1304 186 1459 1668 399 1515 1966 420 1540 1983 138 1565 1717 414 1744 2183 
36 188 50 260 65 339 412 213 470 696 272 680 975 372 781 1172 117 785 920 197 816 1034 17 821 839 46 856 906 422 935 1407 255 936 1214 106 1204 1322 95 1305 1411 18 1574 1593 310 1578 1947 64 1656 1730 228 1694 1947 209 1773 2008 100 1904 2012 334 1940 2292 299 1964 2295 291 1968 2284 38 1992 2033 140 2006 2168 197 2016 2235 65 2022 2093 166 2053 2234 94 2074 2179 4 2147 2152 66 2170 2240 45 2198 2246 90 2212 2309 80 2213 2301 53 2257 2317 22 2264 2289 34 2268 2305 
27 400 74 517 29 107 140 18 129 149 141 149 305 373 616 1031 130 743 882 145 769 928 207 821 1049 408 872 1316 219 929 1173 408 1046 1503 94 1069 1174 242 1073 1335 268 1156 1440 143 1232 1393 350 1454 1857 69 1563 1638 350 1629 2027 385 1654 2081 209 1853 2076 106 1885 1998 139 2057 2213 74 2091 2170 165 2128 2304 135 2144 2294 54 2294 2355 2 2312 2315 
28 242 81 352 294 141 477 91 191 289 360 198 581 179 230 435 121 309 439 147 338 504 393 369 809 249 458 762 142 501 657 263 800 1104 167 870 1058 251 881 1170 97 885 989 260 1064 1337 243 1072 1330 138 1349 1497 367 1361 1776 260 1439 1711 57 1579 1644 318 1794 2135 148 2019 2181 187 2131 2337 50 2159 2216 92 2187 2283 2 2252 2255 23 2328 2352 6 2344 2351 
21 423 191 662 376 279 706 137 342 491 224 349 596 166 408 595 151 563 731 228 726 978 302 769 1105 366 976 1374 102 1103 1221 398 1329 1777 201 1526 1747 210 1729 1965 165 1787 1975 117 1814 1938 195 1820 2048 386 1844 2277 201 1867 2083 10 1960 1971 146 2133 2302 161 2159 2335 
20 165 164 359 341 344 723 241 351 613 160 425 600 374 717 1162 144 767 930 185 1008 1217 342 1160 1557 366 1172 1585 190 1196 1409 52 1453 1509 27 1454 1485 410 1632 2101 394 1714 2176 72 1730 1808 168 1827 2016 35 1988 2027 218 2063 2306 88 2142 2237 27 2264 2294 
