10 127
16 168 108 289 42 199 247 50 333 389 215 634 868 237 682 934 5 693 699 84 1168 1264 46 1264 1316 179 1306 1505 320 1423 1779 287 1553 1882 285 1695 2011 83 1934 2027 5 1941 1947 17 2005 2024 3 2064 2068 
15 97 93 197 200 102 321 209 303 524 314 876 1231 52 937 995 247 1007 1292 76 1102 1182 95 1265 1367 199 1420 1639 130 1542 1692 178 1557 1751 245 1628 1886 50 1662 1717 108 1823 1946 140 1858 2012 
8 75 120 202 231 159 419 340 187 570 357 375 772 353 540 936 254 1501 1785 214 1637 1872 149 1643 1803 
10 321 305 657 99 380 490 100 530 650 269 633 932 163 985 1156 30 1039 1072 318 1093 1432 280 1402 1734 116 1779 1909 139 1889 2046 
12 42 763 810 339 922 1297 138 964 1120 327 1370 1731 43 1437 1484 363 1470 1845 213 1509 1749 282 1576 1902 310 1656 1995 76 1778 1864 190 1865 2071 2 1947 1950 
9 323 123 472 58 244 307 132 611 761 212 675 917 187 842 1049 256 884 1171 169 1097 1288 258 1528 1819 247 1794 2070 
12 333 834 1212 98 858 966 281 955 1262 337 970 1339 71 1006 1081 67 1011 1081 58 1030 1092 94 1105 1211 352 1359 1749 264 1414 1722 24 1552 1579 29 1995 2027 
19 90 25 125 303 459 787 63 563 633 114 886 1009 96 887 991 361 933 1319 286 1028 1356 124 1101 1239 101 1271 1390 40 1291 1334 78 1295 1382 115 1393 1523 149 1757 1917 22 1849 1873 39 1882 1924 20 1995 2016 25 2032 2059 17 2051 2069 13 2056 2070 
12 84 147 246 153 283 449 124 439 575 194 457 660 98 478 586 190 702 904 240 849 1120 296 961 1284 268 1176 1472 292 1185 1517 271 1494 1784 65 1973 2045 
14 319 143 490 20 249 271 20 278 300 106 311 432 232 367 625 42 421 467 285 424 744 323 750 1122 300 790 1111 42 877 923 237 1554 1812 118 1638 1772 218 1712 1952 55 1976 2036 
