10 43
5 188 62 267 109 876 1025 259 1368 1727 40 1369 1428 147 1684 1890 
2 222 1000 1411 59 1964 2050 
2 244 162 521 233 881 1228 
6 220 136 401 28 189 221 179 682 911 192 903 1148 153 1792 1988 60 1924 2010 
6 148 257 448 210 1205 1477 65 1617 1708 181 1791 2022 39 1959 2011 12 2028 2044 
5 81 705 820 16 1147 1167 232 1157 1484 57 1319 1401 240 1540 1840 
4 230 40 345 140 1325 1497 179 1541 1770 205 1725 2011 
5 251 40 343 113 489 648 49 822 891 196 844 1096 215 917 1219 
5 258 115 503 252 218 554 7 656 665 57 1861 1926 35 1975 2024 
3 217 756 1097 175 1249 1477 121 1666 1816 
