10 418
39 462 90 582 436 171 678 326 187 553 398 255 693 347 370 752 379 386 797 16 407 425 187 530 730 154 596 772 110 738 863 268 792 1088 262 826 1120 59 898 962 177 976 1178 224 990 1233 283 1074 1391 378 1087 1500 207 1105 1329 426 1199 1666 37 1263 1303 211 1279 1511 263 1440 1728 205 1452 1678 504 1521 2049 19 1550 1570 350 1579 1980 276 1639 1953 268 1644 1937 87 1810 1909 70 1828 1903 450 1833 2321 316 1895 2260 232 1919 2180 162 1939 2113 159 2058 2237 115 2135 2260 8 2177 2186 176 2246 2444 182 2397 2602 
40 293 255 577 101 380 495 106 399 515 401 422 866 423 488 956 105 536 651 452 637 1135 296 831 1151 410 845 1285 309 886 1235 299 918 1261 130 991 1136 461 1111 1613 27 1127 1156 144 1199 1353 54 1200 1257 292 1308 1624 23 1386 1411 380 1446 1859 192 1477 1691 437 1503 1970 291 1527 1861 203 1626 1851 35 1638 1676 286 1672 1979 164 1684 1870 181 1719 1922 404 1775 2223 390 1838 2281 396 1913 2346 232 1954 2203 148 1976 2142 434 2108 2580 149 2194 2359 327 2237 2589 164 2283 2458 188 2309 2515 194 2346 2559 96 2385 2493 47 2520 2574 
37 183 43 250 371 146 541 6 256 263 474 297 797 31 303 338 72 428 506 165 431 616 285 720 1027 89 748 845 261 829 1131 379 923 1341 426 982 1431 401 1052 1504 60 1078 1145 473 1134 1646 279 1342 1649 172 1374 1571 65 1457 1529 464 1557 2080 112 1611 1740 437 1632 2126 401 1671 2095 399 1714 2172 94 1715 1821 224 1814 2062 319 1821 2183 129 1937 2080 410 1978 2438 485 2017 2534 212 2061 2301 270 2071 2378 66 2074 2151 141 2171 2329 235 2243 2519 17 2266 2284 261 2303 2602 104 2524 2638 
41 15 1 18 377 169 595 406 232 698 74 234 315 167 272 451 135 274 417 349 334 751 133 414 568 213 530 772 216 662 890 306 800 1153 350 816 1199 345 820 1202 47 874 925 203 896 1133 284 953 1264 184 1242 1444 144 1299 1466 440 1376 1868 142 1400 1563 449 1425 1929 468 1473 1979 100 1477 1587 322 1550 1910 178 1685 1876 339 1687 2063 192 1874 2092 216 1918 2153 123 1971 2109 422 2048 2499 274 2067 2373 193 2130 2345 199 2148 2364 8 2317 2326 73 2341 2420 46 2422 2474 114 2435 2558 42 2472 2519 122 2472 2604 10 2478 2489 58 2561 2628 
41 103 10 119 129 22 161 65 36 104 79 61 151 439 66 562 320 328 685 33 406 440 449 516 996 371 560 960 208 576 798 282 672 975 384 769 1188 376 845 1270 408 856 1311 286 879 1188 383 903 1334 121 985 1120 58 1044 1105 372 1076 1515 385 1092 1512 46 1170 1221 103 1243 1358 363 1248 1661 381 1267 1713 76 1271 1358 446 1373 1848 281 1507 1837 116 1514 1643 161 1534 1717 428 1596 2046 4 1713 1718 304 1799 2131 32 2005 2039 412 2047 2494 313 2094 2444 136 2181 2327 270 2319 2607 13 2338 2352 14 2351 2366 80 2492 2578 29 2562 2595 
38 262 54 352 358 74 488 397 114 545 189 190 404 290 326 657 189 358 561 294 456 768 416 461 911 421 485 975 365 531 956 42 542 588 103 544 661 390 723 1152 214 844 1085 356 896 1295 154 917 1093 439 955 1439 461 1010 1523 363 1069 1457 214 1094 1345 366 1116 1523 61 1152 1220 402 1354 1768 56 1541 1607 378 1587 2010 166 1702 1881 238 1750 2012 261 1832 2118 61 1847 1912 243 2000 2263 129 2004 2146 49 2227 2283 25 2287 2315 170 2321 2513 168 2332 2522 154 2433 2603 33 2437 2474 15 2516 2533 
53 236 159 423 35 165 204 417 169 635 305 211 542 108 305 421 126 343 481 112 365 494 197 391 618 168 487 676 152 696 872 15 728 744 20 920 942 390 922 1348 18 1111 1131 162 1117 1303 341 1146 1503 235 1243 1504 335 1319 1673 126 1328 1464 203 1334 1558 397 1342 1777 208 1362 1594 468 1368 1862 338 1387 1758 82 1402 1489 453 1522 2010 85 1588 1683 394 1625 2035 266 1663 1955 159 1733 1902 428 1744 2202 160 1747 1920 34 1858 1895 213 1863 2098 349 1864 2236 25 1867 1895 324 1912 2273 65 1917 1989 302 1929 2274 383 1945 2365 174 1987 2178 18 2023 2042 178 2089 2291 322 2194 2544 310 2196 2537 55 2261 2323 176 2351 2540 62 2405 2476 95 2466 2569 55 2490 2548 2 2531 2534 36 2559 2598 25 2594 2621 
36 2 64 67 200 112 350 330 138 522 23 196 221 156 206 377 394 260 714 416 377 834 378 384 791 122 393 531 60 429 496 383 676 1104 215 714 944 261 737 1008 386 926 1367 119 1036 1174 79 1100 1183 367 1307 1731 100 1371 1478 295 1433 1741 437 1443 1941 302 1496 1833 452 1575 2084 421 1580 2043 370 1759 2181 235 1931 2190 306 1976 2324 215 2001 2247 270 2090 2397 219 2217 2468 197 2226 2451 277 2237 2553 277 2289 2593 49 2341 2396 41 2351 2396 13 2502 2516 7 2606 2614 
52 51 5 62 77 88 174 27 121 151 316 252 607 92 345 448 314 355 708 150 442 606 13 451 465 51 525 580 2 562 565 68 675 749 314 760 1109 46 769 819 252 830 1100 247 893 1160 320 1072 1431 170 1142 1328 309 1162 1504 69 1165 1243 304 1179 1516 277 1251 1558 410 1272 1702 67 1484 1562 275 1487 1788 67 1489 1560 126 1590 1727 365 1597 1990 152 1613 1779 284 1622 1926 110 1654 1781 426 1656 2135 185 1730 1939 23 1816 1841 341 1891 2276 315 1905 2249 155 1956 2129 422 1970 2452 251 2010 2291 476 2044 2555 382 2127 2546 289 2139 2466 48 2147 2200 175 2182 2385 78 2249 2337 21 2282 2305 60 2381 2446 103 2386 2499 77 2417 2503 24 2493 2519 4 2540 2545 65 2550 2619 4 2630 2635 
41 25 78 106 433 162 635 167 167 353 167 287 473 105 310 424 299 362 694 160 381 561 33 490 526 328 746 1102 145 888 1046 32 909 943 311 983 1338 447 1067 1573 143 1081 1234 218 1092 1324 235 1273 1539 365 1281 1701 168 1353 1550 193 1409 1617 315 1455 1786 377 1476 1879 319 1531 1891 466 1568 2096 169 1599 1788 14 1627 1642 131 1699 1849 370 1701 2108 304 1822 2171 170 1833 2025 374 1836 2249 415 1881 2349 461 1992 2496 44 2033 2083 208 2134 2369 262 2342 2629 160 2400 2575 91 2477 2578 73 2536 2617 73 2562 2643 2 2568 2571 21 2604 2627 
