10 81
10 141 218 473 27 240 292 278 522 881 158 635 822 103 647 792 314 682 1107 236 750 1065 47 832 951 38 1377 1448 45 2094 2188 
8 87 343 501 92 396 536 261 1153 1551 295 1495 1911 191 1919 2300 32 2142 2197 15 2187 2209 37 2264 2332 
6 97 161 325 161 292 631 146 1090 1393 123 1303 1486 173 1525 1777 229 1780 2162 
9 7 20 34 64 191 322 244 409 797 187 446 691 69 889 1009 128 1064 1255 144 1334 1639 82 1427 1593 37 2083 2142 
9 22 446 487 246 507 926 193 573 911 144 1232 1572 32 1430 1496 28 1627 1677 288 1664 2053 54 2178 2279 14 2319 2340 
8 228 115 454 289 141 503 134 1042 1264 65 1200 1305 19 1782 1811 134 1939 2279 102 2061 2258 43 2157 2234 
8 80 236 358 180 310 685 92 439 572 100 477 668 75 797 911 152 828 1100 92 2119 2291 22 2322 2353 
4 198 906 1289 83 1025 1197 248 1473 1925 287 1543 1977 
9 66 103 229 295 371 774 26 519 556 98 1076 1272 170 1276 1524 163 1862 2101 118 1924 2096 167 2052 2328 28 2227 2281 
10 139 19 308 202 179 459 10 292 312 41 318 381 187 905 1150 51 1072 1176 142 1339 1626 37 1350 1429 38 2195 2259 17 2297 2330 
