15 389
23 97 17 125 77 121 205 54 135 197 169 186 374 163 216 398 88 256 352 147 279 440 155 370 550 171 473 668 140 481 639 231 592 848 83 660 751 48 715 769 137 754 906 198 794 1024 58 954 1017 158 1044 1220 59 1074 1140 147 1098 1260 138 1106 1258 38 1123 1166 2 1177 1180 3 1252 1256 
26 58 15 77 98 124 234 191 165 385 75 206 291 25 327 355 233 344 596 31 353 387 237 417 672 23 434 459 168 452 631 205 497 729 100 532 643 5 544 550 122 721 857 113 791 912 136 797 953 125 827 964 79 859 945 222 889 1141 229 923 1180 49 1083 1138 62 1134 1201 26 1189 1218 68 1189 1270 36 1239 1279 22 1257 1281 
17 152 103 273 113 215 340 24 220 246 196 267 479 132 268 414 211 465 699 168 535 718 67 543 619 81 548 636 155 549 713 186 592 802 213 649 893 134 743 892 167 851 1028 223 858 1106 187 866 1099 195 902 1115 
23 169 104 293 103 126 243 8 174 183 127 255 397 158 303 481 35 315 354 177 332 535 48 473 525 198 473 696 19 497 517 121 537 677 138 544 695 229 615 862 126 615 756 134 671 824 221 801 1053 77 1016 1108 138 1071 1222 73 1105 1186 111 1120 1244 55 1193 1254 25 1233 1261 5 1264 1270 
30 191 111 318 182 139 348 22 186 209 46 243 293 176 281 480 66 302 374 209 317 542 45 324 374 54 335 392 129 494 633 101 603 716 173 613 808 157 633 805 97 676 787 166 686 866 2 735 738 52 793 850 133 859 1007 161 926 1101 90 944 1045 135 982 1129 157 985 1162 140 1027 1181 75 1137 1220 58 1139 1202 14 1139 1154 64 1193 1263 32 1249 1284 20 1262 1285 3 1280 1284 
22 121 75 205 33 164 199 222 207 457 92 243 349 169 333 511 212 340 576 102 357 478 169 364 548 174 536 730 127 555 696 199 614 842 98 727 835 213 968 1196 86 985 1082 189 1011 1232 131 1044 1192 68 1047 1123 10 1086 1097 17 1105 1124 86 1114 1212 57 1196 1261 15 1260 1276 
28 24 39 64 230 73 325 7 107 115 5 124 130 113 236 360 43 237 284 47 378 428 132 382 532 180 409 606 143 418 575 69 472 545 211 478 719 23 484 509 49 519 573 178 553 752 94 560 661 43 566 613 195 589 802 195 602 820 187 624 829 68 642 721 152 804 975 135 875 1021 221 975 1210 132 1008 1153 52 1058 1116 79 1194 1281 2 1282 1285 
33 127 34 167 121 70 200 68 83 156 40 128 172 187 180 378 127 210 351 49 250 304 180 257 449 38 326 367 51 339 396 133 421 566 163 444 621 14 483 499 107 485 602 44 575 622 223 586 836 146 598 756 126 632 762 172 700 899 140 712 867 114 788 911 125 838 983 188 895 1099 151 943 1110 33 945 981 106 945 1059 2 959 962 25 997 1025 58 1032 1093 111 1048 1176 53 1113 1171 29 1118 1148 8 1208 1217 
25 192 20 242 125 90 223 77 192 279 61 240 313 86 304 397 194 339 567 73 501 581 103 501 617 173 507 702 200 508 741 193 535 750 56 575 636 198 631 846 223 784 1027 30 790 823 194 831 1038 94 918 1019 102 1108 1223 69 1115 1189 43 1138 1183 39 1182 1225 58 1196 1261 20 1240 1261 14 1241 1256 3 1279 1283 
28 107 2 127 108 59 182 188 74 280 50 91 146 50 101 156 67 103 177 181 104 301 210 128 358 180 236 440 51 243 301 28 298 327 6 318 325 3 323 327 19 433 453 21 570 592 83 570 660 231 637 891 223 650 898 76 660 744 38 678 719 128 817 961 223 834 1080 101 898 1005 79 912 1002 191 968 1174 121 976 1110 6 1222 1229 47 1223 1275 
27 100 57 170 67 93 167 158 108 281 207 132 357 79 181 266 131 208 353 22 221 245 83 336 425 151 356 534 61 363 430 153 532 704 232 570 819 150 607 776 6 647 654 181 891 1085 26 892 922 61 898 966 98 904 1020 195 928 1137 150 986 1160 3 1020 1024 52 1026 1083 98 1064 1176 191 1068 1276 63 1116 1187 74 1134 1215 10 1213 1224 
25 223 30 283 88 185 282 167 322 502 152 346 510 173 373 559 97 382 491 191 400 606 167 416 608 189 619 831 119 636 769 35 715 754 176 733 921 151 748 919 161 767 940 114 814 932 96 836 940 23 844 869 40 1042 1088 89 1046 1143 137 1047 1202 142 1055 1211 167 1072 1255 77 1169 1255 51 1221 1277 5 1261 1267 
31 68 27 102 9 36 46 44 129 176 146 132 298 81 168 262 39 175 219 32 188 223 76 206 293 36 236 276 30 408 440 87 427 525 107 448 567 118 452 588 32 473 507 171 499 689 186 504 712 139 523 677 200 597 815 78 685 771 114 736 860 154 755 924 162 854 1038 53 866 926 83 939 1031 78 1073 1160 149 1095 1256 6 1106 1113 29 1171 1203 29 1215 1249 50 1220 1275 10 1265 1276 
22 206 31 258 134 197 350 153 337 506 114 371 498 33 372 409 182 418 621 92 420 523 133 448 589 119 464 596 224 561 806 58 570 637 112 623 746 55 688 751 160 708 883 164 713 898 109 834 959 159 912 1092 71 931 1010 206 1002 1230 166 1063 1250 7 1271 1279 5 1278 1284 
29 156 1 185 115 23 151 146 39 204 120 59 188 120 147 275 170 247 436 19 376 396 55 388 448 156 421 594 185 475 684 22 489 513 73 622 699 121 648 786 174 672 872 141 692 850 240 729 979 163 800 983 15 806 822 76 866 948 8 891 900 18 917 936 191 947 1153 79 981 1067 122 1001 1140 159 1008 1179 50 1109 1162 70 1188 1265 34 1210 1247 2 1244 1247 
