15 167
8 132 43 329 105 187 389 123 237 481 105 252 411 84 287 410 29 1297 1336 33 1300 1355 61 1326 1425 
8 43 2 58 129 53 280 91 75 213 139 265 510 119 493 745 38 755 849 78 808 957 57 1309 1420 
9 72 325 431 41 423 480 67 435 572 109 515 689 104 567 744 95 984 1180 158 1022 1275 177 1029 1301 46 1342 1412 
11 17 123 155 6 188 198 79 285 545 113 373 570 2 378 381 75 443 559 132 530 746 163 895 1112 99 901 1066 62 1182 1341 6 1244 1254 
11 18 28 61 96 44 245 131 50 269 187 189 465 98 613 779 110 886 1019 12 889 919 142 947 1210 9 1072 1087 70 1159 1259 6 1175 1187 
11 8 146 159 73 361 452 22 511 569 172 516 764 142 756 983 14 868 896 91 895 1035 55 1084 1197 179 1090 1363 56 1179 1299 63 1320 1427 
10 13 101 120 198 387 665 118 464 710 173 776 1063 104 904 1080 59 978 1105 23 1011 1049 163 1148 1373 18 1348 1375 11 1377 1398 
10 167 43 321 41 55 125 73 222 324 39 248 320 49 361 437 92 622 782 133 1096 1279 140 1125 1395 92 1206 1344 34 1211 1265 
16 35 41 87 45 143 207 35 381 445 108 394 592 148 496 676 54 563 671 24 653 693 35 764 825 62 803 891 71 819 920 191 855 1105 35 892 952 61 1038 1140 33 1118 1174 45 1342 1418 21 1360 1405 
10 80 59 218 40 113 211 166 374 653 29 381 430 180 408 657 122 621 820 18 929 959 134 994 1176 70 1152 1247 91 1211 1375 
14 125 129 393 3 222 226 16 439 467 20 451 482 20 466 502 69 503 696 60 672 766 53 761 835 128 817 1003 134 873 1141 6 1241 1250 50 1342 1431 4 1404 1410 13 1410 1430 
13 112 0 172 138 47 252 142 193 403 81 272 391 7 513 522 45 546 634 124 562 735 137 725 956 73 922 1037 139 1070 1263 83 1249 1351 28 1261 1302 30 1315 1372 
14 76 24 143 78 210 322 118 216 401 145 239 430 33 250 305 94 334 535 154 508 721 75 596 749 92 1015 1143 109 1199 1367 11 1267 1283 4 1304 1310 11 1408 1424 3 1430 1434 
10 46 13 95 82 252 371 41 292 352 156 304 578 141 414 698 151 442 657 93 541 676 32 741 784 77 917 1053 22 1176 1212 
12 46 233 300 133 290 502 167 332 571 36 398 451 67 572 673 124 633 803 157 840 1051 116 867 1034 122 1008 1224 65 1082 1197 39 1181 1246 120 1255 1417 
