15 180
12 137 246 436 59 445 515 42 494 542 184 569 813 27 605 637 111 610 763 30 685 721 14 686 704 54 727 800 158 821 1038 145 913 1119 112 924 1066 
9 70 133 244 109 232 384 89 556 693 154 611 813 178 759 1000 84 903 1021 112 1068 1196 89 1108 1224 14 1244 1263 
13 67 79 178 154 258 461 82 261 375 83 473 589 24 566 600 40 733 778 133 814 1012 131 834 1005 90 873 1005 31 985 1030 87 985 1093 81 999 1109 2 1124 1127 
10 48 185 256 140 192 390 153 346 553 127 365 531 47 453 510 60 558 633 136 715 906 146 882 1074 45 1023 1079 79 1070 1163 
17 82 89 190 80 167 276 152 437 612 72 511 609 17 531 555 27 569 608 9 585 596 22 614 645 99 821 958 195 907 1154 194 912 1154 11 932 946 21 954 979 36 1038 1082 91 1065 1176 78 1159 1263 32 1232 1279 
12 202 257 511 148 398 567 51 402 468 195 489 746 127 539 742 77 546 648 95 574 676 103 578 686 134 671 834 49 896 955 138 1062 1222 10 1233 1246 
10 119 36 202 104 96 218 64 105 195 36 123 171 117 222 394 82 258 373 182 539 789 40 598 647 151 689 894 26 950 985 
12 142 76 292 154 127 346 53 181 254 75 195 295 5 387 393 104 529 659 54 621 690 154 985 1166 167 1009 1252 60 1042 1117 92 1081 1196 85 1112 1222 
13 84 125 238 107 166 316 60 264 344 123 337 501 42 356 408 103 537 664 14 736 754 74 879 977 8 1034 1045 128 1097 1267 98 1107 1239 92 1133 1266 54 1175 1253 
9 143 174 359 114 211 377 184 220 476 93 227 375 67 403 487 100 534 673 120 838 992 104 1126 1264 2 1185 1188 
14 166 14 213 5 78 84 77 114 212 160 193 403 59 374 459 57 637 712 61 661 735 72 756 858 70 861 951 86 910 1034 14 938 958 5 945 951 160 1011 1215 38 1077 1139 
13 94 58 195 11 235 250 51 257 327 150 301 492 144 326 504 2 488 491 110 502 651 159 619 839 26 674 705 42 801 859 112 869 1038 2 898 901 2 1262 1265 
11 106 101 257 91 121 249 125 184 340 190 415 636 82 692 792 171 755 969 21 785 811 84 857 971 147 938 1157 165 1024 1212 30 1225 1267 
13 4 7 13 81 45 161 42 68 120 69 119 215 196 307 559 59 389 463 43 426 481 66 443 529 148 511 724 71 628 711 167 1007 1234 31 1136 1173 2 1282 1285 
12 106 31 166 46 377 436 76 516 624 40 539 595 117 635 810 83 681 795 76 696 798 113 848 1006 193 863 1115 23 1009 1039 50 1114 1176 4 1265 1270 
