15 47
3 43 685 749 95 759 975 102 794 958 
3 48 189 268 100 339 510 88 761 908 
4 66 64 207 50 168 277 84 292 410 29 520 565 
4 79 68 219 38 147 222 8 860 872 7 1112 1125 
5 26 466 508 116 652 876 132 741 945 12 1000 1023 17 1065 1091 
3 11 256 276 101 617 800 44 866 937 
4 84 673 828 81 910 1017 41 1025 1080 4 1113 1118 
3 134 48 232 153 360 558 19 675 714 
2 97 241 389 84 283 473 
2 101 396 603 129 706 881 
3 122 345 512 58 412 512 100 506 687 
5 117 68 271 13 122 141 34 884 945 81 893 1018 9 959 975 
2 159 122 346 88 433 571 
1 107 439 660 
3 102 504 659 34 807 862 45 917 1000 
