15 61
5 31 153 189 152 298 516 118 424 593 76 449 545 35 1082 1126 
5 148 117 299 85 128 235 128 306 457 38 593 642 30 706 753 
2 120 4 180 164 791 1014 
3 127 211 375 95 318 471 59 642 716 
2 48 194 259 123 225 436 
3 142 554 737 170 626 846 128 962 1123 
5 20 158 181 148 367 578 15 455 473 111 834 974 70 868 963 
4 15 177 199 73 207 298 139 430 618 110 741 882 
4 129 32 221 121 771 930 63 914 995 59 1018 1102 
4 123 166 334 66 307 392 65 372 456 174 910 1108 
5 81 224 331 131 365 541 97 368 485 64 379 461 37 389 438 
6 117 88 248 54 99 167 23 135 165 109 478 602 43 896 960 52 937 1011 
5 142 100 268 71 647 740 174 782 998 78 1020 1129 15 1064 1085 
3 159 452 677 115 619 771 127 833 996 
5 5 249 255 77 319 411 135 562 745 26 669 704 151 828 1045 
