15 101
9 55 417 509 5 477 485 98 561 706 166 844 1077 155 967 1203 71 971 1083 16 1090 1115 32 1165 1230 30 1222 1275 
6 106 431 592 43 442 518 83 447 623 92 638 791 69 691 806 31 1182 1227 
6 50 20 82 113 28 274 84 51 197 143 520 765 178 804 1036 7 933 943 
9 57 53 138 54 56 139 85 249 369 11 427 446 41 436 520 6 522 531 126 532 741 165 537 766 71 1132 1233 
5 126 82 276 139 208 462 140 621 878 96 951 1086 7 1197 1208 
8 104 80 265 74 627 750 86 674 798 52 695 776 78 835 945 82 934 1077 41 1038 1108 66 1187 1284 
9 29 31 76 146 199 400 52 615 723 2 664 667 134 674 874 138 821 1020 4 1002 1013 107 1118 1260 17 1227 1254 
5 23 64 103 139 103 327 105 560 795 107 656 873 6 1246 1255 
6 79 43 246 19 56 87 147 102 357 65 238 339 25 380 420 27 1021 1068 
8 125 130 348 80 131 272 74 189 301 11 191 210 3 231 236 43 420 503 131 872 1075 5 1261 1270 
6 42 264 324 143 286 494 172 487 743 67 865 1019 9 923 935 50 1147 1251 
5 139 33 281 57 403 525 114 594 775 67 715 837 8 1056 1070 
5 75 496 589 113 516 745 162 588 833 161 869 1124 55 937 1015 
8 94 186 307 30 275 324 137 423 656 7 444 461 65 617 734 18 797 834 28 996 1052 55 1159 1263 
6 29 166 231 106 235 394 98 552 733 91 626 866 10 1206 1227 25 1248 1283 
