15 188
11 70 112 188 170 186 379 159 246 422 192 395 607 4 423 428 121 610 750 181 668 861 46 922 973 40 996 1041 39 1070 1112 3 1112 1116 
10 187 66 278 110 180 307 190 236 443 65 438 511 20 545 567 96 680 786 6 742 749 74 879 963 104 894 1012 70 971 1050 
10 85 61 153 14 199 214 169 430 617 160 436 611 159 490 681 107 519 642 47 532 584 82 765 859 17 993 1012 7 1120 1128 
12 102 1 115 139 7 158 198 7 222 28 45 75 18 108 128 28 110 140 141 188 342 70 271 350 158 666 843 166 765 943 141 877 1026 40 962 1006 
14 117 7 138 112 207 329 50 258 311 97 274 380 168 276 457 39 429 473 38 554 597 211 607 833 51 721 777 165 775 957 71 846 927 35 877 917 5 881 887 21 1046 1069 
17 13 1 15 27 213 242 159 262 439 53 276 335 152 308 471 123 344 481 37 408 446 165 425 598 22 454 478 41 489 535 199 551 773 69 635 712 45 707 759 28 727 759 36 914 954 23 1038 1063 21 1083 1107 
17 157 139 316 85 195 288 44 218 265 17 263 283 8 346 355 15 373 389 165 395 585 24 409 435 135 466 613 100 580 688 74 637 720 28 698 728 152 829 993 62 929 997 2 994 997 34 1061 1099 26 1087 1116 
13 73 16 96 130 20 165 156 198 372 65 356 427 204 396 622 10 485 496 14 525 540 47 532 582 64 536 604 92 631 732 165 643 820 182 833 1039 34 950 987 
12 95 71 173 117 280 407 73 302 382 173 475 674 172 491 685 114 494 617 123 586 726 94 717 822 6 728 735 27 798 830 9 896 906 53 1062 1121 
9 163 40 223 117 127 254 193 194 402 152 369 539 89 422 522 133 493 647 26 503 531 34 735 773 95 998 1105 
9 159 372 546 170 464 658 205 488 707 138 570 715 198 646 860 146 873 1037 104 947 1061 36 988 1027 51 1074 1130 
14 38 0 42 18 7 26 12 15 28 32 46 83 213 100 323 76 175 259 57 240 304 150 278 448 134 393 547 164 522 699 110 627 752 16 981 999 22 991 1014 42 1082 1130 
11 88 97 189 48 108 160 16 399 417 185 468 669 191 502 713 181 503 706 193 718 941 168 837 1020 76 879 962 75 937 1022 33 1026 1064 
18 141 99 254 16 102 120 7 160 168 58 224 288 65 300 371 71 496 575 139 655 803 103 744 857 114 862 990 44 986 1033 64 993 1064 65 1010 1082 100 1021 1130 54 1044 1103 52 1062 1119 7 1068 1076 38 1080 1121 3 1120 1124 
11 72 273 354 35 372 411 114 415 547 33 450 487 154 518 689 25 609 636 69 711 789 176 789 983 128 803 944 77 817 906 98 830 938 
