15 260
20 20 129 153 114 155 305 39 217 273 60 327 408 153 387 586 89 432 570 126 495 676 120 507 664 2 525 528 150 534 770 46 658 727 47 978 1038 65 1012 1093 100 1051 1197 68 1135 1230 83 1212 1316 41 1276 1325 76 1278 1386 20 1352 1381 15 1409 1431 
20 198 179 462 183 224 460 49 262 328 214 329 600 55 448 533 109 470 597 155 659 849 65 698 771 217 713 993 209 740 1005 16 784 804 63 800 883 42 918 975 63 1276 1355 63 1305 1390 30 1324 1366 9 1328 1340 46 1353 1417 29 1388 1424 8 1426 1436 
20 182 154 383 37 182 231 66 319 409 106 319 466 139 403 606 167 462 680 114 580 744 47 609 666 92 705 826 10 761 775 15 842 861 76 873 975 18 915 937 144 1022 1219 120 1125 1296 107 1148 1306 59 1173 1246 58 1357 1424 17 1363 1387 25 1387 1418 
18 120 251 410 115 277 434 15 282 300 196 455 694 121 491 636 164 500 730 149 560 766 119 653 824 67 764 849 24 771 808 41 779 830 72 852 946 15 880 897 32 902 943 170 1071 1355 32 1342 1382 13 1415 1431 10 1428 1439 
17 73 30 140 16 81 99 247 212 484 149 288 503 212 475 751 29 566 602 189 776 1031 79 803 923 183 842 1085 88 844 968 126 901 1078 116 913 1056 105 952 1092 235 1013 1277 4 1381 1386 7 1415 1423 5 1415 1421 
15 162 114 311 154 238 435 140 248 420 98 302 427 8 307 316 222 316 603 126 411 566 169 735 969 142 773 952 109 924 1070 37 939 986 82 950 1074 160 1061 1287 104 1076 1205 48 1309 1376 
21 131 75 235 59 120 197 220 165 437 21 307 335 26 311 346 194 327 583 138 409 580 46 434 493 65 449 541 62 557 625 84 677 773 33 696 737 30 780 820 83 810 938 177 958 1228 124 989 1150 78 1015 1124 230 1125 1408 27 1230 1261 55 1277 1350 22 1402 1430 
13 96 289 419 93 402 521 126 408 565 198 453 712 179 506 746 193 737 1000 15 883 902 218 954 1239 183 983 1221 121 1103 1256 128 1256 1434 77 1257 1362 26 1391 1423 
13 104 301 439 121 573 735 162 586 804 166 627 843 196 713 981 156 720 934 16 738 757 165 753 951 190 837 1112 101 1162 1310 59 1323 1399 51 1332 1412 21 1351 1376 
21 179 13 230 44 13 69 37 102 146 129 102 264 218 180 459 27 204 236 155 212 404 174 215 437 124 530 703 202 696 946 147 740 941 54 798 858 67 826 911 10 849 861 12 871 886 95 963 1095 199 986 1248 13 1005 1022 98 1136 1267 10 1412 1426 6 1414 1422 
13 174 35 252 6 46 54 179 375 623 76 664 786 115 682 835 169 697 914 133 778 954 135 861 1035 113 896 1060 179 1054 1336 147 1070 1263 146 1221 1410 49 1328 1389 
17 74 9 102 203 85 316 125 123 286 79 250 358 126 337 475 19 549 573 105 784 938 168 820 1081 169 842 1091 76 899 1002 36 1008 1055 44 1056 1110 93 1068 1196 96 1225 1351 17 1266 1290 83 1277 1386 57 1332 1415 
15 31 100 149 178 210 469 182 247 520 26 304 337 81 610 714 157 741 943 132 766 948 57 911 994 146 1075 1277 212 1088 1369 30 1154 1196 58 1322 1408 9 1328 1339 11 1355 1372 33 1377 1424 
17 182 3 255 82 56 162 167 217 448 108 335 466 4 343 348 91 344 464 158 549 746 138 620 820 71 646 741 82 698 818 83 744 848 122 899 1047 101 1234 1376 28 1243 1274 74 1267 1378 77 1341 1438 51 1343 1413 
20 57 34 113 216 106 377 250 165 448 12 183 198 59 370 452 67 389 476 47 393 458 19 622 645 35 756 804 44 781 839 104 792 951 50 807 879 89 885 1009 116 891 1049 50 915 985 182 1032 1276 190 1060 1311 100 1149 1266 16 1412 1435 4 1414 1419 
