15 683
44 98 42 150 141 64 219 41 70 116 231 72 325 131 94 238 85 95 190 27 112 140 133 119 261 212 220 458 109 237 359 157 249 419 195 301 518 24 347 373 14 360 376 169 363 553 204 383 599 130 405 547 245 485 760 231 502 757 35 605 642 59 608 670 175 653 853 226 807 1061 186 892 1116 107 935 1053 162 939 1129 209 959 1193 157 977 1154 250 986 1259 5 987 993 107 1012 1128 9 1016 1026 87 1020 1118 189 1038 1244 137 1057 1206 228 1093 1345 15 1104 1120 150 1130 1294 42 1213 1259 73 1271 1346 65 1339 1411 29 1348 1379 32 1366 1399 55 1371 1432 
49 57 16 82 173 22 214 117 47 180 250 116 392 42 180 226 23 209 234 170 227 412 107 233 352 113 234 362 204 288 512 113 293 422 178 345 542 186 428 636 124 455 585 29 456 487 79 458 548 72 553 632 128 583 718 158 595 781 70 673 751 233 684 945 139 794 942 100 827 942 135 855 1009 112 866 986 142 868 1019 178 903 1095 70 923 1000 69 945 1021 128 1049 1191 209 1082 1324 89 1088 1180 78 1093 1183 201 1115 1345 209 1117 1345 124 1154 1286 173 1234 1422 4 1236 1241 145 1236 1401 82 1274 1363 20 1303 1325 57 1357 1421 22 1379 1403 34 1396 1435 25 1411 1437 20 1412 1435 17 1421 1439 12 1426 1439 3 1435 1439 
43 204 71 295 175 115 305 110 173 298 198 269 495 239 287 544 7 306 314 132 344 488 270 347 632 95 391 495 55 394 454 154 442 612 28 467 498 158 481 652 175 491 684 28 493 524 30 547 582 144 558 719 47 694 746 57 700 765 222 708 947 166 743 923 69 751 828 170 774 964 67 824 898 194 927 1134 214 937 1187 242 952 1218 91 1012 1113 242 1019 1284 182 1060 1263 204 1076 1301 61 1119 1187 234 1123 1381 208 1153 1390 120 1162 1298 203 1181 1412 99 1223 1334 63 1277 1349 21 1342 1365 41 1368 1410 20 1405 1427 17 1414 1433 15 1421 1437 
43 116 4 126 189 44 255 95 49 157 248 105 375 167 133 323 55 233 294 77 271 356 70 323 402 196 327 539 36 328 368 154 329 498 224 346 591 183 353 552 207 424 647 32 434 468 61 493 559 247 519 800 75 546 628 132 595 741 5 603 609 109 699 821 225 706 953 81 707 801 222 723 972 229 773 1026 147 826 984 30 827 860 43 889 935 188 921 1131 208 927 1161 84 970 1066 152 991 1165 94 1007 1114 201 1036 1273 17 1054 1073 133 1070 1217 7 1140 1148 122 1194 1329 116 1230 1355 45 1296 1344 50 1299 1356 112 1303 1420 30 1384 1417 
53 106 0 113 125 2 145 193 42 254 120 52 188 219 121 363 77 145 228 73 164 246 172 195 388 185 306 507 236 321 579 210 327 568 185 332 545 45 381 429 94 418 521 217 444 678 63 448 520 113 462 585 165 472 647 174 496 690 132 500 641 41 598 644 217 610 848 171 634 822 191 685 897 49 750 803 132 765 915 85 774 867 4 828 833 25 860 887 68 863 938 116 864 987 139 897 1045 192 940 1148 30 949 981 51 960 1016 48 967 1021 118 968 1098 68 1020 1094 101 1021 1130 231 1064 1312 20 1071 1093 82 1085 1176 95 1110 1219 108 1130 1249 207 1155 1392 10 1183 1194 59 1283 1350 49 1326 1377 40 1328 1372 16 1367 1384 24 1399 1426 26 1405 1432 5 1424 1430 
50 164 6 182 60 65 130 179 128 334 187 204 406 107 209 324 52 243 302 85 283 377 172 286 480 40 337 378 127 343 488 101 397 513 137 446 598 198 479 706 179 491 687 114 505 629 130 511 657 86 538 631 151 560 734 86 565 658 235 569 830 89 574 669 103 582 696 3 622 626 225 678 936 42 742 788 169 760 938 240 772 1039 249 817 1090 128 858 995 139 862 1018 20 884 905 109 893 1009 116 917 1047 73 921 1004 244 943 1211 8 949 958 249 990 1264 17 1005 1025 11 1038 1050 17 1123 1141 186 1141 1348 21 1174 1198 11 1177 1189 18 1213 1232 138 1266 1420 23 1325 1351 47 1326 1379 31 1358 1393 33 1362 1399 10 1426 1437 
53 150 1 167 163 4 191 106 42 156 244 122 397 32 135 171 77 163 249 10 172 183 136 230 388 171 230 417 19 246 267 235 286 533 237 310 576 56 312 376 17 329 347 80 343 425 90 346 447 90 353 455 199 385 608 60 438 504 87 454 550 64 459 528 149 472 641 161 488 661 69 545 620 171 603 793 151 606 768 197 611 830 17 614 632 140 622 781 181 648 838 2 661 664 218 698 933 260 711 997 136 756 909 73 881 962 79 881 972 112 909 1035 104 999 1116 43 1002 1050 133 1011 1162 22 1022 1047 82 1039 1128 55 1050 1108 52 1114 1171 27 1145 1174 35 1256 1294 113 1258 1385 64 1308 1381 114 1310 1436 35 1323 1361 82 1337 1428 27 1407 1436 20 1411 1432 
39 108 98 218 40 123 166 43 133 181 193 291 502 267 299 581 38 327 368 76 334 417 61 347 411 111 481 608 162 482 657 229 521 779 72 534 613 139 568 728 252 601 870 237 603 867 215 611 853 173 652 847 161 682 867 64 692 764 203 719 942 10 739 750 54 749 808 210 799 1036 212 813 1056 236 821 1080 202 857 1072 30 877 911 199 918 1140 169 924 1113 111 953 1083 111 982 1108 52 999 1054 200 1146 1370 114 1153 1277 186 1167 1379 122 1221 1354 122 1244 1376 21 1383 1406 3 1433 1437 
35 200 3 228 122 56 191 53 62 119 210 164 391 113 174 302 56 218 282 200 264 492 179 283 474 239 301 577 42 326 372 112 356 482 254 434 716 101 467 585 248 486 771 53 488 546 245 515 786 181 524 722 196 525 742 200 592 813 133 593 746 232 598 852 101 718 839 76 732 817 140 932 1083 243 978 1245 211 987 1225 137 1043 1203 23 1100 1126 41 1164 1209 200 1212 1438 103 1224 1339 139 1247 1404 11 1344 1356 15 1373 1389 19 1401 1422 
37 222 10 255 242 52 306 248 60 339 211 64 305 197 81 304 225 156 394 106 184 300 183 188 389 171 191 368 208 198 440 173 233 432 41 331 376 65 337 409 163 352 531 160 399 581 111 433 558 165 516 701 83 563 651 218 614 858 212 622 854 13 641 655 89 692 789 59 780 846 23 906 931 180 970 1177 140 1017 1174 189 1034 1243 217 1049 1296 35 1108 1147 148 1143 1311 227 1168 1423 74 1178 1257 169 1211 1394 46 1227 1279 65 1290 1365 47 1296 1351 7 1424 1432 
44 71 4 85 71 35 114 8 49 58 194 67 284 169 92 279 41 117 160 102 149 261 236 247 497 177 250 445 202 262 472 253 269 546 48 286 341 56 307 369 28 370 401 200 394 620 160 417 604 76 425 511 170 463 656 204 491 713 103 567 680 160 703 882 180 726 932 23 735 760 171 741 938 156 802 974 173 862 1047 94 898 1006 194 937 1148 263 974 1257 206 1020 1249 65 1090 1159 25 1125 1153 165 1179 1362 226 1190 1432 212 1195 1433 71 1291 1369 102 1299 1417 83 1303 1396 10 1347 1358 63 1348 1419 75 1353 1434 38 1372 1414 10 1375 1386 22 1409 1434 
48 272 86 372 78 87 173 10 98 109 122 103 240 126 111 255 238 151 432 168 159 342 51 178 234 41 263 308 85 288 381 228 288 538 105 291 399 79 315 400 225 321 566 160 400 572 211 417 650 96 449 553 37 493 532 176 546 738 208 551 774 187 556 753 97 704 810 122 744 874 28 760 791 137 792 954 133 844 986 152 891 1060 4 926 931 212 940 1178 142 945 1099 20 987 1009 146 1017 1176 141 1025 1186 140 1062 1222 129 1071 1212 132 1134 1283 80 1147 1236 204 1175 1399 235 1180 1433 134 1182 1329 177 1188 1378 103 1225 1337 64 1232 1302 2 1249 1252 117 1308 1434 83 1319 1404 7 1389 1397 6 1391 1398 
55 219 31 268 212 32 268 64 65 134 184 118 326 20 121 143 190 128 335 24 144 170 198 240 449 158 319 505 109 331 449 29 351 384 139 363 519 11 377 389 44 389 438 192 392 600 16 398 416 172 416 598 148 492 660 105 514 632 222 541 799 65 612 684 147 643 805 147 644 807 148 723 890 141 805 963 126 830 976 169 831 1017 38 900 942 18 902 921 230 906 1154 62 941 1011 193 942 1149 28 990 1019 54 1014 1075 27 1022 1051 195 1030 1245 14 1053 1068 34 1055 1094 78 1067 1151 12 1068 1081 165 1135 1320 160 1157 1330 53 1181 1240 132 1198 1342 193 1220 1435 45 1229 1281 29 1237 1269 34 1251 1288 53 1314 1370 13 1325 1339 37 1337 1378 60 1352 1418 16 1364 1382 40 1366 1409 13 1400 1414 
43 128 1 141 176 27 222 175 42 239 147 48 205 111 50 169 205 54 286 214 70 323 17 151 169 24 165 192 31 242 276 180 265 471 28 270 301 206 287 508 92 314 414 78 388 473 233 401 665 32 543 579 152 560 720 166 583 766 159 597 771 79 670 758 205 703 925 9 716 726 16 716 733 147 738 891 165 743 929 130 830 974 215 836 1086 205 871 1106 242 882 1154 76 951 1034 166 1027 1204 161 1081 1265 182 1081 1288 101 1185 1301 216 1194 1428 178 1223 1415 43 1249 1296 91 1303 1409 54 1359 1417 14 1399 1414 26 1403 1433 17 1414 1433 
47 139 26 176 33 56 91 144 87 238 67 89 162 65 102 170 65 121 191 201 232 462 152 243 410 14 269 284 66 275 343 57 294 360 105 316 430 22 349 373 166 387 576 50 440 495 218 498 739 90 499 603 243 503 768 91 564 663 243 575 855 222 684 929 127 779 921 220 822 1061 226 826 1073 177 832 1031 46 845 895 261 916 1203 21 924 947 45 979 1028 222 1013 1268 36 1014 1053 206 1015 1252 226 1041 1282 73 1059 1140 103 1075 1187 28 1113 1144 247 1150 1430 164 1156 1342 60 1210 1276 27 1232 1262 10 1254 1265 125 1273 1408 113 1282 1406 51 1312 1366 39 1353 1396 39 1370 1412 3 1412 1416 
