15 114
10 8 174 187 10 255 270 136 342 550 4 642 651 20 807 840 173 872 1110 157 938 1137 68 947 1049 41 998 1065 22 1147 1190 
7 78 245 382 78 369 570 19 475 505 129 521 700 15 1076 1099 51 1090 1161 24 1114 1153 
6 53 151 222 68 365 519 137 393 600 4 441 449 97 474 672 8 893 909 
7 25 12 49 95 100 241 29 439 480 126 472 688 64 542 726 122 956 1139 12 1101 1123 
4 154 59 280 82 305 435 92 472 640 83 837 1051 
8 60 70 158 74 113 262 2 150 153 13 270 291 54 392 495 111 439 623 101 494 667 3 1211 1216 
8 12 63 79 25 638 688 64 667 761 68 722 856 158 821 1054 46 956 1030 72 1058 1190 8 1197 1208 
8 42 23 102 32 120 174 21 293 326 53 319 410 140 596 780 94 631 794 72 825 977 5 1175 1182 
9 96 77 244 79 104 245 75 136 287 76 246 356 9 303 322 23 836 872 3 1089 1094 54 1117 1224 4 1209 1215 
7 105 39 178 83 179 307 30 821 881 89 833 1021 89 897 1093 78 1084 1211 50 1085 1156 
8 61 46 150 45 56 129 33 214 274 47 224 314 62 473 593 121 990 1206 54 997 1071 7 1027 1036 
9 16 118 152 147 280 519 133 356 588 16 453 483 10 542 559 4 786 794 44 791 858 36 848 913 10 1106 1122 
6 24 13 51 45 448 561 81 459 591 141 654 841 43 744 826 132 947 1151 
10 91 251 403 15 254 285 85 292 466 3 509 513 35 625 692 92 626 752 60 828 920 15 833 854 25 874 914 20 1129 1156 
7 54 62 177 67 163 280 12 267 290 47 546 625 17 599 627 113 781 1011 36 832 898 
