15 158
14 137 52 303 103 84 250 32 110 152 151 135 361 170 202 456 44 450 525 6 468 477 104 688 820 87 743 873 91 878 1038 10 935 956 24 1194 1232 22 1239 1285 6 1358 1368 
9 33 237 306 34 585 650 120 591 824 91 673 889 98 764 1003 18 926 960 16 938 978 96 1102 1220 7 1244 1258 
19 180 35 306 5 93 99 42 117 188 89 303 452 51 309 395 19 384 413 6 450 459 12 466 485 1 600 603 85 816 930 189 830 1097 92 1175 1296 102 1182 1345 138 1183 1358 15 1237 1264 59 1284 1366 18 1345 1371 4 1357 1363 2 1368 1371 
10 175 166 430 13 183 206 16 308 334 142 405 643 58 427 609 152 488 710 95 696 829 82 757 892 36 1095 1153 13 1189 1213 
12 94 163 325 123 546 759 81 591 715 127 614 887 8 640 658 37 812 873 149 834 1076 16 837 863 14 992 1014 116 996 1171 6 1039 1049 10 1345 1358 
10 6 277 287 14 369 388 197 398 670 87 412 557 108 493 699 118 602 848 16 745 776 212 840 1110 141 897 1077 141 923 1134 
10 129 168 351 10 214 232 99 238 378 69 404 511 64 531 655 98 748 947 25 837 884 73 930 1071 84 1082 1288 39 1259 1340 
12 26 136 182 20 500 558 56 568 686 11 599 616 117 700 946 132 721 927 180 732 943 16 800 828 48 824 893 89 837 1007 144 912 1145 46 980 1062 
9 85 8 161 146 206 475 152 377 596 151 518 766 169 590 835 135 934 1077 2 934 937 138 1116 1321 13 1251 1276 
10 39 93 166 26 101 158 106 449 644 154 490 732 150 813 1059 71 868 970 134 1024 1280 72 1162 1272 74 1238 1332 31 1267 1308 
9 162 132 376 12 237 253 173 276 540 95 335 489 54 338 533 23 586 619 4 842 848 177 917 1175 97 928 1067 
8 77 151 292 35 445 510 124 537 778 95 688 897 18 827 854 115 975 1180 128 1101 1320 3 1225 1229 
8 117 512 744 58 603 701 42 619 704 58 628 775 108 648 892 200 908 1166 25 1006 1068 96 1127 1250 
8 32 189 245 131 298 503 39 525 604 164 573 834 48 611 695 85 726 914 98 803 1018 49 1014 1112 
10 67 9 112 13 58 80 92 97 232 56 257 336 56 422 506 163 507 744 160 995 1262 80 1031 1180 149 1048 1316 38 1163 1221 
