15 161
11 66 42 121 169 227 411 115 429 557 162 440 615 117 576 710 93 626 727 10 644 655 99 733 840 47 768 820 80 781 873 115 845 963 
9 124 33 170 178 132 324 148 399 572 142 473 631 52 536 595 108 753 869 114 827 956 42 828 875 5 1071 1077 
6 170 127 318 173 195 396 88 276 376 169 456 639 167 710 900 54 1014 1076 
14 91 79 185 23 82 108 7 90 98 146 106 266 53 143 200 141 165 324 43 506 556 158 519 692 106 906 1023 119 941 1073 87 974 1069 7 1006 1014 28 1029 1060 28 1031 1061 
11 71 127 204 160 134 319 162 357 534 110 466 585 157 496 665 26 592 621 109 651 769 76 665 751 34 672 709 40 750 796 186 777 979 
9 67 62 135 173 251 438 144 520 683 131 548 694 53 661 717 189 745 954 161 808 986 111 903 1024 44 919 969 
12 84 15 110 33 39 77 140 62 221 119 108 237 102 180 293 14 303 318 7 340 348 114 436 560 24 518 543 122 570 714 87 658 755 8 1045 1054 
11 84 314 406 191 414 619 20 451 473 112 477 600 117 609 741 150 623 786 114 808 930 42 839 888 66 876 953 86 932 1030 37 1012 1053 
12 161 34 206 59 105 171 42 111 156 186 269 464 141 452 617 55 509 571 58 542 605 16 576 593 156 666 845 63 680 749 59 736 801 2 944 947 
9 108 351 473 166 401 583 151 523 689 180 563 764 61 640 706 184 786 988 100 800 913 33 827 863 4 1073 1078 
11 90 52 151 193 144 353 72 162 243 9 504 514 153 623 792 182 625 822 160 625 805 96 833 944 90 837 933 61 869 935 39 948 993 
8 168 126 318 35 286 323 162 354 532 101 419 530 186 612 821 196 640 853 144 715 873 22 1007 1030 
14 40 28 74 167 109 298 68 131 204 35 133 170 46 183 235 67 218 294 175 426 628 48 480 530 109 545 669 14 643 658 10 794 805 2 826 829 107 952 1066 5 993 999 
11 74 40 119 142 174 335 73 317 397 192 363 575 39 375 418 82 618 712 65 624 695 124 681 823 65 752 822 143 835 984 23 1014 1040 
13 114 10 137 131 29 177 63 71 138 33 247 284 146 343 508 149 459 618 122 597 730 15 612 628 9 706 716 66 830 904 25 926 953 93 967 1075 4 1045 1050 
