15 642
48 111 27 147 2 32 35 138 38 188 220 50 295 52 114 171 41 125 171 204 127 358 207 175 399 111 229 351 163 265 452 115 283 403 108 285 406 171 312 497 136 314 464 95 346 450 93 414 519 82 436 525 105 440 554 74 465 553 159 579 755 34 622 659 135 628 781 122 674 807 210 715 952 102 760 870 202 785 1015 149 831 996 47 843 895 22 845 870 121 897 1035 51 918 971 87 920 1016 239 921 1184 53 974 1033 237 1024 1284 123 1040 1172 62 1075 1143 33 1128 1165 128 1138 1286 40 1195 1239 24 1201 1227 66 1223 1295 26 1237 1265 49 1261 1315 43 1265 1313 36 1303 1343 11 1336 1348 17 1344 1363 
54 237 0 269 3 4 8 162 13 192 153 27 205 160 28 198 212 46 280 39 59 100 206 186 404 206 253 481 30 278 311 28 307 337 10 319 330 37 319 361 166 357 534 50 398 453 33 494 532 69 513 586 213 523 768 133 526 672 82 533 624 33 543 579 24 592 620 198 623 850 173 637 835 48 672 726 15 684 700 221 704 942 144 782 943 16 871 889 29 895 925 30 919 952 101 920 1032 172 929 1117 163 978 1157 48 979 1034 191 988 1212 20 993 1014 106 998 1112 15 1002 1018 139 1033 1188 16 1075 1093 136 1118 1271 28 1123 1153 51 1145 1201 45 1172 1224 2 1211 1214 64 1249 1320 11 1249 1261 63 1264 1334 15 1285 1301 50 1290 1348 4 1366 1371 4 1367 1372 2 1368 1371 
46 174 100 294 192 139 340 12 149 162 105 173 289 212 204 438 108 381 496 150 446 610 96 465 571 103 506 619 84 524 617 131 531 672 20 533 555 210 545 771 218 549 792 160 551 733 34 603 641 146 614 774 49 619 670 129 643 787 164 662 851 71 699 776 165 741 921 10 760 771 16 799 816 45 812 862 243 820 1093 53 872 930 235 892 1155 110 893 1014 245 912 1174 156 940 1113 189 985 1194 28 1000 1032 166 1026 1206 17 1031 1050 186 1087 1288 162 1121 1297 91 1128 1231 53 1147 1203 96 1184 1293 150 1197 1361 67 1244 1317 74 1256 1339 17 1293 1311 31 1318 1353 23 1339 1365 
38 47 1 54 113 59 183 181 65 267 69 77 158 128 99 242 148 152 317 147 168 332 227 169 420 34 174 211 151 193 357 232 198 463 15 209 225 150 215 375 205 256 486 95 278 387 79 288 374 197 314 528 5 331 337 125 332 469 87 382 475 213 387 613 183 387 591 135 423 567 147 440 608 162 483 672 136 626 772 155 742 929 148 752 916 161 792 969 107 867 982 107 883 1004 4 892 897 175 1004 1196 217 1010 1250 52 1045 1103 48 1106 1159 16 1292 1310 62 1296 1363 
53 80 27 115 87 31 127 180 32 229 252 36 305 99 55 166 49 57 110 128 71 208 46 92 142 33 113 149 239 167 421 211 188 426 97 189 296 9 270 280 193 292 504 47 298 349 30 342 375 182 344 548 81 355 444 60 366 434 173 390 584 62 405 470 32 491 527 228 498 748 105 557 675 180 626 817 102 654 769 23 669 694 36 672 712 15 689 706 30 696 731 85 701 794 28 758 788 62 837 906 156 860 1037 184 885 1092 110 885 1003 178 905 1100 98 997 1107 192 1003 1218 25 1044 1070 76 1072 1152 162 1080 1261 4 1097 1102 58 1111 1176 193 1127 1339 114 1207 1335 104 1212 1323 44 1218 1267 19 1253 1274 56 1254 1316 44 1286 1334 22 1337 1360 17 1350 1368 
37 234 8 256 28 46 76 189 75 278 192 83 294 8 95 104 224 254 506 50 307 363 120 308 441 187 349 554 23 406 431 235 462 724 229 490 740 141 523 677 193 656 865 160 699 878 40 710 755 19 772 792 58 782 848 135 783 931 60 803 872 46 818 870 235 821 1080 22 893 917 202 904 1130 229 969 1229 233 1015 1273 214 1020 1262 65 1032 1107 194 1035 1245 155 1071 1246 171 1134 1332 122 1138 1278 124 1180 1326 97 1230 1335 69 1247 1325 5 1327 1333 7 1363 1371 
40 31 34 69 187 37 242 157 44 223 88 94 191 129 101 247 193 137 351 101 212 327 153 217 390 153 233 410 49 276 329 109 303 425 237 397 665 213 464 700 180 466 673 200 467 688 237 506 777 168 549 742 147 566 724 5 589 595 168 601 792 134 617 772 50 657 713 180 769 965 5 775 781 54 934 994 47 964 1017 85 1016 1112 157 1021 1191 138 1056 1207 158 1121 1294 22 1126 1149 128 1133 1276 72 1141 1223 100 1148 1252 48 1262 1316 23 1327 1352 15 1328 1344 18 1331 1350 22 1340 1364 4 1364 1369 
37 29 43 76 240 54 327 176 57 255 223 80 320 44 109 156 69 226 303 94 287 390 181 290 493 175 329 520 39 336 378 100 471 579 148 476 641 225 489 741 138 533 681 217 535 783 189 539 757 38 578 619 221 616 856 66 648 721 55 653 713 61 657 724 106 678 798 153 684 860 20 808 830 202 809 1037 159 858 1034 17 869 888 123 909 1046 114 912 1048 34 920 959 107 993 1113 199 1029 1253 72 1086 1169 95 1109 1218 93 1188 1290 60 1271 1339 36 1330 1370 
32 85 23 116 68 68 145 192 110 331 102 138 255 200 170 393 119 207 338 178 223 425 230 239 501 66 261 330 182 274 465 236 354 611 180 422 628 125 467 606 136 494 642 120 585 721 182 594 794 143 613 770 164 650 836 248 675 948 138 709 866 201 782 1003 239 846 1111 200 862 1080 118 887 1020 142 896 1058 119 1039 1172 111 1059 1181 227 1066 1317 190 1069 1275 5 1133 1139 2 1195 1198 20 1198 1220 
39 30 73 105 89 106 205 12 114 127 220 131 380 147 142 303 158 229 400 10 271 282 149 307 476 16 316 333 2 318 321 53 338 398 92 367 466 180 386 587 142 405 564 151 433 606 45 446 497 117 450 578 57 478 539 152 536 704 14 564 579 239 660 921 10 734 745 219 737 984 202 747 972 222 748 989 159 777 963 222 781 1023 110 869 988 124 954 1096 210 964 1192 159 987 1163 235 1024 1280 62 1087 1157 153 1151 1335 187 1155 1362 57 1222 1285 103 1229 1345 74 1275 1353 3 1315 1319 
42 187 10 230 205 16 250 18 25 44 18 89 109 241 215 483 42 246 293 114 299 421 227 321 573 118 369 503 218 439 679 16 471 488 27 489 520 171 492 674 49 578 631 21 619 642 16 666 683 131 711 854 160 713 892 83 782 877 195 817 1039 209 831 1061 149 848 1010 154 868 1045 33 869 905 81 879 965 223 917 1168 91 930 1029 115 966 1095 169 974 1158 53 1006 1065 140 1043 1202 193 1084 1306 39 1098 1141 160 1101 1276 173 1104 1297 171 1129 1313 19 1182 1203 110 1194 1316 69 1246 1323 22 1256 1280 21 1306 1329 17 1344 1363 
48 114 64 193 36 74 113 195 107 324 75 126 205 171 190 384 191 200 414 240 236 487 118 245 376 60 258 325 210 275 499 92 377 481 79 388 475 59 455 519 152 483 650 37 492 533 232 513 773 146 521 686 58 523 585 190 556 766 119 646 777 154 656 832 83 674 765 13 707 721 173 733 925 113 738 860 50 754 807 22 759 783 77 763 848 9 770 780 252 831 1098 77 871 956 35 908 948 25 915 942 170 921 1106 13 954 968 201 994 1226 123 1043 1182 76 1048 1131 98 1060 1165 167 1134 1316 147 1145 1309 84 1147 1243 183 1162 1360 27 1230 1258 33 1232 1269 87 1241 1334 45 1244 1292 44 1283 1334 
39 60 51 119 224 97 345 2 149 152 81 166 253 240 166 419 130 284 427 222 316 561 161 353 529 245 372 632 151 384 551 24 395 421 219 403 648 7 409 417 164 434 625 127 543 688 103 547 659 103 569 691 169 576 757 98 673 783 224 752 1006 136 754 903 208 792 1019 68 824 898 58 827 890 202 859 1090 148 895 1056 108 934 1061 74 979 1063 211 1040 1262 205 1094 1341 67 1162 1240 149 1164 1323 86 1196 1290 90 1201 1300 135 1216 1366 59 1217 1282 63 1229 1301 41 1279 1322 45 1300 1351 
43 77 7 90 187 24 237 148 31 193 240 47 317 215 117 359 75 121 201 13 126 140 177 173 369 223 218 461 31 244 277 71 316 394 237 338 605 109 388 517 44 394 442 66 414 486 40 431 475 193 481 697 122 515 650 69 554 635 189 561 770 115 574 705 236 666 919 182 678 880 51 749 804 98 770 880 164 907 1084 11 909 921 149 910 1086 25 925 951 13 939 953 68 942 1017 165 1025 1201 230 1045 1297 25 1064 1091 131 1144 1290 109 1160 1283 158 1172 1343 125 1183 1317 48 1193 1247 86 1209 1301 75 1211 1299 17 1278 1297 18 1284 1303 
46 7 44 52 63 45 113 2 48 51 115 49 172 15 89 106 158 220 383 230 228 482 112 251 380 100 271 383 182 286 474 49 331 385 73 345 425 110 397 522 142 402 556 17 426 444 172 440 633 74 443 526 129 513 660 102 522 636 199 550 771 29 550 582 132 553 708 86 584 678 192 589 801 238 678 945 3 678 682 95 706 807 93 722 822 75 723 809 220 741 976 235 768 1025 209 884 1111 245 901 1172 13 928 942 43 973 1020 217 984 1236 29 1008 1041 119 1044 1183 186 1103 1302 4 1149 1154 139 1158 1316 69 1237 1314 5 1256 1262 73 1275 1356 26 1309 1336 11 1341 1353 
