15 414
28 35 11 50 120 114 242 152 124 298 127 218 358 48 227 281 181 279 470 70 332 409 26 357 386 43 410 458 56 469 532 56 497 561 173 512 699 46 517 566 104 607 725 147 609 774 86 668 762 122 669 804 78 706 790 171 770 968 152 777 951 163 820 999 118 858 984 202 895 1120 125 1080 1223 18 1113 1132 76 1124 1204 10 1145 1156 4 1218 1223 
32 148 58 211 52 197 255 84 207 299 198 222 441 67 249 322 36 275 314 67 293 370 43 340 389 62 485 553 191 573 794 211 584 813 143 617 769 8 661 670 60 679 747 31 706 740 16 748 765 182 777 986 80 801 891 84 832 926 116 870 1003 79 871 952 129 964 1105 145 991 1147 157 1045 1225 16 1060 1077 81 1084 1176 39 1106 1148 67 1137 1213 2 1157 1160 42 1169 1217 11 1212 1224 2 1216 1219 
27 85 7 101 146 105 273 104 224 339 185 240 438 198 247 459 162 295 478 159 318 493 166 327 512 24 336 362 181 488 689 81 589 677 140 608 765 57 752 815 130 784 929 4 859 864 214 869 1109 60 874 941 153 913 1077 214 922 1150 103 981 1090 206 993 1215 81 998 1090 6 1117 1124 13 1126 1140 12 1184 1197 16 1202 1220 7 1216 1224 
23 128 52 192 221 76 314 75 102 180 148 116 276 217 142 376 204 150 384 39 176 218 8 177 186 123 184 318 210 212 447 158 304 481 198 381 594 49 383 440 84 590 684 135 602 748 164 908 1095 101 956 1065 10 974 985 172 984 1175 161 984 1168 177 1000 1191 30 1071 1104 89 1102 1198 
23 78 21 106 179 90 300 86 177 270 205 179 405 130 205 347 55 282 340 166 301 490 66 313 386 117 317 450 36 346 384 199 394 621 189 400 607 96 610 718 188 677 884 168 809 994 167 834 1018 17 840 858 37 869 909 38 941 985 202 941 1165 157 1011 1190 16 1206 1223 4 1211 1216 
24 76 10 94 88 217 317 182 244 441 85 257 346 121 276 417 39 319 360 165 404 590 207 536 777 15 719 735 138 792 953 104 830 947 151 836 1009 20 858 879 195 875 1089 38 881 922 214 897 1135 148 912 1073 146 915 1075 173 955 1147 172 1035 1221 59 1070 1134 99 1106 1215 4 1189 1194 8 1191 1200 
30 157 29 204 117 74 205 125 97 239 149 108 274 78 135 223 113 214 342 62 271 342 2 352 355 100 404 516 46 411 462 199 458 674 165 472 646 166 483 660 69 489 570 7 527 535 130 540 683 98 613 722 68 668 742 34 763 800 92 769 871 196 770 985 74 785 866 49 841 896 4 986 991 144 1022 1192 54 1029 1086 75 1055 1137 30 1074 1106 35 1141 1181 4 1182 1187 
22 134 49 201 133 88 238 193 150 359 77 152 240 139 158 309 143 379 542 155 432 604 160 434 613 67 464 540 47 498 550 200 500 732 203 646 873 82 677 770 134 715 856 85 772 866 205 793 1024 88 822 920 122 924 1055 23 1032 1058 17 1070 1088 83 1080 1168 29 1132 1166 
29 148 12 176 208 110 346 57 143 204 131 191 335 159 246 417 33 287 322 6 325 332 168 354 530 83 408 500 150 410 578 68 452 529 95 475 578 19 620 641 71 655 734 161 718 892 73 750 832 123 762 904 52 850 906 77 868 955 129 873 1015 57 903 970 142 910 1070 38 954 995 88 977 1072 198 989 1209 86 1035 1129 72 1101 1177 37 1141 1182 30 1192 1225 
30 13 99 113 8 117 126 153 161 332 23 223 249 107 255 377 196 318 537 118 363 496 59 363 429 75 386 472 188 502 713 129 518 652 209 531 775 172 555 741 123 598 731 184 614 817 102 628 742 33 711 748 88 727 820 171 848 1041 54 883 942 146 908 1063 158 972 1146 19 978 998 23 988 1012 9 991 1001 38 998 1041 86 1063 1157 28 1106 1136 42 1140 1184 6 1216 1223 
24 46 45 94 92 152 261 178 209 406 45 338 387 73 365 444 82 379 468 157 422 592 61 424 495 99 507 627 74 590 668 168 596 782 131 596 751 66 634 707 102 649 766 182 673 873 81 700 791 190 746 968 206 795 1028 63 830 898 100 937 1049 89 961 1056 138 1076 1224 12 1138 1151 32 1189 1224 
34 33 112 147 65 139 210 193 140 355 108 146 268 93 185 289 118 192 322 176 195 394 18 202 222 80 272 360 38 303 345 241 409 651 115 427 560 116 486 618 174 499 687 64 523 596 82 564 657 77 565 649 121 582 706 163 664 844 5 755 761 152 786 959 171 915 1105 46 918 971 39 953 997 39 957 998 120 984 1111 59 1086 1149 40 1091 1136 3 1113 1117 34 1132 1170 52 1149 1206 22 1189 1212 15 1206 1222 3 1218 1222 
37 24 40 65 178 56 250 18 78 98 59 90 156 46 145 193 64 151 221 116 180 308 221 237 471 164 258 444 108 260 374 48 360 413 51 426 484 102 444 550 34 465 504 208 481 713 52 557 614 94 640 744 48 661 711 177 661 854 25 722 749 118 785 915 162 817 992 150 858 1027 27 878 909 28 926 957 207 930 1158 118 956 1089 70 1033 1109 92 1035 1134 95 1120 1223 76 1126 1209 25 1163 1190 43 1165 1212 32 1170 1204 24 1178 1203 35 1181 1218 8 1211 1220 
24 97 34 147 93 67 167 94 174 276 33 205 241 202 316 545 174 352 538 8 420 429 104 431 544 175 458 649 164 500 684 67 602 676 50 653 709 38 707 750 151 755 926 84 795 891 167 803 981 184 872 1073 40 890 934 117 907 1038 106 922 1044 131 947 1097 168 992 1180 119 1068 1200 4 1217 1222 
27 216 47 283 25 60 88 24 124 152 51 128 184 177 183 393 33 224 260 204 327 550 15 383 399 199 491 709 63 502 569 204 514 741 158 592 767 110 633 752 213 793 1029 193 801 1008 10 811 822 197 880 1102 191 932 1157 62 998 1066 74 1018 1099 38 1079 1120 115 1089 1209 22 1111 1135 24 1145 1173 48 1163 1215 12 1183 1196 20 1194 1216 
