15 256
18 36 65 110 225 115 384 16 137 158 176 149 367 148 206 410 170 362 577 91 373 494 107 394 539 33 398 448 159 443 649 81 473 597 64 564 657 100 564 714 4 620 625 117 801 943 18 1121 1145 90 1214 1319 9 1230 1242 
16 87 41 167 152 80 284 134 311 470 184 696 924 106 770 909 47 792 852 97 894 1001 49 931 997 156 964 1231 36 980 1030 47 1003 1071 66 1007 1094 91 1092 1214 107 1102 1253 111 1224 1367 15 1318 1336 
17 114 175 325 162 308 568 33 403 446 136 422 572 72 545 641 153 587 802 128 590 760 46 650 710 106 653 797 47 695 754 138 806 990 91 915 1065 185 972 1189 12 1233 1251 30 1252 1287 27 1282 1317 34 1294 1344 
15 30 62 105 186 141 405 76 194 291 94 467 582 49 552 620 137 557 732 102 568 714 91 579 706 129 790 968 187 882 1125 199 912 1163 99 1057 1188 153 1148 1338 30 1261 1297 18 1299 1326 
23 16 0 24 157 50 268 91 81 197 65 88 173 75 110 222 75 126 221 53 188 251 193 311 583 164 348 573 22 366 393 16 481 502 26 733 771 99 746 879 69 834 925 27 860 896 38 898 955 241 930 1200 52 956 1017 40 1002 1053 149 1056 1264 72 1081 1172 11 1325 1339 4 1365 1370 
17 113 35 186 18 58 84 141 68 240 189 170 423 171 215 429 93 293 456 7 471 481 160 513 727 24 518 548 2 528 531 148 564 768 105 725 875 52 816 888 7 1061 1071 170 1081 1320 29 1201 1241 8 1350 1361 
17 62 15 99 208 57 310 109 96 256 95 112 239 124 118 283 74 186 292 130 367 553 97 371 479 233 437 694 41 444 504 179 529 763 17 545 569 124 584 753 126 971 1120 39 1174 1228 40 1207 1261 22 1263 1295 
19 52 16 99 48 17 91 147 54 242 192 297 541 21 319 347 35 397 444 145 410 638 151 510 704 121 538 698 36 652 693 117 693 838 33 777 816 20 952 980 75 965 1062 141 983 1182 17 1023 1043 103 1045 1188 73 1161 1276 4 1347 1352 
17 142 0 182 137 48 261 49 80 152 76 390 481 148 475 670 165 716 954 9 725 737 73 757 871 69 837 929 139 882 1064 170 909 1140 65 962 1037 51 992 1052 184 1024 1258 7 1073 1081 23 1237 1266 24 1334 1366 
18 81 56 173 178 237 473 42 514 573 110 569 733 166 639 867 5 666 672 86 688 812 41 727 785 31 749 786 125 896 1065 59 934 1019 88 944 1052 121 977 1156 38 1004 1057 119 1036 1192 30 1119 1159 17 1175 1195 17 1337 1358 
16 47 47 115 101 117 238 156 154 372 136 381 556 124 561 718 143 586 778 25 609 641 173 635 849 161 648 855 151 684 911 103 712 855 10 1042 1056 37 1169 1216 41 1173 1227 73 1193 1308 84 1247 1361 
14 199 31 294 201 39 295 128 186 359 156 189 404 2 298 301 90 434 559 169 500 723 22 794 821 94 805 942 61 880 972 164 961 1200 116 1146 1292 35 1242 1289 5 1283 1289 
16 142 122 307 171 221 474 98 225 351 46 287 354 39 334 378 199 342 602 171 393 601 93 464 586 119 550 707 97 639 772 141 657 849 139 751 943 54 953 1030 39 1200 1248 33 1301 1346 11 1354 1368 
15 111 38 199 178 118 362 83 247 355 23 363 395 102 397 531 124 493 658 9 568 579 145 657 851 116 677 840 41 894 951 134 969 1139 70 1004 1105 95 1085 1216 8 1091 1101 138 1121 1328 
18 55 47 115 143 89 292 120 120 271 86 190 332 77 213 309 121 367 525 134 442 615 108 563 714 28 564 601 189 699 958 38 708 759 14 882 898 169 1072 1307 50 1083 1145 57 1236 1306 32 1304 1351 7 1322 1332 19 1325 1352 
