15 76
3 141 71 244 128 882 1072 117 889 1027 
5 17 68 90 84 108 217 121 117 284 133 348 529 87 525 631 
4 134 491 662 40 513 566 84 515 630 78 719 837 
3 72 172 276 130 402 577 128 581 754 
5 123 148 336 95 245 373 114 397 542 18 890 913 16 1041 1060 
6 29 41 77 79 223 336 37 812 858 98 812 923 132 822 1004 90 947 1069 
5 129 129 302 2 180 183 156 461 657 105 722 853 77 969 1067 
3 111 330 492 109 684 848 36 1018 1070 
11 10 165 178 112 215 364 125 250 395 126 328 479 25 349 381 78 444 533 19 749 772 51 891 953 22 1002 1029 36 1029 1070 3 1059 1063 
4 25 130 165 101 371 502 159 870 1077 71 925 1027 
4 146 20 212 120 159 354 92 306 434 14 581 599 
4 85 81 190 160 128 335 31 240 278 73 768 874 
5 121 144 302 110 246 390 33 354 398 7 562 571 88 886 1007 
5 11 634 650 164 667 881 91 748 861 19 780 807 148 834 1011 
9 6 262 269 25 384 413 163 413 613 89 416 533 7 431 439 24 446 477 98 451 587 16 959 977 10 1049 1063 
