15 167
10 137 60 242 125 131 295 131 359 521 28 378 414 19 607 633 91 623 767 102 694 821 53 904 972 98 945 1058 107 992 1153 
13 118 13 169 60 14 100 49 277 340 55 368 442 41 412 471 9 429 440 174 474 705 64 724 802 154 749 979 91 819 941 123 895 1062 5 1046 1052 29 1148 1181 
12 156 105 288 3 181 185 28 345 384 127 397 587 102 470 596 120 563 723 101 819 947 167 846 1057 63 910 1004 24 939 977 44 1099 1155 5 1213 1219 
12 172 200 426 17 221 243 151 287 479 103 302 447 18 395 419 22 562 591 98 722 842 130 822 980 86 886 1025 77 913 1007 9 929 941 5 1075 1082 
10 29 102 144 96 207 332 169 478 709 130 498 678 68 525 611 32 655 693 142 789 1013 50 876 944 39 1017 1066 42 1155 1217 
12 120 10 172 39 109 164 21 248 277 13 513 530 161 585 766 18 590 614 39 680 728 113 761 957 109 774 926 18 796 819 79 991 1098 80 1037 1137 
7 149 208 431 22 504 535 185 622 852 140 689 867 110 806 961 168 987 1207 161 1000 1206 
14 143 25 198 32 83 123 138 90 264 142 166 337 157 450 665 37 481 529 80 565 673 79 583 668 150 704 895 88 762 873 36 798 847 28 857 890 9 876 886 142 923 1103 
12 29 35 72 156 86 303 44 184 244 117 298 452 181 516 754 155 560 775 94 563 681 67 571 656 126 951 1123 13 1074 1090 12 1114 1128 10 1180 1191 
8 99 268 389 140 313 495 45 362 427 176 456 678 140 517 710 159 723 967 159 732 948 32 1072 1120 
10 145 187 386 93 190 309 25 486 521 81 490 614 33 500 547 167 612 851 89 714 819 44 730 786 76 1035 1131 51 1150 1219 
15 31 22 61 71 89 192 36 147 200 2 367 370 14 408 425 178 456 700 130 712 888 4 880 886 140 888 1071 92 965 1097 18 1093 1118 83 1095 1215 16 1153 1176 11 1202 1214 3 1214 1218 
8 120 74 234 115 172 323 60 177 271 150 286 481 158 848 1072 144 1022 1213 57 1123 1210 19 1176 1204 
13 76 13 122 18 82 106 44 230 281 13 270 287 59 470 560 18 480 501 103 514 642 89 525 634 98 629 752 170 917 1136 86 1001 1127 97 1069 1191 47 1129 1188 
11 91 37 131 52 107 179 33 174 217 85 521 653 145 528 710 169 586 816 80 586 695 145 1025 1212 64 1027 1102 53 1135 1205 18 1164 1186 
