15 111
13 60 267 355 14 482 499 12 515 535 122 606 786 51 656 773 70 671 771 25 728 762 24 754 795 4 861 870 99 887 1002 52 957 1043 24 1030 1082 7 1067 1077 
7 101 48 245 108 103 251 75 171 299 28 731 776 75 884 1001 23 986 1028 14 1055 1080 
9 18 324 362 8 464 477 14 477 503 123 480 660 73 564 695 102 681 829 65 749 843 32 985 1058 3 1045 1050 
6 48 534 614 80 594 704 81 624 762 78 664 801 82 666 834 38 797 853 
5 74 24 142 126 87 280 61 384 492 50 460 554 109 862 1058 
8 7 124 136 2 132 135 29 157 197 63 189 286 103 254 425 56 512 614 91 542 705 82 590 722 
7 71 271 382 139 378 593 16 543 564 74 631 801 24 701 744 43 783 858 3 1090 1094 
7 99 116 285 33 585 643 129 603 791 99 649 780 108 843 988 42 935 1006 61 972 1062 
11 10 15 32 52 263 367 131 293 467 9 390 405 29 462 502 133 641 823 57 759 849 162 882 1080 28 986 1034 5 1026 1034 15 1056 1077 
6 125 366 583 72 724 861 122 795 957 109 826 1020 16 864 887 10 961 984 
7 31 239 292 83 375 586 77 509 668 45 639 699 106 732 921 32 807 846 17 1016 1035 
5 87 35 178 122 208 416 113 369 563 66 660 762 32 799 867 
7 52 8 125 46 135 198 83 261 406 38 513 570 103 515 684 31 592 635 64 931 1040 
6 104 297 444 166 311 497 9 609 624 107 619 778 100 663 854 48 911 1009 
7 4 196 201 124 215 417 67 327 437 36 381 470 19 529 558 51 584 661 117 735 911 
