15 170
10 5 2 14 114 23 230 61 70 200 87 167 304 99 168 317 169 215 450 12 379 403 135 675 894 97 755 921 50 1120 1203 
11 76 20 142 78 193 297 13 209 237 53 242 348 145 620 865 12 780 801 100 798 930 143 928 1170 101 986 1139 51 1135 1219 46 1140 1226 
13 125 53 298 15 170 192 42 284 349 47 398 474 66 727 832 40 744 808 101 763 925 128 804 1045 65 830 964 37 1055 1114 66 1078 1180 31 1086 1131 5 1203 1211 
16 151 194 380 88 209 352 149 216 445 101 293 457 140 330 572 14 353 376 17 421 445 119 449 623 48 461 548 86 581 726 23 700 744 30 998 1037 8 1157 1167 7 1163 1174 4 1202 1207 2 1223 1226 
8 89 27 233 94 28 236 73 157 257 68 244 409 123 451 612 85 840 1019 7 961 976 5 1080 1088 
8 23 110 169 71 319 498 28 320 367 60 320 418 93 423 633 81 477 591 51 827 923 105 987 1197 
10 8 52 65 121 332 526 23 458 494 89 492 657 39 654 731 92 667 890 129 757 926 68 781 898 173 793 1025 69 1108 1216 
10 88 19 150 98 176 382 84 419 603 73 463 576 129 551 767 64 704 794 65 759 886 34 1137 1188 13 1146 1177 2 1220 1223 
12 116 11 196 9 28 42 10 88 104 8 111 123 41 214 305 106 368 573 22 372 418 108 452 627 102 696 855 120 726 921 54 766 882 8 1007 1023 
12 11 18 34 17 114 145 182 366 607 117 526 721 55 531 621 144 538 748 73 698 796 119 920 1139 26 1000 1035 74 1011 1127 99 1075 1221 55 1085 1156 
12 72 222 328 167 287 518 32 436 498 37 478 567 36 557 617 83 637 763 150 661 891 148 719 953 160 822 1009 63 974 1059 16 980 1004 37 1155 1213 
10 182 45 269 168 51 246 43 150 220 132 237 448 63 361 472 130 718 950 19 938 969 57 1003 1160 31 1060 1119 32 1139 1210 
7 96 333 578 95 395 586 68 521 635 87 749 923 47 840 926 107 1020 1223 66 1108 1199 
11 8 98 111 96 124 298 46 198 287 178 323 568 65 348 482 51 463 541 46 481 542 101 811 1038 181 987 1214 18 1041 1082 28 1135 1178 
20 123 98 288 170 166 401 6 286 295 13 311 329 6 326 340 43 336 409 2 336 339 69 403 507 6 520 531 33 731 783 125 754 975 177 885 1115 53 956 1035 110 982 1129 52 992 1071 6 1103 1112 6 1108 1117 31 1155 1189 3 1205 1211 5 1213 1221 
