15 442
32 24 6 33 5 10 16 187 18 223 74 39 121 26 57 84 154 91 265 107 100 220 44 151 200 135 186 334 134 186 332 105 191 311 150 241 409 77 321 409 140 367 517 175 406 603 198 433 638 66 439 512 28 486 518 85 488 579 201 511 725 57 570 632 104 642 759 13 650 664 12 773 786 195 864 1078 132 894 1033 2 923 926 73 929 1007 40 935 978 53 935 991 57 955 1016 47 957 1007 
25 23 2 27 195 21 232 31 172 207 35 237 275 102 244 355 62 269 338 185 311 510 149 332 502 157 341 505 142 353 514 140 435 586 116 450 581 192 487 706 81 497 589 131 498 636 173 505 701 193 510 722 75 654 735 188 849 1058 186 858 1055 42 899 945 93 940 1046 4 991 996 17 1043 1061 2 1089 1092 
28 76 3 85 91 53 151 78 59 144 142 71 233 27 84 112 50 105 161 134 186 328 26 191 220 132 314 460 18 407 426 130 413 559 183 421 636 184 431 643 150 442 610 47 452 506 147 457 616 52 495 553 168 501 678 35 505 542 18 539 558 55 543 605 36 572 611 148 656 823 160 694 882 22 697 720 15 746 763 81 758 846 98 842 951 
36 18 1 20 26 37 64 177 38 236 49 93 149 89 118 214 42 128 174 18 155 176 17 174 192 118 193 328 79 291 380 20 309 331 17 319 338 151 364 532 139 568 726 22 670 695 140 671 816 36 697 737 160 772 954 120 773 907 75 800 884 37 800 841 151 804 970 123 808 944 181 865 1071 24 868 893 150 885 1049 9 894 904 39 906 948 72 906 984 59 931 995 88 960 1057 40 989 1032 59 1002 1065 65 1003 1075 48 1029 1082 35 1047 1085 
31 82 1 92 134 7 153 149 83 243 180 92 301 17 129 147 185 188 391 43 229 278 95 237 338 172 238 437 29 256 287 109 264 383 25 272 300 42 367 415 47 375 429 62 411 481 56 413 473 159 430 614 174 444 636 148 455 620 79 508 593 59 549 610 6 629 636 27 638 667 82 639 729 174 667 858 138 776 924 21 977 1000 29 1050 1082 2 1071 1074 2 1088 1091 2 1088 1091 
30 76 19 105 30 53 87 49 97 147 37 98 139 116 99 229 197 101 312 187 131 342 86 137 233 56 221 281 85 290 382 168 307 486 45 307 357 53 333 392 200 353 564 169 406 599 99 428 544 3 439 443 42 439 484 167 537 724 22 587 610 144 682 838 102 715 827 155 724 891 109 871 991 46 919 969 95 956 1064 98 979 1088 26 1066 1094 4 1076 1081 4 1089 1094 
27 41 6 51 45 12 64 134 17 163 171 161 351 27 219 250 56 219 283 66 251 324 122 409 547 32 446 480 133 454 601 55 515 574 148 547 709 60 598 663 104 613 726 82 623 713 37 633 673 167 649 839 51 697 752 165 702 896 55 746 808 156 758 935 133 782 928 93 921 1025 120 938 1072 55 955 1018 28 960 992 7 1085 1093 
27 45 2 52 172 92 290 107 101 216 113 200 327 129 253 396 48 340 394 116 360 481 74 381 464 188 400 597 18 407 426 160 422 606 38 437 478 90 461 560 118 466 595 117 495 627 158 563 745 25 585 612 197 663 880 107 668 790 17 802 820 30 823 856 173 832 1027 25 845 873 24 913 941 128 931 1074 25 1026 1054 31 1050 1082 
30 76 1 84 92 14 113 113 24 147 68 58 136 170 67 252 153 70 233 13 110 124 16 115 132 155 148 324 28 205 236 154 217 388 159 241 424 90 370 466 25 436 463 150 473 637 176 474 661 125 481 615 141 549 709 150 567 725 93 581 686 120 588 720 77 589 675 75 596 678 198 622 825 124 757 891 29 759 792 130 845 984 4 869 874 17 965 983 71 974 1051 
31 144 6 161 22 24 47 2 30 33 94 100 205 70 134 212 137 203 351 110 214 337 43 326 375 169 368 553 50 382 437 51 387 444 28 396 427 41 403 447 51 432 490 24 457 484 140 457 612 56 533 598 159 611 785 186 643 842 4 689 694 165 698 874 97 705 817 29 716 749 119 722 851 74 764 848 102 854 967 163 859 1043 161 908 1091 48 959 1011 7 960 968 6 1005 1012 
27 79 18 107 88 88 184 150 153 321 116 159 285 174 177 368 182 186 384 178 210 409 123 255 390 41 359 402 52 433 491 156 458 628 98 463 575 71 524 601 129 527 674 64 593 664 54 619 680 130 650 791 60 678 744 98 713 820 14 741 757 29 747 778 140 795 955 80 798 889 131 851 999 49 980 1035 49 1016 1074 23 1044 1070 
29 22 16 40 178 43 242 179 145 342 23 198 223 29 236 267 106 246 360 146 326 496 132 360 508 102 363 475 46 382 432 181 466 672 189 506 716 36 549 588 156 577 751 12 636 649 12 650 663 11 667 679 123 669 808 122 698 834 96 709 814 85 722 819 76 751 834 20 831 854 11 883 896 34 892 929 158 911 1082 95 936 1039 105 941 1054 13 983 997 
25 136 79 232 151 80 253 176 108 303 53 115 173 16 224 241 127 236 376 2 272 275 192 326 541 59 339 404 118 358 489 64 379 452 104 438 554 105 443 560 184 560 767 57 573 637 158 607 784 40 690 735 89 774 874 139 842 991 130 852 991 61 855 924 117 934 1069 20 943 965 44 945 994 8 1074 1083 
35 2 7 10 57 13 77 125 49 193 149 107 262 89 136 234 42 142 191 41 237 282 115 263 389 36 326 366 160 353 528 162 396 579 31 408 442 81 416 507 44 485 531 172 510 704 69 519 594 46 547 596 161 577 741 76 592 675 50 629 686 3 659 663 8 722 731 134 760 914 54 794 853 185 808 1008 156 809 974 131 834 978 147 878 1048 26 892 921 39 991 1035 17 1001 1019 12 1009 1022 8 1034 1043 31 1038 1072 12 1071 1084 
29 167 29 228 137 37 190 21 68 91 55 243 303 149 277 441 42 322 370 141 388 559 10 433 444 42 562 608 6 588 595 182 592 792 184 641 842 138 684 835 77 698 777 33 764 802 62 768 835 163 789 974 111 813 942 123 823 963 152 871 1040 100 895 1009 26 927 955 75 940 1026 58 956 1018 30 956 988 29 972 1003 85 973 1069 34 1018 1055 43 1041 1087 
