15 696
46 21 3 26 62 56 124 126 120 262 99 136 245 220 176 418 215 190 419 162 248 433 162 253 437 169 319 514 107 379 500 195 454 672 83 476 572 80 531 618 51 539 597 204 550 771 45 561 609 152 630 799 32 644 678 50 717 772 187 857 1062 93 865 967 38 871 913 191 918 1128 110 933 1052 186 964 1175 115 969 1090 151 974 1141 175 978 1171 205 986 1213 113 1003 1129 129 1021 1161 32 1042 1076 93 1045 1147 32 1055 1092 118 1075 1203 138 1076 1225 42 1078 1125 127 1081 1220 17 1089 1108 54 1089 1151 14 1107 1122 23 1107 1131 65 1126 1197 36 1136 1176 11 1175 1187 23 1196 1220 
57 102 14 130 139 27 186 195 66 279 42 139 185 44 214 263 112 218 347 49 220 273 38 268 310 69 277 353 44 294 344 47 305 358 76 342 423 221 359 604 155 387 554 41 392 439 115 396 525 84 437 530 82 454 546 135 493 641 123 502 637 127 507 650 170 509 696 207 517 753 30 550 582 93 572 676 148 585 752 71 590 668 169 609 797 59 628 694 197 657 874 8 657 666 12 662 675 214 663 892 101 667 772 57 677 741 43 690 738 170 752 939 9 770 780 83 785 875 37 841 881 43 874 920 106 882 999 50 1028 1085 128 1034 1168 100 1065 1179 52 1071 1129 53 1077 1134 14 1082 1097 91 1105 1204 74 1115 1196 25 1156 1182 19 1171 1191 10 1201 1212 13 1208 1222 13 1208 1222 7 1211 1219 9 1216 1226 
41 168 35 225 153 74 244 116 150 280 180 246 443 167 247 424 203 269 500 167 305 481 218 309 549 27 334 363 176 336 522 210 336 573 57 340 402 114 364 492 125 377 518 70 431 506 4 443 448 165 447 631 112 482 602 176 496 694 26 556 583 93 606 714 123 679 815 114 689 817 24 714 742 144 732 898 203 794 1018 212 830 1068 200 889 1110 18 898 917 114 900 1033 49 938 993 203 951 1174 91 955 1053 139 1010 1165 104 1023 1135 32 1027 1063 23 1078 1103 33 1139 1175 53 1152 1209 17 1156 1174 7 1200 1208 
42 150 23 200 168 35 222 152 56 228 165 67 259 161 75 258 145 102 256 161 255 435 193 267 483 110 304 420 198 306 530 102 340 451 205 392 618 115 415 542 39 421 464 28 451 481 80 487 574 59 504 569 161 521 708 74 527 609 100 528 638 31 548 583 89 573 670 217 596 833 94 596 699 134 603 750 189 610 811 136 634 782 116 657 785 71 671 749 33 695 730 119 706 841 92 736 838 62 842 913 25 880 908 103 993 1105 119 1033 1166 115 1069 1194 16 1084 1102 67 1113 1189 87 1118 1217 46 1171 1220 3 1217 1221 
50 4 5 10 195 16 234 7 31 39 196 32 247 6 71 78 148 77 248 196 106 321 199 181 396 35 191 230 178 194 391 56 196 256 184 211 412 217 221 462 89 239 337 41 248 291 31 318 351 3 381 385 65 390 462 34 421 459 57 453 517 137 456 604 111 478 599 21 483 506 160 531 718 218 534 777 129 557 698 99 558 664 168 563 749 115 605 730 143 629 792 109 680 803 150 766 933 89 798 898 47 809 862 15 868 885 31 872 905 202 891 1115 52 924 982 64 939 1009 23 944 969 158 991 1165 11 1018 1030 156 1025 1194 49 1047 1099 57 1119 1181 42 1124 1172 60 1135 1202 44 1156 1204 5 1158 1164 3 1211 1215 
46 94 3 104 88 53 145 57 53 115 136 79 231 85 81 173 46 101 151 40 109 155 116 138 265 53 233 289 101 233 343 150 252 419 143 274 432 172 299 494 69 305 380 163 321 502 166 326 508 211 372 604 167 389 562 188 392 596 70 416 492 23 417 442 119 470 600 173 470 667 189 509 723 216 549 792 177 561 764 49 690 744 129 704 848 200 707 916 38 739 781 192 745 963 95 758 863 51 789 844 108 805 926 50 817 871 81 820 911 172 1000 1189 102 1011 1118 147 1020 1191 118 1050 1181 29 1064 1094 126 1071 1210 24 1093 1119 16 1161 1178 15 1169 1186 15 1206 1222 
47 113 16 139 85 108 203 33 143 180 201 209 426 111 216 341 214 273 515 73 294 370 94 295 398 12 306 319 163 338 513 215 373 606 167 380 572 154 413 581 16 446 464 79 460 546 153 484 656 26 546 573 94 616 723 86 642 733 125 643 780 77 643 730 155 644 819 108 653 772 9 691 701 131 697 840 162 710 892 81 718 806 147 785 952 194 825 1042 85 828 922 138 832 977 80 882 971 188 918 1126 155 942 1110 178 975 1182 59 984 1052 44 1007 1057 126 1029 1162 32 1040 1076 89 1088 1186 15 1106 1122 22 1118 1142 76 1121 1203 36 1125 1165 62 1144 1211 31 1183 1218 6 1212 1219 
47 17 164 182 157 172 344 3 185 189 13 199 213 14 203 218 200 223 440 220 242 482 107 265 380 175 265 471 72 284 364 26 326 354 140 355 505 80 448 537 108 460 581 206 463 700 119 485 617 132 538 678 78 558 650 75 559 639 57 562 625 97 609 719 23 630 656 154 671 840 60 679 744 33 709 744 116 722 848 7 833 841 222 888 1122 199 891 1112 166 901 1082 173 906 1107 217 915 1160 210 929 1164 10 939 950 31 945 980 48 956 1008 121 964 1103 181 998 1200 22 1019 1043 98 1061 1168 104 1070 1186 64 1091 1161 86 1122 1214 81 1123 1210 80 1128 1216 8 1184 1193 20 1204 1226 
46 21 14 37 83 45 138 50 73 129 154 118 284 129 121 267 193 124 329 225 185 427 26 186 214 197 219 441 48 224 277 4 248 253 145 251 414 177 256 454 149 272 439 145 272 441 45 305 352 212 348 579 129 358 499 173 359 546 80 409 494 141 418 577 63 419 489 155 459 627 138 473 629 134 494 640 212 597 822 9 600 610 200 622 844 162 641 826 57 698 759 211 710 944 11 725 737 187 756 956 213 796 1026 159 832 1008 120 846 979 36 864 903 10 934 945 152 975 1142 53 1100 1161 13 1108 1122 24 1178 1204 29 1184 1216 18 1189 1208 15 1201 1217 6 1218 1225 
47 176 17 208 177 29 230 139 32 184 146 35 199 187 72 277 14 76 91 6 88 95 22 97 120 188 109 310 119 133 261 55 169 229 47 184 235 27 191 220 98 201 305 69 212 290 4 217 222 7 274 282 145 303 466 130 337 484 182 345 540 210 397 624 122 418 551 21 484 508 12 488 501 43 491 536 197 516 746 125 573 711 123 661 792 114 682 807 145 703 869 84 718 813 165 740 931 89 760 860 125 789 925 139 797 950 129 836 976 133 893 1040 47 911 962 193 940 1154 107 981 1097 14 982 997 180 991 1193 153 998 1169 62 1035 1102 29 1111 1141 29 1144 1176 21 1200 1223 
43 47 2 54 205 13 234 100 38 146 29 49 81 176 113 318 159 118 300 134 131 277 51 151 206 56 153 214 88 179 273 96 211 314 214 224 458 40 230 275 63 376 445 180 420 621 98 487 595 201 495 709 72 503 588 56 539 603 97 593 706 17 620 638 105 622 734 208 653 887 195 659 868 209 717 949 128 733 871 73 743 823 43 791 838 55 829 888 137 843 990 186 893 1101 207 933 1161 220 933 1173 14 945 961 173 960 1157 71 975 1052 29 1013 1046 168 1017 1199 82 1050 1141 65 1082 1155 54 1086 1144 105 1097 1218 62 1115 1182 
47 203 21 245 133 54 197 125 68 204 104 131 249 118 192 321 119 347 480 104 352 466 196 392 604 121 436 569 95 444 551 122 474 615 191 525 741 205 539 762 132 544 691 168 557 735 39 563 608 108 588 714 58 623 683 188 670 867 204 691 923 105 767 885 9 774 784 149 805 971 185 862 1060 50 870 924 143 896 1053 210 901 1135 206 911 1132 135 927 1074 76 967 1051 170 991 1189 47 1018 1069 53 1035 1094 70 1065 1142 94 1075 1178 36 1078 1117 10 1105 1116 54 1113 1172 81 1114 1200 52 1117 1173 40 1152 1196 17 1166 1185 2 1186 1189 7 1186 1194 18 1190 1210 18 1196 1215 3 1219 1223 
37 50 25 80 149 47 218 61 67 136 187 96 314 130 123 264 64 154 228 166 170 349 205 177 418 123 186 315 12 214 227 175 266 456 208 330 549 179 333 528 3 382 386 135 388 538 212 407 632 108 424 550 2 428 431 109 454 578 209 492 733 167 519 708 14 575 591 150 608 770 208 623 860 123 681 812 91 774 880 152 801 966 159 837 1014 192 866 1076 200 895 1117 49 995 1051 100 998 1106 121 1033 1165 53 1060 1120 56 1081 1143 24 1095 1120 85 1112 1207 
52 137 19 172 141 41 200 147 45 200 114 60 189 15 63 79 221 79 317 75 114 202 203 157 391 118 172 302 18 228 247 142 250 402 128 251 390 21 253 276 102 300 417 87 356 451 99 369 477 106 408 524 23 449 474 9 512 522 72 532 612 119 552 684 58 559 624 143 566 733 29 567 597 150 572 734 6 574 581 123 579 715 162 582 766 214 607 845 97 623 728 102 675 783 149 760 930 215 799 1035 125 828 963 93 832 935 51 875 931 100 882 989 59 889 955 87 934 1030 113 956 1082 139 1026 1177 43 1052 1099 108 1061 1181 47 1073 1123 54 1114 1173 18 1114 1133 34 1148 1187 20 1174 1196 23 1183 1208 27 1189 1218 13 1195 1209 24 1199 1224 
48 18 22 41 78 55 142 96 70 167 210 107 326 8 119 128 194 149 373 148 178 344 180 180 374 48 184 236 94 206 306 79 247 334 194 249 460 176 282 476 85 294 392 51 377 433 45 387 437 123 415 546 41 444 488 72 472 554 206 475 697 115 489 620 161 521 693 200 523 742 141 550 713 131 550 696 96 555 664 166 560 750 188 561 769 118 590 719 24 620 646 40 628 673 124 655 788 88 693 785 202 728 955 148 748 909 67 789 861 208 847 1072 37 872 912 33 910 947 190 958 1172 135 974 1123 40 983 1024 8 1031 1040 111 1047 1170 119 1091 1224 22 1159 1182 5 1211 1217 5 1218 1224 
