15 184
13 104 1 116 132 79 220 100 226 339 11 322 334 67 368 442 172 479 665 162 529 707 54 632 691 37 647 689 73 743 825 63 839 911 9 920 930 9 935 945 
14 55 1 63 19 119 139 5 259 265 13 314 329 26 374 403 163 414 596 5 426 432 154 538 708 61 562 628 150 586 752 118 655 784 152 789 949 27 920 950 5 954 960 
14 10 55 66 72 102 180 103 167 282 173 168 359 27 234 264 113 253 372 149 266 431 59 277 342 31 415 449 42 503 549 160 716 893 36 838 877 61 860 930 5 924 930 
11 66 293 365 160 345 527 78 352 438 44 489 536 92 525 626 157 555 725 125 590 724 81 690 778 87 720 820 119 741 874 11 818 830 
16 76 30 113 11 116 128 36 186 227 122 250 384 99 341 448 9 370 380 47 439 491 56 545 607 94 551 652 17 575 594 98 603 714 99 630 738 98 632 737 45 677 729 76 682 764 4 955 960 
14 123 40 169 66 87 161 53 135 194 31 325 359 114 477 605 164 481 668 155 580 753 118 676 807 15 714 730 93 721 822 78 846 930 15 903 919 7 919 927 13 941 956 
10 119 67 198 140 112 269 2 161 164 129 434 583 30 592 624 147 616 776 133 649 793 128 691 822 168 773 955 14 942 957 
9 130 35 174 142 77 230 162 267 446 162 299 477 52 319 378 65 444 518 90 470 572 96 823 932 28 927 957 
12 77 24 106 107 56 174 76 140 223 28 147 176 112 157 279 148 220 385 44 296 346 146 328 490 139 357 511 19 609 630 30 693 724 39 887 929 
10 124 31 173 79 130 218 57 224 286 20 444 466 71 500 582 169 510 696 130 724 869 91 735 833 57 769 834 95 852 951 
11 18 56 76 53 131 190 115 135 270 144 137 301 66 163 233 78 262 345 80 301 395 45 425 475 170 707 890 106 730 845 17 870 888 
11 110 112 233 4 185 190 104 226 340 12 480 493 91 493 593 127 501 646 106 512 631 82 609 703 106 732 845 127 764 908 3 906 910 
16 36 42 82 107 62 180 43 80 127 80 98 186 46 172 223 26 190 219 128 229 368 100 258 366 52 271 326 151 442 612 4 509 514 151 644 804 87 721 813 96 790 895 79 841 931 2 911 914 
13 27 7 36 76 33 119 171 135 323 71 185 263 167 189 372 24 198 226 10 296 307 55 455 514 124 465 595 119 548 684 129 792 930 59 875 939 3 946 950 
10 17 178 197 138 292 444 82 426 515 178 452 636 89 527 633 147 579 744 138 588 741 122 772 909 14 774 789 23 937 963 
