15 51
3 31 107 164 136 695 870 68 801 917 
2 69 281 409 89 759 909 
2 75 43 153 60 665 788 
4 57 153 241 23 404 437 92 417 543 23 912 959 
3 51 10 102 101 37 183 5 834 842 
3 142 41 229 59 379 458 37 677 754 
4 51 593 671 59 662 739 39 728 794 45 759 821 
4 6 54 63 61 444 531 72 701 826 23 808 853 
4 12 301 323 122 463 634 42 475 552 31 482 549 
5 6 455 464 62 497 598 33 609 665 119 770 942 12 914 934 
3 58 547 667 34 873 936 10 940 963 
3 68 203 309 78 298 409 37 863 939 
5 14 223 245 15 353 382 11 374 392 128 492 676 15 910 929 
3 125 251 436 32 721 774 15 936 962 
3 90 52 196 42 523 588 65 798 894 
