15 85
6 71 94 177 35 191 242 45 300 358 133 559 727 41 890 947 13 944 961 
5 79 32 134 80 127 223 56 333 396 104 679 811 59 852 935 
7 65 22 100 48 156 214 11 331 345 46 571 626 76 673 779 164 730 920 2 952 955 
7 102 58 173 3 149 153 20 501 525 32 556 602 103 626 754 78 852 962 7 872 882 
6 41 90 144 65 140 224 36 394 445 100 476 599 48 727 805 4 958 963 
6 87 152 258 53 384 461 23 516 544 148 668 848 41 717 772 32 894 940 
6 81 71 170 46 460 516 67 526 604 137 547 738 107 623 767 44 724 777 
3 44 143 201 102 378 521 109 601 749 
8 11 66 79 23 215 243 33 381 426 81 457 564 2 481 484 43 669 730 56 727 820 10 895 909 
12 25 23 55 23 44 73 14 50 71 3 123 127 7 341 350 13 347 362 11 465 482 27 472 505 33 532 574 26 687 729 117 786 934 2 960 963 
3 152 84 269 116 626 777 114 669 809 
5 74 295 392 93 354 468 153 542 727 42 590 649 49 771 830 
5 73 371 463 59 398 474 84 495 601 136 601 765 13 883 900 
2 116 377 564 71 474 583 
4 112 42 233 27 252 291 13 813 829 2 947 950 
