15 178
10 34 305 346 142 416 579 119 456 643 73 505 613 130 580 753 34 592 638 119 612 754 36 779 824 116 872 1023 81 936 1044 
16 3 32 36 116 34 201 68 65 163 103 153 300 38 157 206 71 401 501 34 408 453 4 440 445 4 631 636 9 656 667 49 693 757 83 803 911 127 911 1073 127 930 1090 28 1053 1087 2 1088 1091 
14 8 197 207 146 251 463 127 304 467 145 352 523 153 407 598 43 541 603 52 551 623 151 789 969 38 902 949 143 921 1082 20 978 1003 25 998 1032 39 1020 1068 6 1086 1093 
12 122 75 252 130 203 378 146 403 617 53 524 590 43 581 635 61 666 755 106 698 855 56 797 868 34 802 841 33 814 855 23 871 901 41 1012 1064 
11 105 116 237 79 261 373 182 338 557 90 363 482 141 440 649 92 483 616 44 647 709 43 744 800 51 835 897 7 920 929 16 1035 1056 
16 46 34 88 21 121 147 23 133 167 112 213 354 126 315 478 45 402 462 38 447 494 110 469 630 82 497 609 167 550 754 32 580 620 127 736 892 15 797 818 84 837 937 7 1025 1033 15 1073 1093 
14 47 2 56 33 3 55 40 196 257 91 425 545 14 497 517 67 522 610 6 552 560 72 607 708 145 685 886 84 707 822 151 709 917 10 849 861 14 889 909 39 1005 1057 
12 85 162 276 57 179 251 23 211 240 88 234 355 34 247 294 42 408 461 104 455 618 132 554 737 139 566 741 14 702 721 44 803 875 19 983 1007 
11 63 30 110 132 71 244 84 110 224 79 252 336 5 371 377 96 403 542 50 503 570 136 623 802 115 761 940 39 1046 1095 19 1065 1089 
10 159 11 217 145 210 392 26 270 303 98 463 618 47 602 658 101 674 813 84 681 779 131 762 923 120 796 956 31 1036 1075 
10 141 140 319 100 167 290 135 329 505 35 528 577 42 633 693 54 675 743 101 801 932 134 863 1055 121 924 1083 31 967 1013 
11 99 19 164 130 284 444 24 316 348 134 574 755 85 640 741 162 743 956 81 748 854 70 762 850 111 820 958 39 999 1047 15 1068 1089 
12 66 59 158 110 59 212 11 330 345 40 405 455 148 477 661 141 581 765 110 779 931 25 790 819 98 869 1001 36 997 1050 47 1029 1085 24 1051 1080 
10 33 100 146 44 168 223 21 246 270 75 291 382 26 336 374 131 421 595 92 429 545 151 438 646 115 613 785 85 723 850 
9 49 1 67 143 54 243 147 85 278 43 245 300 139 482 692 122 510 679 89 563 684 38 630 676 62 914 983 
