15 268
17 158 2 217 4 9 14 19 199 220 117 206 360 158 213 444 55 333 402 108 362 509 158 639 856 167 683 888 48 706 770 49 716 787 182 730 956 165 745 958 27 754 790 117 1002 1153 36 1005 1053 16 1208 1226 
17 143 30 185 13 151 167 151 183 394 108 294 433 52 295 368 14 304 319 124 335 522 126 353 526 126 508 698 88 543 676 137 648 828 90 686 811 99 737 856 173 803 1042 43 967 1018 4 1169 1174 4 1215 1220 
22 91 61 200 112 77 225 7 227 236 138 252 424 13 259 274 36 298 344 97 357 488 15 358 375 110 453 594 173 493 692 45 536 598 99 552 689 126 595 770 155 613 779 55 620 691 29 666 701 146 694 869 182 975 1208 65 1000 1076 101 1061 1203 65 1082 1166 3 1219 1223 
11 164 67 294 161 93 307 113 132 277 124 168 360 88 275 388 94 384 521 166 489 714 36 522 578 78 728 840 184 770 1014 93 946 1062 
17 164 83 325 186 139 366 58 376 445 174 440 677 31 499 540 32 513 554 188 543 786 78 685 789 21 735 763 141 763 961 77 778 875 8 790 800 65 813 893 163 827 1048 119 947 1109 59 988 1053 19 1111 1136 
18 68 89 175 25 148 182 69 217 309 144 342 558 24 411 442 149 435 619 185 519 761 67 549 641 30 579 615 92 626 753 62 788 866 84 889 997 87 929 1060 79 994 1097 108 1017 1198 32 1065 1105 6 1105 1112 27 1149 1180 
18 48 175 243 15 239 257 199 245 483 114 269 440 32 276 318 82 314 417 99 480 623 149 644 843 154 702 917 32 705 747 70 764 852 28 864 899 122 890 1070 79 926 1028 90 1060 1166 114 1067 1217 4 1124 1129 41 1152 1207 
21 175 14 231 68 34 125 10 110 123 46 240 294 79 248 351 10 256 269 165 350 590 26 398 433 144 576 792 17 594 614 73 604 710 86 731 860 124 736 888 192 843 1088 67 942 1021 51 1019 1092 108 1058 1207 37 1110 1158 33 1113 1154 29 1155 1201 20 1197 1223 
23 31 31 72 58 59 144 129 168 319 120 209 373 121 501 662 53 610 679 99 634 764 172 681 903 110 709 834 141 729 901 26 810 845 13 881 898 101 909 1053 75 911 1008 28 914 949 90 952 1075 117 973 1109 56 1012 1098 84 1041 1155 42 1142 1193 33 1172 1215 23 1197 1225 2 1222 1225 
19 107 4 165 40 79 135 133 124 295 31 247 287 105 313 460 153 415 609 73 419 519 101 592 722 93 637 763 14 649 668 98 688 798 94 740 851 108 809 957 173 829 1056 100 1051 1191 59 1085 1171 11 1103 1116 7 1166 1176 18 1184 1208 
11 129 92 256 148 294 533 118 454 618 164 476 690 128 520 703 177 624 847 168 810 1015 201 917 1155 134 1015 1217 89 1078 1195 7 1215 1224 
20 156 6 199 140 161 350 42 212 263 24 257 290 122 302 471 190 393 636 137 419 611 66 424 518 136 487 646 68 526 614 127 580 757 65 600 686 128 640 797 5 697 703 12 699 712 41 789 841 47 940 1001 98 1065 1191 51 1091 1160 12 1180 1194 
18 64 77 164 139 146 351 14 176 196 175 212 439 183 247 465 82 392 495 136 440 597 66 472 559 86 472 581 140 615 800 102 644 776 47 648 707 80 664 753 46 712 766 74 861 957 159 900 1092 53 1059 1127 92 1093 1224 
16 23 39 71 109 66 222 86 295 411 139 307 490 62 346 429 61 400 491 29 479 517 189 524 764 95 542 654 182 712 915 121 773 935 65 889 983 170 915 1151 41 1063 1116 54 1068 1147 93 1097 1220 
20 23 51 81 34 92 138 115 116 300 90 131 260 187 251 495 25 376 411 181 495 702 128 712 888 95 727 864 12 847 863 30 871 909 45 887 947 39 889 943 140 912 1081 76 947 1042 39 975 1022 82 1027 1134 103 1037 1201 53 1052 1120 26 1058 1092 
