15 176
13 211 167 450 169 195 453 10 260 273 95 326 506 89 416 577 55 574 682 55 708 792 10 828 844 82 1018 1189 147 1124 1331 13 1166 1188 60 1185 1281 50 1263 1338 
13 117 310 489 121 315 499 87 378 529 117 499 742 174 609 835 31 664 704 32 731 783 16 786 809 27 1061 1106 114 1187 1384 33 1245 1291 39 1312 1380 22 1368 1404 
9 102 119 339 131 177 419 30 227 269 66 287 394 107 388 620 106 1023 1213 116 1032 1237 44 1104 1165 72 1111 1213 
11 70 23 138 151 215 423 108 404 669 2 436 439 131 443 673 32 776 837 55 900 996 43 954 1022 52 975 1060 74 1007 1152 7 1355 1374 
17 58 29 120 160 52 283 74 265 379 2 269 272 38 280 365 143 330 528 11 388 402 58 401 499 35 553 624 37 719 797 26 804 845 147 891 1106 83 1204 1345 24 1249 1299 53 1298 1374 35 1298 1353 2 1410 1413 
10 24 12 60 46 43 125 74 214 326 56 229 338 72 316 479 134 689 905 101 982 1149 122 1071 1276 74 1087 1247 10 1322 1340 
11 113 220 404 46 263 343 77 425 619 6 498 508 77 528 724 161 603 863 26 684 723 42 835 926 179 1081 1359 141 1197 1369 4 1378 1383 
11 14 5 34 121 74 229 109 260 445 25 313 362 145 321 531 187 448 729 3 511 515 102 530 708 193 618 877 84 656 840 48 1122 1197 
10 81 28 177 115 143 426 36 250 310 90 277 457 60 440 539 160 551 786 145 671 953 8 1139 1154 42 1333 1408 16 1373 1407 
9 124 415 631 83 418 570 48 444 513 75 565 737 84 781 958 61 793 890 171 924 1206 53 1134 1210 21 1377 1410 
11 188 84 351 74 174 288 74 281 394 13 346 364 97 424 593 155 748 1027 164 1101 1362 22 1115 1153 49 1135 1208 105 1146 1313 12 1380 1408 
10 115 284 484 62 297 416 39 434 492 156 506 743 31 548 591 68 825 932 146 941 1188 7 1016 1029 64 1016 1159 151 1051 1314 
14 132 62 241 36 198 257 139 211 457 147 212 469 87 432 573 74 765 889 69 869 987 17 874 907 257 910 1193 164 912 1188 26 1211 1262 2 1292 1296 4 1353 1358 15 1392 1413 
10 122 82 293 77 88 239 100 126 293 79 185 302 119 223 415 41 233 324 45 285 351 59 765 873 57 1016 1134 98 1073 1225 
17 73 114 230 81 190 322 99 233 376 35 265 330 64 275 373 40 454 509 52 704 790 159 718 966 39 779 862 2 1073 1076 34 1140 1205 3 1212 1216 57 1284 1396 33 1296 1370 61 1331 1415 15 1369 1394 21 1382 1414 
