15 169
10 199 55 273 92 95 194 81 213 306 86 283 384 103 354 470 8 381 390 117 546 677 151 815 991 97 860 970 53 1015 1075 
13 9 43 53 131 299 448 48 305 358 192 439 653 42 441 487 102 550 661 132 677 819 43 696 744 56 748 809 41 864 909 179 897 1098 25 1073 1100 3 1085 1089 
13 122 152 286 59 259 325 185 306 517 31 447 480 52 454 512 98 470 581 119 513 643 41 677 722 171 725 899 137 745 898 48 821 872 126 857 995 43 1023 1070 
13 104 71 187 23 186 212 102 304 414 78 325 408 93 442 547 194 486 700 87 561 661 39 574 616 26 595 623 124 624 761 117 681 809 78 819 903 6 1101 1108 
10 163 44 225 88 114 218 83 526 617 24 596 622 39 618 662 192 698 914 188 798 1014 93 875 977 96 950 1056 2 1098 1101 
9 148 341 507 182 461 677 185 730 934 199 758 980 23 825 849 29 934 966 56 1027 1089 7 1029 1037 2 1041 1044 
8 47 25 76 126 194 342 187 199 403 128 218 355 98 258 361 147 610 780 156 709 891 3 1103 1107 
10 23 180 204 184 211 428 177 399 598 75 487 574 138 490 645 157 677 854 9 680 690 38 849 890 59 863 930 5 966 972 
10 159 45 218 47 455 511 65 457 527 143 459 617 145 522 684 202 561 783 143 703 862 95 706 817 46 863 911 45 1000 1048 
14 83 39 130 23 149 174 119 220 351 137 275 429 172 463 660 16 515 532 18 550 569 128 587 727 5 870 876 104 943 1061 67 969 1048 46 1027 1075 32 1076 1112 10 1099 1110 
16 56 215 275 24 225 252 34 293 330 145 357 516 45 366 414 151 382 550 108 400 518 24 422 449 193 422 634 133 439 577 38 623 664 58 629 695 84 807 899 166 866 1045 6 1101 1108 8 1103 1112 
10 159 57 231 6 111 118 118 183 312 69 292 366 192 632 847 20 686 708 99 701 811 66 776 844 66 789 860 162 802 996 
7 100 71 186 143 168 328 158 215 398 74 221 305 122 263 398 165 290 469 138 518 670 
11 43 60 105 39 82 124 38 93 134 182 350 558 130 493 633 130 611 760 119 672 800 127 914 1051 133 934 1077 112 965 1089 123 975 1110 
15 107 80 194 118 83 209 85 159 254 111 252 379 36 289 330 45 328 378 56 417 479 104 436 553 72 488 568 25 598 626 23 715 739 150 742 902 108 875 997 10 1064 1075 4 1094 1099 
