15 73
5 73 22 112 109 36 200 27 546 587 113 666 797 94 974 1111 
5 76 223 319 139 345 518 135 533 718 62 553 630 74 919 1024 
6 79 79 193 57 613 685 111 694 866 40 884 931 16 1059 1083 3 1108 1112 
4 65 174 271 166 302 521 136 546 728 76 587 683 
7 109 91 237 87 339 438 166 446 644 16 676 696 17 735 756 40 810 864 83 930 1043 
6 150 39 230 89 179 302 135 312 503 15 464 486 14 1051 1068 3 1109 1113 
5 42 315 371 114 422 572 74 731 832 127 762 929 4 1034 1039 
3 122 103 257 157 198 414 108 453 591 
3 107 295 437 110 370 544 114 889 1042 
3 143 414 618 30 655 694 170 894 1108 
4 131 91 244 101 101 257 50 317 376 92 322 453 
4 175 18 229 127 118 300 28 178 218 96 884 1007 
4 14 208 229 113 435 585 105 503 626 105 657 812 
10 72 64 150 64 125 205 6 224 233 96 285 425 27 336 373 156 601 816 7 779 787 43 955 1012 26 976 1006 9 1101 1112 
4 72 374 461 110 759 933 73 797 893 47 1035 1090 
