15 110
8 95 88 289 65 423 552 10 611 626 95 724 895 40 894 957 84 921 1048 24 1105 1142 6 1249 1260 
8 21 176 210 92 210 348 106 359 565 17 473 499 56 693 764 46 787 861 133 791 956 55 898 999 
9 24 66 107 2 132 135 88 791 1042 14 873 903 158 1003 1208 7 1064 1077 15 1098 1116 74 1153 1256 30 1166 1222 
7 17 269 294 15 548 572 104 716 927 124 898 1065 85 969 1132 48 1037 1124 16 1222 1259 
6 44 2 87 76 185 329 147 220 428 61 672 766 103 685 851 123 796 958 
8 138 8 249 158 39 281 37 58 107 140 168 389 119 592 776 45 1178 1244 6 1196 1205 5 1255 1261 
9 30 12 60 116 215 452 11 356 377 43 392 477 47 488 559 67 756 872 52 1020 1090 5 1181 1188 15 1203 1226 
8 61 211 326 49 360 434 93 394 527 21 592 624 106 657 830 68 775 917 28 822 869 3 957 963 
6 125 248 473 8 261 277 102 903 1101 108 1052 1244 40 1129 1199 9 1156 1171 
6 93 196 338 24 724 780 102 744 969 79 753 885 97 1079 1262 8 1141 1157 
9 82 123 318 59 379 478 7 478 486 114 773 915 135 807 1004 117 1031 1190 108 1070 1217 8 1183 1199 5 1257 1263 
5 109 142 374 54 260 338 86 307 442 107 800 985 25 1066 1111 
7 162 59 294 160 419 656 18 754 780 155 824 1055 28 857 895 53 993 1099 10 1204 1222 
8 59 7 87 102 293 434 8 405 420 92 464 581 39 845 923 130 1047 1263 56 1097 1210 19 1125 1157 
6 21 360 404 138 436 683 117 740 902 93 991 1156 110 1057 1238 71 1127 1226 
