15 50
4 123 35 238 13 135 154 51 386 462 77 845 939 
4 17 456 487 130 775 990 6 874 885 67 982 1093 
5 21 164 206 72 348 468 61 523 616 3 755 759 66 784 866 
4 24 166 225 4 385 391 132 859 1080 13 1051 1069 
4 55 308 401 48 546 635 77 853 981 8 954 964 
2 86 47 206 65 860 970 
4 42 13 71 71 902 1009 93 939 1079 13 1031 1054 
2 131 557 768 60 847 935 
5 17 4 36 19 31 59 27 390 454 33 400 460 30 562 619 
5 10 444 459 11 627 646 143 749 963 8 788 802 52 841 912 
2 108 843 1022 95 867 1003 
3 88 393 538 83 801 922 86 882 1040 
1 100 617 831 
3 104 407 575 58 450 559 17 1083 1113 
2 55 145 253 94 438 587 
