15 176
9 98 65 207 3 109 113 100 273 400 154 281 494 153 453 666 178 487 714 109 618 748 176 868 1079 113 1109 1250 
12 143 89 293 17 168 191 90 228 359 169 321 539 107 394 521 69 608 697 20 726 756 100 728 852 106 753 925 63 780 860 44 1018 1075 69 1056 1150 
9 155 104 298 158 148 346 169 437 689 86 536 648 91 591 719 20 627 654 113 736 896 59 743 822 81 1076 1174 
15 99 25 175 108 45 181 13 50 70 29 112 153 160 216 423 152 269 438 176 442 676 145 479 694 40 537 587 74 818 907 70 1028 1109 21 1037 1064 3 1178 1182 11 1223 1236 8 1251 1260 
11 74 3 102 166 12 248 31 70 110 149 86 282 29 204 246 44 221 271 36 399 456 44 463 521 73 549 643 168 550 780 207 576 814 
10 84 0 133 132 124 285 138 476 674 72 535 619 202 574 806 177 633 851 49 739 801 124 791 977 179 983 1203 5 1248 1254 
9 143 61 257 191 255 491 102 283 408 108 356 520 117 435 598 78 614 736 13 1078 1093 87 1089 1210 33 1107 1150 
12 70 130 230 70 181 273 131 288 448 28 316 352 95 752 894 203 758 988 30 782 816 29 897 935 141 916 1109 182 988 1233 44 1061 1117 67 1122 1213 
17 125 72 228 80 88 180 98 129 256 132 393 568 31 521 561 40 615 671 84 647 771 103 762 892 55 784 846 23 806 835 89 955 1064 129 1044 1220 29 1070 1112 18 1144 1169 36 1209 1257 31 1212 1257 16 1225 1245 
12 98 86 236 55 96 163 149 216 410 59 221 298 21 224 251 73 618 728 80 679 791 77 745 843 38 806 856 103 923 1064 60 950 1024 83 1113 1223 
12 125 69 229 201 159 410 75 265 374 63 347 435 51 559 630 36 637 687 168 996 1243 147 1039 1234 57 1069 1149 23 1076 1104 128 1097 1260 84 1155 1260 
11 166 5 217 12 214 227 143 255 435 87 288 428 145 332 522 131 578 742 109 764 905 97 921 1047 108 945 1109 22 1066 1098 39 1185 1241 
16 160 33 243 106 110 255 6 223 230 151 439 620 49 520 577 94 572 682 39 679 737 125 719 884 100 817 954 170 1006 1226 118 1050 1191 40 1111 1166 25 1160 1193 37 1182 1235 19 1216 1239 9 1241 1252 
9 117 7 182 28 230 270 65 425 522 109 476 609 82 681 811 21 860 889 161 916 1161 77 1100 1202 59 1112 1194 
12 169 5 229 34 36 78 161 131 309 66 227 316 18 292 315 90 663 795 147 672 875 126 852 1022 126 1020 1187 90 1132 1245 71 1134 1223 2 1251 1254 
