15 425
30 114 90 216 67 99 177 150 110 274 64 133 206 98 203 307 43 257 304 211 376 611 6 393 400 225 399 647 142 503 657 61 510 575 202 537 756 55 546 606 99 585 691 120 604 737 92 620 719 205 672 907 141 812 961 109 848 973 40 887 933 61 913 980 201 956 1187 73 1003 1085 29 1017 1050 57 1077 1138 124 1088 1222 84 1117 1213 109 1142 1261 8 1205 1214 19 1242 1263 
28 186 92 286 216 153 398 179 157 347 85 179 275 14 236 252 162 243 430 33 311 348 87 319 417 82 339 430 81 340 428 110 390 510 102 457 570 150 536 707 42 565 611 43 663 710 109 708 826 220 770 1017 126 858 1006 67 863 939 66 877 950 189 910 1130 163 953 1146 61 954 1021 108 1093 1206 94 1098 1201 31 1129 1163 17 1240 1258 4 1244 1249 
31 199 20 245 128 21 166 93 35 143 139 76 235 49 78 132 107 144 262 147 265 429 42 548 592 63 614 683 87 632 730 56 635 696 103 653 765 118 657 786 73 675 757 4 697 702 134 715 860 130 737 881 205 746 974 54 802 862 225 837 1083 105 847 968 48 854 906 18 876 895 112 896 1025 67 925 1001 51 960 1015 167 993 1172 88 1026 1120 71 1176 1256 24 1224 1251 7 1252 1260 
27 123 44 178 35 52 92 165 107 284 211 144 391 25 282 310 170 332 520 188 351 554 132 388 530 199 388 613 67 425 501 176 491 677 154 573 740 176 609 809 159 650 820 19 676 697 33 680 717 223 701 950 200 753 983 13 879 893 138 933 1090 159 942 1113 34 967 1005 32 972 1009 70 1018 1095 34 1024 1062 21 1075 1098 30 1146 1179 
26 147 20 183 65 37 105 30 150 185 81 209 298 188 252 454 70 367 446 134 373 518 176 378 577 203 493 719 107 592 709 164 604 787 142 604 753 172 685 868 153 707 875 132 734 881 55 806 866 123 841 982 207 873 1102 187 935 1142 87 952 1053 53 962 1019 66 976 1049 6 995 1002 117 1118 1244 70 1132 1209 87 1146 1239 
29 4 47 52 205 111 344 173 123 306 80 123 211 199 233 460 116 283 414 10 346 357 24 426 451 95 451 560 82 489 581 111 538 658 151 553 723 73 559 646 97 652 761 71 668 743 116 705 829 189 715 933 60 750 814 170 844 1035 19 846 867 148 861 1017 5 863 869 92 914 1014 80 923 1013 203 1028 1253 135 1105 1256 31 1110 1144 41 1113 1159 44 1161 1211 
20 70 3 80 200 43 272 82 75 170 170 79 268 146 129 294 155 145 318 118 152 282 24 179 205 86 198 293 184 231 424 141 417 580 204 432 666 108 435 564 170 441 626 189 459 674 222 491 730 141 717 871 56 832 892 55 1012 1071 96 1152 1259 
30 29 66 96 112 103 226 31 149 186 98 154 265 196 202 420 113 256 378 57 269 332 205 333 554 187 426 641 61 426 491 116 433 561 167 441 625 92 536 638 211 541 775 89 700 797 60 743 807 32 743 778 40 767 809 193 775 987 21 813 837 222 827 1067 11 862 874 38 888 931 74 926 1009 8 982 991 157 984 1168 91 1065 1167 84 1171 1261 78 1175 1263 7 1257 1265 
31 6 14 21 188 22 227 20 105 127 20 125 146 107 143 257 36 175 215 174 176 365 18 215 234 29 225 257 87 276 367 77 347 432 17 353 371 133 449 591 54 526 585 157 534 718 188 569 773 9 650 660 99 817 927 154 830 998 195 842 1056 99 849 955 189 905 1116 171 909 1100 28 982 1013 180 986 1181 114 990 1115 181 1047 1246 104 1054 1171 101 1057 1166 111 1115 1246 3 1261 1265 
24 126 90 227 145 217 389 190 338 565 36 338 377 23 339 364 131 495 639 112 498 622 159 532 706 11 645 657 198 695 920 59 723 792 185 725 927 102 756 868 84 780 875 42 783 831 159 799 982 62 823 893 162 833 1014 9 934 944 204 935 1158 155 942 1111 185 962 1163 27 1200 1230 29 1230 1263 
27 34 43 80 136 98 250 165 101 291 122 188 331 52 202 257 51 221 276 140 271 420 230 298 549 176 303 498 4 383 388 161 418 597 30 438 470 87 490 590 30 500 532 196 540 771 134 543 695 137 597 750 53 849 908 86 850 944 205 862 1079 12 926 939 120 953 1085 173 1050 1242 74 1138 1224 45 1159 1206 5 1185 1191 14 1238 1253 
35 11 30 42 14 48 63 158 91 264 111 100 225 95 116 224 210 166 389 49 204 258 38 236 278 42 332 376 8 361 370 151 367 528 121 381 510 80 419 511 91 429 529 96 438 546 49 440 491 98 442 551 201 478 697 39 488 532 123 518 655 61 613 680 2 700 703 97 763 870 181 768 975 103 838 952 21 868 891 158 901 1069 27 988 1019 61 989 1059 202 1023 1246 52 1033 1090 189 1048 1258 14 1147 1163 8 1254 1263 2 1261 1264 
31 63 23 90 117 41 167 33 52 88 46 54 107 64 92 162 105 115 227 100 179 286 95 262 370 143 350 507 105 391 505 100 406 524 219 423 655 198 437 659 133 522 668 62 524 595 8 689 698 62 703 770 38 762 806 138 768 916 181 773 976 144 790 945 13 795 809 199 914 1133 105 940 1059 163 959 1137 209 992 1216 104 1000 1116 15 1120 1137 105 1140 1256 61 1156 1222 10 1250 1261 
31 224 11 256 131 45 188 80 63 151 194 83 302 160 112 291 23 147 173 10 181 192 114 220 346 79 316 403 199 395 620 166 411 588 23 424 449 97 428 537 129 470 611 79 501 588 14 508 523 41 575 622 66 577 653 187 621 832 28 672 701 156 714 888 165 901 1086 205 924 1144 153 1017 1182 129 1051 1188 2 1082 1085 79 1134 1222 75 1147 1228 77 1150 1233 41 1180 1223 29 1185 1216 
25 127 29 170 93 68 168 160 91 270 150 168 339 141 175 330 135 195 352 63 300 369 132 343 498 148 359 520 131 383 530 18 409 429 179 412 611 62 597 665 206 598 823 108 603 720 200 637 849 8 649 658 125 677 814 56 684 747 85 706 805 109 743 865 166 970 1151 59 1038 1102 179 1051 1241 58 1130 1196 
