15 624
38 214 7 238 193 43 258 232 81 346 245 96 375 238 100 360 97 109 218 116 239 376 221 273 529 78 321 405 50 400 453 7 410 418 159 447 618 240 452 728 110 462 582 106 512 629 226 524 774 220 535 783 94 536 632 15 563 579 28 608 639 147 616 777 52 648 705 90 655 759 67 679 750 239 687 965 158 730 904 181 750 954 116 754 881 111 759 875 214 777 1011 8 843 852 52 946 1004 102 1060 1171 40 1160 1203 112 1161 1292 183 1169 1366 21 1225 1247 6 1310 1317 
43 51 2 60 16 7 24 188 13 219 240 14 286 180 17 217 143 113 266 142 175 335 126 178 317 167 196 387 22 239 263 112 352 477 62 403 476 21 411 434 130 476 619 232 523 777 245 568 846 108 643 764 171 697 876 26 721 748 94 744 847 181 773 975 231 786 1038 179 897 1098 96 909 1012 89 975 1072 2 1027 1030 103 1039 1157 148 1050 1212 242 1108 1380 216 1141 1391 159 1177 1355 200 1181 1400 17 1219 1237 145 1221 1385 22 1251 1275 92 1267 1370 99 1283 1390 60 1286 1351 51 1329 1383 31 1355 1389 33 1360 1398 10 1400 1411 2 1408 1411 
46 163 17 192 105 50 166 33 59 95 74 62 144 19 102 123 177 132 336 183 183 375 79 254 338 104 256 375 105 299 412 215 328 569 92 332 433 83 341 430 132 413 556 50 448 505 56 459 520 238 490 755 228 565 823 114 602 730 116 614 745 171 619 814 242 652 924 29 668 699 125 674 814 61 773 841 187 840 1050 11 852 864 99 905 1015 88 910 1005 214 917 1158 39 966 1008 15 1015 1032 113 1034 1161 100 1106 1217 236 1124 1379 56 1138 1202 52 1141 1197 177 1154 1354 147 1156 1316 137 1198 1347 7 1215 1223 67 1243 1318 58 1319 1386 25 1363 1389 25 1383 1410 10 1388 1399 
34 225 81 337 13 136 150 155 182 351 248 275 552 76 280 364 203 300 519 121 350 480 260 358 639 229 362 629 227 364 610 234 377 644 58 436 498 244 560 821 175 609 802 268 623 906 209 634 870 222 645 889 216 662 898 135 716 863 113 795 916 17 850 868 194 996 1208 153 1085 1259 166 1129 1316 50 1156 1210 196 1166 1386 146 1201 1362 136 1202 1349 143 1247 1412 88 1261 1361 96 1308 1414 15 1315 1332 2 1403 1406 3 1408 1412 
39 220 2 243 68 13 87 110 64 184 240 100 352 118 111 245 263 129 411 114 164 300 176 166 367 147 197 357 217 313 550 101 318 430 65 364 433 206 422 658 199 456 684 108 569 698 35 603 641 106 672 788 168 701 883 5 743 749 154 830 1009 149 897 1054 156 908 1083 66 960 1037 62 1008 1078 221 1082 1334 195 1090 1301 101 1138 1254 181 1163 1370 208 1179 1403 168 1203 1396 110 1230 1348 63 1235 1308 51 1247 1301 105 1248 1362 128 1253 1396 12 1262 1275 22 1300 1324 46 1354 1406 2 1380 1383 
47 88 30 129 5 82 88 228 85 337 98 100 208 5 140 146 106 212 324 64 219 288 114 237 359 81 248 342 119 256 393 133 271 422 30 318 351 251 318 593 17 327 346 101 390 506 184 409 610 19 442 464 76 492 575 113 492 622 42 526 572 106 544 658 205 568 798 152 572 738 147 612 776 22 623 647 143 644 803 124 707 848 132 723 866 4 802 807 237 805 1084 34 843 881 229 853 1100 74 910 996 118 939 1071 175 942 1132 206 997 1224 81 1013 1102 181 1014 1209 6 1022 1029 54 1055 1115 130 1089 1237 179 1093 1284 75 1280 1367 70 1288 1365 20 1321 1343 58 1338 1402 5 1407 1413 
49 230 8 263 37 54 98 148 58 221 142 58 214 226 68 320 74 93 173 109 128 251 120 136 270 205 185 409 135 191 341 205 245 461 181 259 451 46 278 328 180 314 509 242 321 589 69 325 398 237 337 587 138 343 494 109 408 526 25 411 438 50 429 482 13 450 464 127 458 596 44 480 527 112 488 615 116 534 666 33 566 603 242 697 958 104 743 859 188 762 967 101 824 935 213 829 1070 124 839 974 178 899 1097 202 900 1121 123 942 1072 56 1090 1153 54 1104 1164 79 1118 1207 53 1150 1208 63 1184 1254 21 1208 1231 175 1211 1401 143 1257 1415 28 1287 1318 32 1296 1332 24 1357 1383 13 1397 1411 6 1399 1406 
42 240 17 289 134 49 205 71 56 134 140 62 216 8 78 87 3 83 87 253 130 412 85 138 235 164 150 340 4 161 166 217 203 435 179 302 501 207 328 565 236 340 607 249 380 651 58 396 456 141 411 571 209 415 644 78 418 502 152 433 602 236 506 759 52 581 640 23 585 610 14 594 610 146 672 839 164 680 871 64 706 775 220 748 981 74 832 914 58 848 911 130 955 1103 71 959 1034 87 970 1070 18 1111 1131 117 1134 1265 68 1262 1338 118 1285 1415 51 1302 1359 26 1309 1338 44 1325 1374 47 1325 1376 3 1389 1393 
39 237 4 266 136 11 159 168 42 220 217 52 302 98 79 188 189 121 330 81 183 271 55 195 259 238 221 489 34 255 294 17 284 302 62 304 371 166 330 522 165 334 519 42 387 434 107 479 599 2 518 521 262 531 808 184 541 746 70 546 619 65 662 732 239 682 940 119 691 825 159 754 934 17 784 802 232 845 1113 148 873 1046 113 887 1011 233 909 1168 50 971 1029 29 975 1007 161 1059 1239 216 1146 1385 169 1218 1403 38 1257 1300 6 1259 1266 75 1298 1388 57 1302 1367 3 1412 1416 
42 5 45 51 63 55 126 141 90 249 133 133 283 95 202 307 3 223 227 241 227 497 93 244 354 127 245 386 97 247 354 72 261 342 251 300 583 26 339 366 35 352 390 43 396 441 181 470 663 257 556 837 170 574 764 121 575 708 225 606 852 59 677 742 222 687 932 59 689 755 258 698 975 25 756 784 23 783 807 148 901 1063 252 981 1251 180 1044 1249 88 1054 1151 106 1057 1172 11 1095 1107 229 1152 1407 209 1160 1403 154 1174 1346 117 1185 1315 97 1213 1331 19 1249 1270 78 1318 1409 14 1368 1383 21 1380 1404 10 1398 1409 
48 20 13 34 11 30 42 2 107 110 105 139 253 14 191 206 203 286 515 124 359 494 246 359 620 218 450 699 113 528 653 71 531 607 172 551 741 137 555 708 32 560 595 250 569 848 101 577 688 74 605 689 64 645 715 206 665 887 228 679 937 122 690 829 162 694 877 51 696 752 25 742 769 15 742 759 97 752 860 108 760 882 68 765 841 21 805 827 23 818 843 119 835 967 84 843 935 49 881 934 32 968 1005 82 1010 1099 89 1035 1136 232 1056 1305 258 1113 1394 127 1123 1266 78 1154 1244 190 1157 1363 134 1209 1362 120 1243 1373 76 1243 1329 74 1258 1337 27 1345 1375 47 1355 1407 3 1402 1406 
43 35 5 42 252 139 411 11 144 156 97 161 266 234 165 417 18 215 234 38 302 345 145 337 493 98 394 499 125 474 609 237 514 772 163 516 700 54 553 612 7 559 567 85 569 663 230 582 835 170 624 818 255 646 923 167 701 886 206 742 974 140 758 924 147 759 924 157 803 979 231 810 1070 28 833 864 192 886 1105 216 918 1164 87 970 1068 69 977 1053 149 990 1156 61 999 1065 125 1031 1169 197 1090 1308 7 1193 1201 92 1203 1304 52 1235 1294 88 1259 1354 55 1309 1372 54 1315 1372 51 1321 1375 19 1347 1367 29 1361 1393 10 1405 1416 
35 169 126 314 222 146 382 132 153 298 231 176 440 49 249 303 29 322 354 16 421 438 61 459 527 88 531 631 218 551 790 121 552 692 102 573 689 243 608 869 60 614 678 49 624 678 235 628 895 231 631 887 238 644 924 196 665 879 129 717 854 77 804 886 255 805 1081 128 841 983 202 976 1195 246 990 1268 37 1003 1044 14 1057 1072 241 1063 1338 194 1063 1284 166 1076 1265 118 1164 1295 2 1178 1181 75 1234 1318 58 1296 1359 74 1330 1410 
34 225 44 298 64 124 192 173 246 443 212 250 490 268 255 537 80 262 349 81 266 358 92 320 423 225 340 596 174 343 537 224 377 634 126 455 601 35 482 519 228 525 788 221 680 922 248 686 968 68 768 843 113 785 911 199 840 1060 91 970 1071 182 972 1172 67 986 1061 20 999 1021 234 1019 1286 237 1057 1327 156 1128 1305 64 1155 1226 57 1189 1251 20 1242 1265 140 1250 1406 13 1299 1313 7 1314 1322 33 1341 1377 38 1371 1410 
45 224 1 258 261 55 331 146 75 232 20 103 125 38 201 244 29 223 255 185 286 491 156 297 471 180 303 505 12 326 339 174 359 548 64 368 437 176 381 578 131 439 586 11 456 469 57 459 521 186 565 765 246 640 915 37 644 686 257 651 922 40 676 720 231 705 966 64 733 804 90 752 854 21 778 801 229 811 1049 124 826 962 110 870 993 201 901 1120 95 911 1020 126 921 1070 213 941 1180 91 1009 1120 21 1027 1049 229 1032 1285 19 1034 1055 18 1086 1106 96 1088 1194 151 1223 1385 105 1239 1353 63 1279 1350 91 1282 1381 13 1304 1318 22 1383 1408 12 1384 1397 
