15 255
19 69 96 191 65 112 205 147 114 319 128 120 305 88 120 247 56 179 252 189 276 521 64 291 374 181 321 570 46 485 544 60 531 601 6 771 779 119 943 1125 23 1163 1189 92 1180 1323 22 1250 1278 3 1259 1263 26 1355 1387 11 1374 1388 
20 7 97 105 50 213 280 105 424 558 118 446 591 42 470 523 124 475 649 3 556 560 152 636 841 17 732 754 189 742 996 86 839 933 31 960 999 12 980 994 105 1058 1234 53 1109 1174 81 1136 1242 172 1178 1406 120 1193 1365 78 1226 1328 19 1296 1324 
16 89 64 172 18 235 260 147 300 538 75 398 502 101 454 576 178 475 722 7 507 516 128 523 676 169 557 765 71 741 846 203 780 1028 121 781 931 125 798 958 14 895 913 171 1048 1294 161 1137 1348 
16 188 322 545 46 338 395 204 368 624 57 483 554 74 517 613 175 648 889 149 662 853 74 738 841 124 784 942 168 832 1043 160 838 1046 49 922 996 45 962 1022 220 1004 1287 87 1077 1189 2 1408 1411 
22 5 85 91 79 144 259 132 216 394 16 302 321 9 339 350 133 593 750 168 642 898 66 676 767 241 716 995 45 744 803 60 826 908 66 879 972 12 883 897 133 884 1067 229 1010 1283 68 1049 1136 7 1147 1156 128 1230 1415 30 1243 1279 90 1280 1394 8 1285 1294 5 1385 1391 
18 138 41 222 183 86 299 131 112 270 173 119 341 128 136 326 49 141 207 70 168 263 26 196 236 94 345 461 152 356 564 147 574 774 41 722 776 72 735 832 38 819 862 43 1110 1170 103 1251 1402 74 1281 1378 12 1391 1406 
15 109 339 470 167 420 650 182 463 719 52 520 593 16 540 558 172 675 881 156 743 943 129 789 936 200 799 1060 152 802 1016 186 913 1149 18 915 938 130 1173 1362 56 1208 1282 48 1331 1392 
15 102 1 141 97 95 230 174 180 422 32 187 226 188 272 554 221 460 736 13 476 492 183 555 807 39 610 658 120 819 971 20 1021 1050 66 1057 1129 121 1069 1233 94 1283 1405 69 1285 1378 
17 71 80 167 13 102 119 102 133 256 168 353 560 164 442 657 56 456 527 180 554 797 40 703 749 119 743 920 175 751 954 118 761 933 81 768 873 152 810 1000 191 817 1059 152 1053 1235 62 1224 1321 3 1384 1388 
20 134 46 233 59 269 346 187 309 548 27 347 383 210 353 629 99 570 710 25 722 756 82 784 879 159 809 1023 47 821 896 56 947 1018 31 1003 1040 197 1096 1335 186 1115 1384 153 1128 1335 3 1179 1183 24 1200 1232 41 1240 1291 15 1270 1292 3 1409 1413 
14 114 44 184 66 196 275 25 312 345 119 314 522 89 431 560 182 492 752 135 698 874 67 748 833 24 780 818 76 932 1048 144 1039 1243 139 1066 1249 164 1164 1397 26 1369 1404 
13 135 96 275 98 304 449 88 326 457 220 368 616 47 523 588 186 541 802 118 574 718 27 635 669 211 951 1212 117 951 1097 174 1152 1414 190 1184 1416 170 1210 1414 
13 177 151 364 65 188 276 89 222 333 150 263 473 53 329 404 101 403 538 170 409 632 93 437 575 61 612 687 212 642 912 154 1083 1320 168 1169 1398 68 1277 1372 
21 6 11 19 20 27 50 148 159 361 224 249 528 26 270 302 76 289 384 12 297 313 138 457 661 116 477 637 102 775 921 30 782 824 40 819 877 83 889 987 162 921 1123 204 939 1213 201 960 1206 117 1009 1170 22 1327 1354 22 1331 1355 24 1382 1415 17 1390 1413 
16 27 110 142 75 134 236 69 408 508 146 408 620 157 548 751 68 631 736 159 648 834 42 656 712 144 694 863 122 704 858 191 759 981 63 917 995 10 927 938 208 1006 1284 142 1013 1214 121 1228 1416 
