15 180
10 88 152 252 150 187 353 113 207 334 51 249 303 19 299 320 66 436 508 176 606 804 64 649 722 165 749 937 2 1126 1129 
14 198 75 294 37 106 147 141 177 332 12 200 213 48 210 262 188 223 435 33 434 470 28 540 572 83 570 661 56 680 742 174 904 1099 58 913 976 23 1043 1068 70 1050 1128 
13 75 17 100 115 63 185 13 188 202 78 268 353 156 344 520 182 360 572 24 366 393 66 572 643 116 586 709 134 603 748 43 722 768 51 770 826 33 1064 1101 
11 69 20 97 41 26 72 185 147 357 2 155 158 110 198 323 194 219 433 117 373 498 31 424 458 124 486 617 107 969 1089 40 1042 1087 
13 21 138 161 181 154 350 47 364 415 75 399 482 89 409 505 103 521 637 3 524 528 99 537 645 164 537 719 41 584 630 62 666 734 124 868 1010 47 879 932 
14 170 95 277 116 118 248 30 253 287 105 386 501 213 435 660 104 467 585 21 491 513 121 629 768 139 636 791 38 790 832 41 810 855 42 1056 1104 42 1066 1111 27 1080 1109 
15 8 86 95 194 145 357 196 416 639 184 445 643 41 481 527 41 508 553 84 595 682 131 708 851 61 813 880 192 891 1105 8 924 933 115 999 1126 12 1071 1084 17 1101 1119 7 1115 1123 
11 171 103 292 57 116 179 83 251 345 109 280 397 48 295 348 80 391 480 79 498 582 192 654 868 162 661 830 145 885 1046 74 1037 1118 
10 150 81 247 2 87 90 82 206 299 120 264 396 124 417 555 188 469 670 154 470 647 3 482 486 164 518 695 113 558 686 
8 81 101 197 113 436 564 143 619 776 94 768 871 47 834 884 182 845 1052 130 901 1049 151 905 1072 
10 106 54 169 169 149 346 3 173 177 141 243 396 196 261 481 100 315 419 117 786 911 132 792 939 28 1033 1063 41 1035 1082 
12 191 7 213 130 72 212 50 125 182 91 138 234 154 381 550 76 612 699 137 645 792 37 649 688 140 655 816 38 682 725 20 906 928 92 910 1010 
16 112 24 149 27 41 70 154 133 298 21 182 204 12 201 214 78 317 402 72 498 577 84 530 619 92 718 816 188 788 996 34 793 831 89 817 915 127 985 1128 63 1027 1094 72 1032 1113 28 1034 1065 
11 136 16 165 178 22 215 152 175 342 173 280 478 168 441 627 59 769 833 198 852 1060 92 928 1033 9 989 999 25 1072 1099 2 1125 1128 
12 2 7 10 49 35 88 107 114 232 128 362 520 93 375 476 136 460 612 163 540 725 100 646 757 21 747 770 73 994 1074 10 1034 1045 46 1046 1096 
