15 72
4 56 15 96 149 104 295 63 800 884 82 964 1076 
3 158 263 486 120 785 948 31 1083 1122 
5 156 37 227 130 446 637 5 790 796 16 863 883 170 891 1115 
5 68 220 309 89 398 541 60 918 988 40 963 1015 43 1016 1082 
7 109 237 384 51 452 527 168 525 727 35 667 719 9 672 684 41 748 809 26 800 835 
3 133 575 765 166 702 923 128 871 1027 
6 159 282 492 66 408 501 20 525 549 138 759 925 10 949 962 17 1079 1099 
3 19 669 696 133 748 946 162 843 1060 
6 68 447 532 116 923 1099 92 929 1050 9 952 963 20 1105 1129 6 1121 1128 
6 48 42 97 28 269 310 103 323 445 158 357 577 3 400 404 40 417 474 
4 65 321 410 28 597 629 119 897 1079 80 915 1024 
4 122 2 177 36 504 551 180 619 838 61 920 1014 
6 115 23 174 120 757 932 141 763 936 56 967 1038 25 975 1005 3 1014 1018 
6 58 54 123 53 145 211 120 166 320 72 208 301 95 516 649 15 929 949 
4 75 243 337 163 283 496 138 319 490 46 802 872 
