15 114
8 56 44 118 98 157 350 78 275 409 162 506 726 38 609 677 68 633 768 131 665 814 48 1131 1224 
9 138 252 462 18 337 368 15 464 491 145 933 1160 121 949 1165 89 1074 1192 5 1153 1162 23 1193 1222 25 1217 1265 
6 28 7 49 25 342 394 78 412 533 138 479 680 88 992 1169 108 1049 1267 
7 198 346 600 141 382 620 166 497 745 55 720 817 70 727 859 26 908 959 7 937 952 
6 111 83 324 18 597 625 137 681 905 156 850 1089 58 903 1060 88 947 1064 
8 70 83 217 135 249 449 48 517 590 23 607 661 27 782 829 76 894 1031 158 975 1171 27 1110 1149 
12 57 15 104 78 15 177 132 25 227 12 308 330 27 527 573 82 599 742 2 875 880 70 957 1065 8 1112 1126 23 1235 1283 5 1247 1257 4 1275 1281 
3 144 227 477 117 329 546 133 871 1115 
8 153 90 337 10 380 395 87 481 628 41 628 694 51 894 1005 94 922 1076 73 1117 1225 14 1235 1260 
6 80 22 148 64 29 168 124 377 536 45 513 597 115 964 1151 170 1020 1243 
9 67 229 326 38 391 470 62 505 603 81 721 879 11 891 912 205 928 1176 81 1042 1184 4 1206 1211 41 1210 1281 
9 6 4 14 87 312 434 19 331 368 4 348 353 80 478 641 65 586 683 83 654 795 11 663 684 115 985 1211 
6 54 47 172 98 211 392 9 389 402 141 681 888 59 892 992 99 1034 1207 
8 76 174 304 16 268 314 7 296 310 68 393 537 113 521 685 53 729 861 74 1040 1144 13 1251 1272 
9 167 29 267 6 296 308 42 390 444 22 595 626 38 601 666 133 652 849 126 746 966 8 1117 1131 25 1165 1226 
