15 175
11 111 2 186 93 69 224 48 79 168 204 93 352 151 162 378 18 420 439 191 640 915 84 810 958 117 1124 1319 37 1277 1322 71 1282 1407 
11 30 174 236 54 181 268 141 329 588 87 407 526 67 647 770 91 764 957 78 984 1106 88 1128 1261 188 1150 1429 4 1184 1192 28 1316 1359 
6 102 4 248 139 197 482 159 261 539 146 297 520 178 387 639 67 744 839 
13 36 143 197 120 266 443 117 374 635 10 476 493 148 760 976 189 806 1079 57 879 967 127 990 1228 35 1034 1085 5 1219 1230 56 1270 1397 14 1281 1302 2 1431 1434 
11 32 73 135 133 162 444 160 223 497 7 503 513 7 547 557 100 592 866 20 817 844 112 935 1104 22 966 999 47 988 1093 27 1285 1318 
14 70 302 449 56 341 442 102 360 502 112 375 557 39 479 556 9 638 650 147 749 1015 65 796 889 48 830 923 183 945 1226 42 1131 1205 10 1193 1214 35 1361 1426 18 1386 1421 
9 153 140 410 116 236 401 108 301 472 3 326 330 142 590 781 126 598 835 42 642 704 116 1088 1337 77 1223 1371 
11 94 62 283 58 95 232 168 104 367 113 116 323 83 764 873 61 813 939 66 908 1023 113 1215 1422 40 1269 1353 16 1274 1300 6 1403 1414 
13 79 29 164 79 40 173 10 154 169 31 243 287 120 311 508 84 492 641 90 708 881 2 1086 1089 105 1092 1298 155 1132 1362 22 1216 1257 39 1319 1376 15 1368 1393 
11 36 101 156 56 174 302 57 306 440 57 374 462 115 506 687 112 530 753 120 649 812 51 689 773 137 1167 1405 35 1201 1254 6 1298 1308 
12 134 215 453 10 370 387 108 417 587 59 444 529 127 450 631 34 665 725 53 699 782 27 750 802 114 907 1094 156 959 1233 64 1061 1172 87 1096 1243 
18 24 44 84 22 514 547 33 710 781 50 734 809 9 747 765 3 779 784 134 785 1060 97 809 947 127 814 1052 165 916 1182 29 944 991 112 1129 1276 7 1134 1149 29 1222 1260 27 1299 1342 27 1302 1367 14 1312 1338 9 1395 1409 
13 89 134 348 67 191 305 31 247 311 100 315 484 64 394 487 21 492 530 108 646 846 183 654 927 173 664 921 71 974 1099 33 1049 1120 7 1106 1116 2 1424 1427 
11 130 83 281 180 212 440 99 218 375 22 286 341 84 302 458 112 494 670 155 604 871 45 703 793 14 980 999 63 1186 1336 9 1369 1382 
11 96 30 223 199 316 600 141 370 598 2 472 475 108 633 827 55 836 917 74 871 1143 104 939 1126 86 1191 1353 17 1411 1434 5 1427 1433 
