15 58
2 30 279 341 95 300 492 
6 22 755 789 67 823 930 23 852 896 22 906 935 46 1041 1114 7 1105 1118 
2 126 323 499 93 390 562 
3 43 341 445 3 666 671 74 848 977 
3 110 181 372 95 205 349 14 806 833 
2 33 87 150 111 572 767 
8 18 39 70 11 51 84 125 131 348 8 486 500 20 653 681 17 864 895 25 921 971 6 1028 1035 
4 4 321 328 137 432 651 32 669 758 12 1103 1121 
6 85 113 241 61 139 227 41 622 685 5 779 787 56 960 1037 48 1003 1059 
4 34 741 806 37 769 834 152 795 999 125 837 1016 
2 132 213 411 98 833 978 
4 98 252 373 125 305 525 36 842 897 5 1046 1055 
4 91 376 508 18 852 884 54 893 974 46 1014 1116 
4 96 48 221 139 684 882 35 1038 1087 18 1039 1071 
4 33 116 162 31 494 563 76 845 993 3 1122 1127 
