15 267
24 61 173 265 149 182 372 74 258 356 46 315 371 139 354 538 174 409 630 100 451 592 31 452 490 105 583 728 89 606 729 117 634 786 67 709 788 23 801 829 170 919 1124 145 1085 1248 69 1155 1264 149 1221 1403 129 1249 1407 3 1295 1299 75 1323 1430 15 1334 1355 42 1352 1409 3 1416 1420 6 1425 1432 
19 192 4 207 190 26 240 25 40 66 16 131 152 231 136 407 206 269 528 27 319 357 167 391 617 238 430 712 178 659 911 184 675 919 53 740 813 125 768 919 24 780 809 183 832 1050 120 1028 1171 47 1033 1106 195 1127 1370 48 1333 1395 
17 157 113 321 171 160 439 170 298 514 182 319 538 214 345 584 94 353 477 119 488 632 181 519 756 15 613 633 184 620 876 170 704 936 105 820 941 2 986 989 78 1261 1358 21 1272 1299 58 1299 1376 15 1415 1436 
22 215 88 365 46 105 163 70 157 245 147 174 365 190 175 425 62 236 316 54 271 346 147 342 526 134 420 579 18 443 467 56 593 666 10 740 752 130 747 909 47 857 918 184 936 1169 165 966 1173 63 986 1078 45 1025 1082 232 1073 1355 3 1287 1291 53 1334 1414 9 1391 1402 
14 215 45 326 5 172 179 75 186 276 138 200 373 181 235 465 195 312 537 118 460 642 91 609 745 181 624 877 23 666 694 154 801 1045 161 1120 1336 55 1340 1416 23 1389 1422 
17 54 10 87 45 24 78 34 35 83 25 74 104 54 85 170 111 183 330 168 186 401 3 373 377 16 628 649 142 653 834 98 709 829 95 796 931 206 805 1075 197 892 1160 149 1007 1218 166 1046 1286 165 1198 1398 
18 77 157 253 41 174 223 187 255 489 159 299 524 52 428 505 98 473 602 156 548 736 41 586 652 41 586 646 92 706 833 223 744 1028 209 811 1095 160 817 1002 139 871 1059 195 993 1257 19 1380 1408 15 1404 1423 11 1406 1419 
16 194 144 422 23 258 287 40 303 353 35 372 413 155 401 625 82 457 588 85 614 735 103 667 814 195 717 968 199 771 1019 40 836 895 176 1061 1317 30 1096 1132 76 1120 1222 31 1156 1194 26 1320 1358 
18 41 101 154 21 155 184 153 288 479 170 394 617 153 396 615 238 408 676 6 440 447 97 477 592 188 478 690 188 557 792 140 562 749 96 629 763 74 696 802 109 733 880 203 893 1143 124 1013 1196 5 1281 1287 56 1290 1362 
22 183 100 330 27 121 159 104 179 304 201 181 415 85 389 485 9 440 453 48 513 586 72 725 838 38 759 809 237 788 1068 108 894 1037 150 943 1163 126 998 1157 93 1006 1147 59 1113 1203 193 1127 1381 50 1261 1323 45 1298 1352 21 1386 1412 22 1397 1423 3 1418 1422 3 1432 1436 
15 90 158 269 164 208 409 65 253 339 80 272 391 211 283 552 120 456 615 75 464 559 169 502 729 184 578 821 214 740 1022 65 925 1007 141 933 1114 143 950 1153 87 1062 1182 42 1379 1430 
18 140 125 327 106 278 431 160 441 657 82 478 572 38 494 541 42 504 574 102 517 636 36 607 654 57 620 698 78 682 779 98 829 964 81 872 989 165 907 1146 203 1136 1388 33 1247 1292 114 1267 1406 43 1277 1337 86 1290 1406 
15 104 251 380 187 253 486 195 382 613 31 521 560 183 582 801 121 660 822 188 753 1007 197 795 1068 99 857 994 68 927 1019 135 994 1210 5 1019 1026 84 1103 1234 28 1140 1186 139 1142 1300 
15 138 136 345 33 203 249 143 259 472 205 348 600 56 403 477 104 418 548 185 587 862 92 649 761 162 735 975 88 999 1106 121 1191 1359 105 1300 1435 64 1321 1409 37 1343 1395 7 1361 1369 
17 216 203 487 154 308 519 221 310 597 174 625 894 23 641 672 156 718 912 28 760 804 199 897 1182 98 910 1030 31 1059 1101 81 1075 1191 201 1142 1397 126 1165 1313 5 1263 1270 3 1326 1330 30 1382 1422 18 1408 1431 
