15 156
9 6 35 42 80 347 456 30 606 641 2 739 742 137 768 967 136 769 986 168 979 1198 175 991 1219 80 1031 1131 
10 18 140 163 130 360 541 143 393 585 210 587 839 109 590 729 9 607 621 64 744 840 171 812 1061 12 1195 1211 29 1224 1267 
7 141 36 231 155 174 368 164 200 455 116 642 804 146 672 870 164 764 948 170 775 1004 
13 21 26 55 192 67 299 75 175 278 28 279 315 77 303 400 22 305 334 95 392 529 182 465 711 76 472 563 137 815 999 115 1057 1213 40 1161 1208 22 1244 1272 
10 30 54 92 178 132 386 71 374 520 186 570 817 42 698 750 125 816 994 20 1001 1025 138 1093 1253 15 1138 1158 77 1147 1255 
7 53 279 345 129 303 502 202 374 629 132 490 663 119 798 956 111 897 1036 126 959 1167 
10 147 37 220 89 132 267 116 271 414 170 475 686 11 504 517 77 506 607 126 605 799 74 829 930 37 903 953 54 1160 1241 
13 45 11 74 157 93 320 35 327 370 142 327 529 25 480 510 42 516 583 118 541 711 2 660 663 26 703 740 12 857 870 78 976 1078 215 1011 1258 51 1100 1164 
13 33 182 223 147 319 516 56 435 503 72 556 658 97 587 717 188 704 937 39 931 979 171 1016 1237 41 1077 1128 97 1123 1247 42 1203 1260 45 1208 1266 4 1278 1283 
11 160 27 253 138 222 400 23 377 409 16 381 402 39 575 633 70 621 709 86 657 776 37 707 750 108 744 897 126 1069 1241 40 1225 1279 
12 113 97 223 78 177 286 123 244 406 212 257 510 141 283 481 160 290 498 160 600 807 42 635 691 117 1003 1157 55 1181 1245 7 1214 1223 8 1221 1230 
11 11 142 156 108 291 415 62 303 401 129 319 496 159 330 544 153 422 633 48 576 635 170 708 928 54 708 783 89 880 997 7 1262 1271 
14 90 150 289 175 191 378 159 461 678 31 633 675 28 667 703 103 668 800 22 756 782 63 954 1038 43 1097 1155 85 1116 1243 106 1130 1271 13 1162 1181 74 1186 1280 34 1202 1247 
7 98 255 401 103 545 669 136 653 845 136 733 892 60 772 865 165 793 1036 175 838 1068 
9 9 76 89 126 126 317 39 274 324 88 492 592 155 577 786 152 690 897 179 794 1043 92 939 1064 4 1179 1184 
