15 683
42 47 53 102 130 90 233 42 138 185 81 161 254 140 179 337 160 203 389 41 221 265 163 246 424 109 249 371 143 261 422 32 280 314 190 307 509 192 344 560 190 347 562 207 377 603 191 407 610 140 447 603 57 474 535 228 599 859 246 611 880 126 703 839 63 712 783 189 769 984 223 773 1027 121 798 934 50 854 909 121 879 1012 128 915 1055 97 921 1031 258 933 1212 166 945 1131 90 969 1068 9 1043 1053 182 1130 1335 149 1233 1393 11 1246 1258 130 1263 1404 49 1279 1333 61 1326 1392 82 1334 1430 68 1343 1415 25 1374 1401 
46 168 1 185 20 12 33 99 16 121 182 76 273 82 79 166 225 108 354 101 111 222 219 135 375 237 142 402 187 169 376 55 211 273 244 225 498 227 295 547 61 350 417 162 378 558 105 449 564 161 497 679 69 593 673 209 608 844 37 704 743 204 704 938 160 716 897 113 730 855 97 732 838 69 737 813 117 750 877 184 906 1104 49 921 975 69 930 1005 142 935 1094 217 964 1200 141 995 1156 121 996 1127 113 1000 1124 147 1008 1176 38 1009 1050 95 1098 1204 197 1144 1359 70 1210 1288 15 1216 1232 42 1336 1382 60 1347 1411 50 1378 1434 21 1390 1413 4 1397 1402 18 1411 1431 
47 174 2 201 246 44 312 103 47 161 126 48 187 137 80 228 194 87 303 85 106 197 10 116 127 88 188 292 93 194 290 177 198 405 159 268 444 205 327 542 64 329 402 10 374 385 221 409 650 65 431 506 29 461 493 50 472 527 80 551 641 252 579 865 102 646 758 170 653 829 209 679 905 168 680 874 145 720 879 129 741 882 98 747 858 97 832 933 2 900 903 124 971 1108 95 1027 1140 95 1044 1151 156 1051 1225 56 1087 1147 134 1117 1262 61 1148 1213 207 1159 1389 143 1201 1356 142 1216 1375 21 1263 1287 84 1266 1357 133 1283 1431 17 1299 1318 36 1343 1383 32 1371 1407 15 1418 1434 
48 92 32 135 122 34 168 213 54 283 18 98 117 193 105 309 86 183 282 195 189 401 41 193 238 227 203 466 152 207 376 99 227 337 111 262 387 69 264 341 61 274 344 148 280 438 19 288 309 96 310 412 51 352 408 263 395 678 76 425 508 164 463 633 80 477 563 242 553 808 91 570 673 194 628 840 240 707 965 105 727 845 242 763 1032 213 767 1011 24 790 817 182 902 1109 133 972 1119 126 989 1126 189 1005 1214 151 1029 1198 197 1054 1265 192 1072 1286 78 1232 1321 76 1245 1328 43 1247 1294 7 1248 1256 14 1260 1276 65 1266 1337 27 1318 1350 63 1331 1399 54 1333 1394 14 1407 1422 17 1409 1427 
50 38 16 57 85 19 113 17 56 75 142 75 231 167 84 270 118 92 218 262 120 399 73 140 219 160 229 407 139 281 434 64 318 389 205 318 540 204 350 561 154 366 538 61 368 436 235 414 674 215 441 680 38 444 485 96 474 584 208 521 748 30 560 594 223 609 852 140 638 791 263 639 917 48 641 691 93 657 758 157 684 855 214 724 971 186 759 974 6 807 814 182 827 1027 132 854 1000 107 898 1016 111 912 1035 167 945 1139 44 948 997 157 958 1136 232 1046 1293 102 1151 1265 83 1168 1255 25 1179 1207 140 1201 1352 10 1228 1239 53 1300 1357 40 1312 1355 5 1324 1330 3 1348 1352 29 1386 1418 32 1398 1434 19 1416 1437 
50 58 14 80 47 50 102 239 90 368 45 145 195 64 173 244 132 184 329 70 218 296 65 223 295 230 264 519 132 280 426 127 319 459 86 337 430 230 360 607 201 385 609 203 402 631 10 441 452 19 477 499 85 508 599 54 528 586 238 538 798 110 544 666 205 554 774 7 594 602 212 600 825 193 621 844 152 622 787 55 667 728 200 671 893 149 673 839 4 723 728 174 769 966 106 781 899 84 790 883 96 897 1010 72 962 1045 107 1073 1188 146 1081 1239 52 1093 1151 240 1127 1401 49 1154 1209 9 1201 1211 160 1222 1400 22 1224 1247 75 1273 1358 70 1282 1362 4 1285 1290 13 1340 1354 40 1369 1413 22 1389 1413 15 1420 1436 
40 118 22 147 201 206 421 247 276 550 244 287 553 71 295 374 31 305 339 38 322 366 181 343 541 47 449 499 243 473 744 228 492 741 207 595 824 203 599 820 178 612 807 52 614 673 53 620 678 86 728 823 9 779 789 146 792 957 156 821 1000 149 822 987 116 872 998 169 882 1069 266 887 1172 210 979 1203 226 989 1249 138 996 1151 115 1007 1136 251 1055 1332 206 1056 1283 226 1063 1316 8 1067 1076 183 1085 1290 21 1102 1125 84 1117 1209 45 1227 1276 14 1232 1247 57 1275 1338 115 1282 1416 8 1398 1407 
47 32 2 36 45 6 55 248 16 295 233 31 280 10 91 102 70 133 211 129 142 283 182 167 371 6 170 177 19 275 296 123 368 510 23 406 430 225 411 661 97 425 533 151 430 589 206 455 683 3 456 460 84 515 607 155 549 721 147 569 736 228 587 843 79 593 680 158 598 775 217 601 852 17 618 636 197 621 847 47 696 746 100 701 807 91 736 833 108 843 968 117 849 974 244 852 1122 201 890 1117 214 939 1172 4 976 981 151 1001 1170 108 1007 1130 92 1009 1110 67 1012 1089 19 1039 1060 68 1051 1124 183 1057 1258 26 1161 1189 149 1178 1343 28 1272 1302 58 1288 1354 15 1421 1437 
48 146 55 212 19 66 87 112 80 202 145 132 287 201 157 385 143 235 401 102 248 365 214 251 500 241 295 575 206 307 544 58 319 383 130 332 475 161 337 521 254 359 637 11 382 394 215 411 645 46 446 498 179 519 708 27 559 587 44 577 625 39 586 630 100 605 712 214 626 862 253 664 946 52 667 722 176 745 940 68 760 833 185 763 982 147 774 942 161 790 968 86 810 901 49 847 900 55 902 963 50 919 973 44 980 1028 211 989 1225 90 989 1091 41 1038 1083 25 1100 1127 141 1203 1353 26 1224 1253 116 1231 1361 78 1252 1336 5 1294 1300 5 1349 1355 40 1377 1421 45 1387 1435 14 1413 1428 
41 54 32 91 149 63 225 86 105 199 248 129 395 209 281 500 140 334 490 184 354 564 118 446 575 198 509 734 146 544 706 138 561 715 259 585 868 181 601 791 72 615 699 249 615 881 254 640 911 138 672 819 207 695 931 97 772 874 169 822 1010 10 842 853 105 871 985 186 901 1114 173 916 1109 26 920 949 95 955 1060 221 1030 1276 94 1043 1148 242 1047 1316 202 1053 1283 133 1100 1257 174 1184 1376 88 1199 1293 28 1224 1255 14 1249 1264 137 1257 1409 33 1311 1346 100 1323 1427 35 1348 1388 61 1361 1432 2 1366 1369 
36 257 7 287 171 29 220 136 41 189 216 81 325 107 132 252 108 141 261 195 192 410 102 267 379 43 303 350 49 316 369 35 348 386 224 354 606 138 370 527 37 379 421 236 380 642 49 393 449 193 450 660 261 467 750 91 510 608 44 594 644 68 611 684 95 687 789 91 718 823 149 724 891 147 827 994 140 852 1011 195 868 1086 68 876 952 100 995 1108 47 1021 1073 213 1026 1271 233 1101 1355 240 1114 1386 196 1163 1382 42 1210 1257 122 1252 1393 
45 43 9 56 80 22 112 202 52 269 144 99 258 238 144 402 213 158 397 254 223 495 32 288 324 174 291 477 191 338 542 240 358 628 44 484 535 97 512 621 51 513 569 235 527 790 45 553 602 93 586 696 91 606 705 243 621 887 100 630 738 4 664 669 226 700 957 153 738 913 256 787 1070 113 838 962 131 847 986 207 875 1097 117 907 1032 139 980 1138 89 994 1090 162 1005 1191 82 1041 1131 25 1078 1105 173 1081 1276 231 1155 1408 158 1184 1359 36 1196 1235 66 1232 1301 73 1333 1414 53 1341 1400 34 1351 1390 68 1358 1433 55 1367 1426 16 1397 1414 34 1399 1436 
45 30 34 67 91 37 140 172 38 226 259 68 348 24 96 122 114 107 237 173 137 321 68 154 229 236 168 434 257 182 465 168 223 411 61 259 326 93 283 382 250 325 605 142 355 518 181 376 577 145 384 544 246 503 766 250 525 799 63 565 633 252 793 1064 66 801 872 45 830 880 238 901 1167 40 904 949 48 906 959 194 920 1135 140 949 1109 113 958 1082 190 1073 1284 193 1101 1305 180 1110 1320 78 1154 1241 125 1224 1364 66 1242 1319 53 1276 1337 106 1289 1406 75 1293 1375 7 1313 1321 17 1325 1343 35 1346 1384 24 1374 1400 24 1385 1411 3 1386 1390 12 1423 1436 
51 130 11 162 209 84 320 213 146 379 105 152 266 232 157 416 45 210 260 45 281 332 101 310 424 122 320 458 33 353 391 191 383 593 140 416 564 194 499 713 230 565 824 244 602 877 191 604 820 161 608 781 32 644 679 70 645 720 18 659 679 118 706 836 40 714 757 16 717 734 53 762 817 247 767 1039 149 785 938 79 841 929 230 844 1096 94 853 961 253 875 1157 67 899 976 85 980 1076 56 1013 1075 131 1018 1160 18 1025 1045 160 1026 1199 45 1037 1086 27 1045 1073 78 1050 1132 193 1071 1279 11 1111 1123 99 1133 1241 33 1190 1226 74 1238 1317 84 1250 1339 35 1266 1306 91 1307 1413 71 1345 1420 46 1377 1424 34 1393 1429 13 1423 1437 
47 258 11 287 16 54 71 63 57 129 83 67 163 253 105 386 62 106 174 80 201 291 160 207 386 38 252 296 217 311 555 30 322 355 65 328 398 86 332 427 68 384 459 90 452 553 34 473 511 227 492 752 110 498 626 8 505 514 66 509 580 177 526 712 166 545 730 193 559 766 35 589 627 151 653 823 240 722 997 218 736 973 207 760 996 5 766 772 32 853 887 109 890 1012 181 894 1094 261 898 1179 214 946 1188 218 948 1184 104 954 1067 74 979 1060 143 1011 1168 196 1032 1233 45 1129 1177 227 1139 1381 96 1143 1246 31 1176 1211 95 1207 1309 178 1217 1415 2 1327 1330 2 1432 1435 
