15 395
32 115 6 130 140 11 172 60 52 116 37 89 131 134 131 284 165 149 334 173 383 571 35 403 442 122 465 605 2 482 485 117 521 647 25 551 579 21 610 633 171 626 811 40 627 669 173 667 860 29 728 760 107 756 871 182 784 981 142 792 946 146 821 984 41 822 868 76 944 1031 170 965 1151 18 1012 1032 15 1055 1071 86 1082 1178 41 1085 1129 60 1099 1166 30 1127 1160 56 1156 1219 63 1210 1279 
27 195 19 234 215 26 247 191 67 276 42 130 175 79 140 230 179 148 341 144 174 326 197 222 441 216 303 550 167 407 600 49 442 500 177 459 647 188 468 673 176 533 727 110 611 727 56 675 736 144 761 922 78 798 890 107 867 982 36 910 949 40 933 978 6 1047 1054 164 1095 1276 102 1114 1221 22 1205 1230 21 1244 1268 23 1253 1277 
24 106 41 161 148 162 327 190 248 459 69 339 413 186 473 691 98 580 689 40 592 637 81 604 698 51 749 804 37 758 800 89 783 881 219 823 1070 175 846 1043 33 879 915 201 883 1109 71 899 979 57 916 980 222 946 1191 86 962 1056 169 1077 1266 40 1197 1242 25 1210 1236 5 1234 1240 6 1237 1244 
30 10 48 59 98 95 207 192 115 332 140 199 350 140 292 448 122 357 485 174 401 590 49 421 474 79 482 567 72 485 560 107 503 619 41 534 580 28 550 580 181 598 792 107 635 753 225 734 970 177 738 929 130 741 890 93 791 896 95 814 921 167 818 996 82 839 931 52 889 945 43 909 957 205 944 1163 106 953 1077 58 1018 1081 93 1179 1280 25 1193 1222 4 1200 1205 
28 169 103 286 180 147 356 161 152 336 221 157 388 132 231 382 13 242 256 114 303 428 158 379 549 96 404 512 16 431 449 142 542 695 128 594 732 113 681 810 207 695 923 111 757 879 225 758 1006 3 811 815 66 853 925 10 877 888 28 896 926 207 930 1160 2 946 949 200 957 1182 57 960 1022 81 1077 1164 70 1097 1171 97 1171 1276 59 1217 1282 
22 224 114 366 2 179 182 69 230 302 199 295 509 103 345 456 114 363 486 175 383 578 187 408 610 74 410 491 18 453 473 226 489 736 206 516 740 210 539 767 198 557 786 98 566 674 130 569 712 227 592 845 111 755 877 103 1135 1252 96 1140 1244 115 1144 1274 44 1227 1277 
25 108 26 146 162 58 246 197 104 318 197 126 349 186 134 345 185 282 482 207 284 516 37 346 388 196 354 575 26 373 401 194 400 617 102 519 631 132 549 695 202 571 810 27 673 702 29 675 706 170 681 866 49 708 761 34 802 838 5 990 996 40 1165 1207 24 1195 1222 52 1218 1275 10 1254 1265 2 1265 1268 
22 138 86 237 13 105 119 117 165 299 187 183 382 222 274 517 197 300 514 177 333 545 189 428 642 174 434 631 22 499 524 163 585 771 133 631 776 225 645 893 196 653 873 160 672 846 127 714 859 10 721 732 36 806 847 64 815 885 35 836 874 130 1129 1269 4 1152 1157 
24 39 71 112 199 78 302 27 90 118 149 102 270 71 182 263 136 285 439 160 326 492 68 346 420 172 439 624 104 483 599 119 586 720 223 619 859 61 630 700 224 673 914 147 688 854 68 789 865 5 879 885 125 885 1031 210 909 1143 190 928 1144 57 1068 1130 153 1091 1257 31 1191 1224 16 1264 1282 
24 169 19 215 174 146 346 142 188 339 127 206 353 100 308 423 73 326 406 182 354 546 55 506 565 158 618 796 171 684 882 163 753 933 104 773 885 169 888 1065 220 997 1242 97 1043 1149 172 1069 1258 112 1078 1204 64 1129 1198 114 1130 1252 61 1172 1242 18 1192 1212 41 1221 1265 23 1250 1275 4 1269 1274 
22 217 15 252 102 146 259 21 162 184 161 195 376 201 224 455 187 321 527 184 410 622 168 498 687 151 515 678 74 726 808 235 748 1000 201 853 1074 199 901 1120 82 1039 1129 142 1057 1213 166 1089 1269 137 1093 1243 50 1177 1232 10 1181 1192 30 1215 1250 30 1247 1279 11 1260 1272 
30 179 9 210 55 36 94 74 65 148 19 144 164 17 205 223 69 226 302 44 231 281 56 240 303 203 244 469 48 292 344 189 300 510 81 345 437 98 399 506 177 421 614 135 520 671 151 568 746 4 601 606 31 626 659 140 690 847 89 691 787 35 692 729 183 764 958 36 799 838 88 892 985 177 1000 1194 142 1023 1183 138 1058 1198 136 1102 1256 21 1187 1210 73 1188 1269 
30 57 46 110 155 48 212 165 153 336 26 203 232 117 254 382 165 258 440 6 320 327 115 322 451 76 412 497 69 463 540 118 492 623 165 501 688 138 513 658 35 557 595 174 573 767 92 643 740 166 712 897 69 775 851 84 818 912 15 834 850 67 834 909 145 924 1097 172 977 1176 5 984 990 95 1143 1247 32 1164 1200 103 1165 1278 12 1221 1234 22 1238 1261 12 1251 1264 
29 106 35 152 181 53 250 127 60 202 99 69 185 202 90 305 58 132 195 205 167 403 97 299 407 128 340 494 40 344 388 4 561 566 108 661 782 237 669 918 170 673 850 139 689 836 197 732 939 161 778 955 46 798 848 125 836 968 172 866 1053 76 866 949 54 913 973 40 921 964 196 943 1155 5 981 987 145 1021 1183 117 1085 1209 3 1213 1217 9 1258 1268 
26 86 12 110 31 237 271 154 307 476 47 364 415 108 381 495 127 426 564 159 438 624 117 470 597 20 491 512 196 511 725 136 567 717 187 606 817 115 653 784 93 862 966 202 876 1113 218 932 1178 228 1003 1256 50 1035 1089 118 1109 1236 157 1112 1280 8 1178 1187 26 1193 1221 32 1196 1230 39 1230 1273 14 1241 1256 9 1262 1272 
