10 469
45 87 10 108 11 22 34 167 24 206 37 80 122 95 84 191 56 102 162 142 119 276 155 182 359 6 200 207 107 220 339 15 231 247 84 235 330 123 249 393 34 312 349 46 327 379 148 347 512 6 360 367 44 372 421 52 379 433 33 419 454 55 419 480 64 422 494 80 445 532 96 469 571 52 511 571 61 512 576 77 528 614 74 572 652 172 576 761 97 586 697 30 692 725 130 696 840 25 707 733 120 708 840 115 716 838 162 717 900 54 717 777 118 721 853 77 722 810 26 739 766 103 742 857 83 781 871 8 860 869 57 873 939 13 916 930 
54 39 17 60 137 21 171 144 24 183 107 46 168 45 47 96 7 78 86 64 84 155 34 94 131 10 95 106 45 102 150 8 108 117 149 116 274 5 124 130 64 130 202 3 136 140 58 143 206 10 165 176 59 217 283 18 243 262 23 244 268 94 253 359 44 267 315 49 327 380 49 341 395 65 411 483 35 416 453 91 422 526 29 438 471 78 440 526 137 453 595 72 460 543 97 507 614 73 508 591 30 515 547 173 582 768 23 585 610 55 638 699 86 649 746 121 660 791 125 671 814 140 675 825 157 703 879 143 715 876 84 717 809 129 724 873 163 756 935 14 806 821 8 845 854 44 857 904 44 859 906 13 881 895 4 883 888 29 903 934 8 912 921 
45 90 5 105 40 19 63 85 24 123 159 30 210 95 79 180 28 111 142 72 126 204 32 183 219 106 185 302 101 189 300 83 190 286 79 257 345 43 273 320 64 284 355 116 327 454 134 340 493 108 379 502 91 385 485 139 437 590 113 440 560 105 489 610 146 495 662 8 524 533 21 586 610 128 635 784 136 684 843 138 702 858 160 706 884 35 707 747 30 733 765 9 774 784 44 775 824 28 775 805 43 777 825 97 815 921 82 826 916 31 845 878 35 864 903 57 871 934 8 874 883 5 887 893 3 915 919 10 920 931 5 930 936 2 936 939 
40 136 0 152 130 10 149 94 30 132 131 34 186 2 93 96 149 106 272 150 144 308 141 183 333 34 194 233 143 201 357 112 218 345 49 234 291 62 287 360 109 335 455 77 374 460 11 424 436 107 475 591 50 486 542 94 515 628 89 537 637 98 540 649 89 540 640 59 550 613 44 585 637 138 620 775 90 629 729 167 635 819 91 652 746 91 679 779 92 707 810 109 723 846 140 771 925 5 773 779 25 790 818 11 805 817 75 825 907 17 887 905 18 913 932 2 915 918 3 917 921 
43 37 51 93 144 69 230 157 126 305 124 177 318 37 179 220 17 179 198 102 190 302 75 210 292 130 218 361 60 220 285 35 222 260 148 232 394 145 236 395 30 268 301 15 271 288 116 282 414 107 290 408 80 347 435 155 388 559 96 518 625 3 527 531 145 546 705 13 576 590 152 614 777 154 618 784 52 643 699 157 649 830 139 693 846 92 693 796 95 730 837 154 738 913 32 787 821 7 788 796 86 790 888 70 793 866 56 813 876 47 815 866 57 842 908 25 852 878 15 853 869 12 900 913 4 904 909 2 930 933 
50 138 15 170 130 26 166 35 48 85 37 113 154 17 125 144 155 127 291 38 152 194 35 153 192 135 154 299 72 171 249 8 180 189 86 198 294 164 214 394 136 216 371 65 229 301 165 252 429 105 261 372 72 265 344 132 299 444 42 475 521 23 483 507 128 503 643 128 515 656 27 523 554 32 546 581 41 571 616 24 580 606 133 595 750 155 608 770 13 625 639 57 644 708 32 652 687 26 661 689 103 672 781 108 675 796 106 686 807 101 694 805 137 695 854 111 706 824 55 713 775 15 723 740 29 729 761 51 738 795 93 757 858 35 792 830 104 801 918 9 815 825 12 860 873 5 862 868 5 933 939 
48 60 32 95 152 49 219 162 84 260 60 117 183 6 132 139 27 132 162 23 146 170 70 183 262 153 192 350 17 220 238 128 227 376 107 234 352 157 242 414 117 260 392 148 262 420 42 283 330 13 290 304 125 327 463 40 334 380 63 336 407 101 353 466 72 390 468 15 391 407 166 409 593 89 409 509 60 411 478 130 441 589 137 446 594 78 465 554 169 467 652 49 526 584 50 547 602 135 588 727 13 592 606 21 658 681 83 663 757 81 690 779 9 736 746 118 756 889 5 762 768 8 766 775 17 779 797 91 825 927 79 827 912 9 841 851 52 868 924 32 901 936 2 933 936 
54 37 14 57 12 22 35 71 26 102 46 44 95 40 70 116 67 79 153 127 107 244 67 125 201 91 133 230 84 133 228 104 148 268 133 155 313 52 177 236 136 178 329 22 188 212 82 194 288 134 201 351 39 228 269 177 229 412 45 254 303 16 277 294 66 306 378 85 314 406 134 335 480 64 342 409 2 387 390 94 408 510 138 422 570 110 440 561 29 445 478 122 446 579 141 466 623 131 468 609 68 520 595 137 563 714 38 567 608 87 575 671 122 584 716 72 595 675 88 618 711 19 624 644 39 667 709 16 698 715 13 713 727 85 716 808 48 758 809 68 829 903 7 846 854 47 863 917 14 874 889 7 881 889 15 883 899 10 902 913 20 915 936 
51 41 61 106 29 72 105 42 77 124 33 78 115 84 85 181 141 111 268 81 130 224 25 143 170 93 169 271 44 176 223 22 203 226 70 210 288 143 213 369 167 218 403 38 270 312 107 282 398 134 283 435 85 290 387 53 291 350 5 301 307 21 302 324 159 351 525 36 365 404 52 372 430 73 408 488 32 432 468 55 512 572 37 520 561 123 524 657 109 544 664 143 548 709 22 561 586 13 577 591 48 613 669 134 664 820 19 703 723 39 717 759 152 728 899 116 745 874 2 756 759 35 768 806 18 775 794 104 794 913 66 810 885 58 814 879 4 850 855 5 864 870 23 908 933 8 921 930 8 925 934 3 934 938 
39 174 1 188 153 24 196 31 52 85 138 74 226 108 79 202 132 113 263 42 118 164 171 121 307 134 121 270 62 178 248 36 187 226 152 228 397 76 253 336 53 253 310 112 338 462 99 450 557 82 485 576 152 490 665 115 536 666 54 540 599 9 557 567 119 568 706 100 592 704 136 592 744 50 606 659 138 616 763 107 672 793 62 675 740 69 700 776 29 702 733 14 735 750 32 773 809 136 776 933 59 792 856 60 829 897 56 839 899 39 889 930 25 896 923 25 912 939 
