10 101
11 66 129 223 72 151 252 55 176 245 21 182 209 105 392 534 95 561 675 49 606 667 30 693 731 78 699 795 64 733 811 73 750 864 
10 126 20 165 80 146 251 99 302 441 134 327 496 25 338 368 75 615 717 146 633 821 150 750 931 3 912 916 14 919 937 
10 137 76 243 50 133 200 120 245 413 76 274 377 83 478 581 99 527 654 125 652 827 72 652 755 21 671 696 10 754 766 
7 110 4 145 131 14 203 113 104 244 101 288 411 104 528 665 127 645 817 20 664 687 
9 142 163 352 69 232 335 92 278 396 94 315 441 31 448 499 28 550 584 56 661 739 142 697 871 51 879 936 
7 122 15 185 108 96 244 121 382 543 109 529 683 4 542 547 126 595 761 121 763 915 
12 39 64 120 18 206 226 33 216 257 113 222 406 119 328 501 158 503 686 26 571 608 80 793 889 33 834 871 17 863 884 22 865 896 2 939 942 
12 109 21 183 72 114 210 60 160 234 121 300 432 118 386 543 39 528 572 69 578 668 55 802 881 80 836 936 10 877 888 24 883 914 6 935 943 
9 117 9 173 71 14 124 46 372 434 44 519 580 5 536 542 109 539 700 42 563 626 22 669 697 92 720 834 
14 20 24 52 45 130 185 45 263 321 5 293 299 130 301 452 42 389 451 141 593 778 122 692 845 12 755 772 65 762 839 90 802 931 24 815 844 30 832 873 6 937 945 
