10 133
15 60 16 83 127 23 161 5 49 55 75 62 151 8 121 130 40 156 199 63 285 351 69 382 458 94 466 569 32 522 557 23 535 560 2 579 582 31 637 671 20 660 682 4 679 684 
17 33 58 94 20 110 133 24 123 149 42 141 187 21 203 226 81 236 324 79 347 438 41 374 419 27 439 469 13 461 475 49 463 515 85 526 620 97 530 640 39 557 601 9 603 613 8 681 690 3 683 687 
13 97 33 136 56 61 122 40 127 171 49 138 192 119 235 363 115 321 449 74 347 428 32 347 383 13 356 370 66 367 440 8 463 472 108 566 681 9 666 676 
12 58 8 74 100 17 128 40 95 136 16 200 217 41 244 290 8 265 274 87 326 426 73 370 448 115 380 505 105 383 496 45 642 691 25 651 679 
12 113 35 158 30 69 102 105 83 202 38 194 234 45 281 328 85 285 379 30 348 381 43 528 575 99 556 667 56 598 661 19 623 643 7 674 682 
9 90 7 108 110 54 176 74 188 267 106 203 321 60 381 449 24 401 427 125 493 631 82 564 653 27 597 626 
11 68 58 134 66 81 156 86 128 225 39 138 182 101 257 367 58 327 389 61 462 534 45 472 522 80 504 588 60 508 575 9 660 670 
14 98 135 240 25 139 167 28 154 185 37 159 198 82 231 321 52 275 334 24 326 352 19 392 414 89 414 509 98 418 525 43 429 478 97 517 624 53 625 684 15 656 672 
19 51 126 181 71 146 225 6 146 153 126 196 328 40 275 318 37 300 341 9 352 362 69 376 450 9 405 415 19 416 437 46 431 482 27 494 523 25 536 562 99 557 669 21 563 587 34 622 660 19 644 664 21 670 693 6 672 679 
11 111 8 131 97 41 148 115 61 189 117 70 201 127 144 273 25 314 340 33 402 437 70 590 666 40 609 652 63 623 689 6 654 661 
