10 120
11 11 62 76 25 98 133 42 101 154 17 106 132 12 125 139 7 190 199 40 200 252 44 221 284 34 291 343 11 340 354 4 342 347 
9 22 41 72 10 111 122 3 114 118 43 119 185 30 125 165 50 251 318 24 297 338 41 304 356 17 333 355 
15 48 52 116 4 54 59 8 74 84 50 148 212 4 165 170 37 187 233 37 204 247 20 208 229 36 234 287 30 284 319 64 285 350 26 300 338 17 317 337 14 335 353 5 338 344 
9 53 35 106 13 36 55 14 39 57 27 123 164 38 177 225 49 272 334 22 279 313 36 291 347 11 332 345 
10 50 1 70 18 15 36 42 23 78 20 64 90 5 87 95 5 152 158 45 275 329 42 280 351 21 325 354 17 333 353 
14 48 82 153 21 88 117 52 115 174 22 124 151 24 130 166 17 168 190 44 170 219 26 189 229 16 257 277 45 295 355 3 304 308 5 315 321 20 323 352 3 331 335 
12 46 2 62 43 110 164 7 143 152 20 152 177 14 182 200 26 188 220 11 225 239 37 245 300 42 296 356 37 297 344 13 302 317 9 331 344 
13 14 51 69 48 83 142 49 135 195 4 156 161 20 158 187 19 199 223 24 200 235 17 223 247 51 241 308 33 251 296 21 274 300 13 323 341 3 351 355 
14 15 9 26 20 25 49 7 47 55 34 71 114 6 83 90 46 177 245 7 203 214 38 269 320 39 274 324 23 284 319 8 299 310 8 301 310 12 336 350 12 340 356 
13 40 4 58 41 37 88 27 57 94 36 85 129 10 88 101 43 122 179 11 139 151 10 158 171 15 160 179 58 251 316 28 252 292 4 323 328 5 351 357 
