10 118
11 39 89 131 114 95 222 92 202 305 48 232 284 62 256 325 97 400 510 45 484 534 12 510 523 136 587 738 97 652 757 29 728 760 
14 71 6 88 106 95 209 23 168 194 90 210 313 51 411 468 125 425 564 61 502 568 77 529 610 11 580 592 59 592 656 101 708 815 52 729 785 9 812 822 18 814 834 
13 49 94 148 11 185 197 138 246 391 60 334 403 51 396 452 117 406 533 85 520 612 55 535 597 99 586 692 99 676 788 27 676 704 102 679 791 13 728 742 
10 124 141 283 70 146 220 110 159 279 143 191 341 116 235 358 90 263 361 98 284 393 94 529 633 3 705 709 16 765 783 
12 50 5 60 25 95 122 142 204 363 78 235 323 101 259 370 48 317 369 34 424 462 121 432 558 50 449 503 66 497 568 116 697 830 42 700 743 
17 88 38 132 35 56 94 101 60 168 44 79 127 11 198 210 50 227 283 38 303 346 49 359 414 8 468 477 126 557 698 147 575 731 21 616 639 60 637 703 7 713 721 62 733 804 30 793 827 18 795 815 
8 138 93 248 64 165 236 140 257 414 86 388 483 76 421 506 103 701 819 41 701 746 17 734 753 
13 77 8 94 54 46 105 29 76 108 123 147 279 85 218 311 22 306 330 69 426 498 77 631 713 57 654 718 138 664 820 8 712 721 44 781 832 33 787 823 
13 19 15 35 41 54 98 54 165 224 82 309 396 139 315 462 63 428 497 43 456 504 130 474 616 104 484 597 116 692 821 48 738 793 33 756 793 9 818 828 
7 134 10 158 129 15 159 102 166 277 114 254 383 33 386 422 55 412 475 74 654 743 
