10 54
5 60 224 300 41 401 454 72 478 580 46 486 543 33 645 683 
4 20 10 38 55 212 279 52 296 362 82 469 581 
5 59 53 136 10 195 210 18 266 291 3 276 280 93 489 612 
6 78 27 132 24 108 137 5 211 218 30 346 387 27 413 450 49 555 622 
8 71 9 96 27 183 213 2 278 281 39 462 513 61 470 540 23 531 559 65 622 706 29 637 672 
4 91 47 171 80 180 303 3 343 347 13 678 692 
5 37 145 197 60 287 359 91 362 481 39 419 471 5 694 700 
6 65 96 182 34 260 308 92 309 414 34 364 411 66 615 695 5 634 640 
5 82 43 144 26 49 79 99 56 182 48 79 145 28 309 340 
6 2 22 25 40 143 191 34 232 278 84 436 542 86 460 575 16 641 662 
