10 126
18 4 95 100 36 144 189 73 166 271 26 190 227 26 231 267 95 247 374 48 268 333 107 331 454 6 404 412 43 426 483 11 466 483 18 488 512 112 544 669 19 571 599 14 592 609 49 596 659 5 757 763 2 770 773 
11 19 6 36 66 72 173 12 132 147 33 142 188 93 208 325 12 287 301 107 307 450 3 329 333 88 351 476 64 486 588 55 578 653 
19 43 63 116 44 65 125 38 69 114 23 97 131 53 134 201 24 156 190 102 289 405 23 355 384 122 391 545 13 393 409 36 425 481 16 481 501 113 507 652 9 632 643 3 644 648 8 644 654 39 652 699 6 683 690 9 768 779 
7 32 13 54 49 39 110 78 81 198 90 262 394 108 377 524 86 536 645 69 552 660 
12 22 100 132 21 286 313 36 371 423 117 378 522 42 447 505 37 475 531 11 479 495 48 499 562 38 553 611 88 637 753 72 647 746 29 701 738 
14 96 32 161 38 79 131 62 186 271 103 216 351 100 276 413 38 305 351 60 325 398 11 361 376 74 398 498 34 414 458 38 474 521 13 508 524 24 546 575 17 714 736 
13 91 8 149 46 13 76 26 69 105 119 288 435 4 335 340 5 359 365 28 428 467 55 494 559 52 584 663 86 621 736 13 631 650 36 669 712 11 758 775 
11 118 9 146 117 21 171 114 188 342 88 307 429 42 328 384 71 356 441 10 584 597 16 611 635 111 612 755 75 660 747 6 766 773 
11 101 202 331 88 246 374 51 286 350 59 301 386 81 339 460 15 380 399 44 402 457 57 486 561 13 674 691 47 693 760 32 711 755 
10 103 65 211 28 124 161 44 147 200 107 220 352 19 238 260 56 368 438 115 398 553 111 502 648 33 507 544 45 552 611 
