10 55
7 93 126 246 32 197 237 8 211 222 41 284 340 69 426 511 84 522 630 2 698 701 
5 8 173 183 92 327 455 28 407 441 30 518 559 96 544 682 
8 44 20 78 43 33 94 19 54 78 10 152 164 86 338 445 23 349 377 2 523 526 58 528 610 
4 45 219 278 98 357 484 78 373 473 52 652 721 
10 30 19 63 62 24 101 21 111 140 21 174 202 3 222 226 74 340 453 9 531 543 2 580 583 19 611 635 15 657 674 
3 52 14 86 34 206 252 72 221 335 
5 109 141 278 39 209 260 48 279 341 56 567 649 22 684 715 
5 33 57 100 74 77 174 87 144 255 75 218 318 14 667 684 
4 44 117 188 63 149 241 7 362 370 61 366 448 
4 89 96 214 27 262 297 78 279 374 56 404 482 
