10 171
17 35 3 47 40 99 154 67 228 324 28 231 269 80 268 369 129 311 476 157 350 557 41 431 488 96 444 565 128 490 647 33 518 559 85 518 618 38 568 615 96 625 765 84 934 1052 62 934 1024 31 1012 1060 
16 36 176 222 2 240 243 129 332 527 95 336 462 73 353 462 35 427 474 153 508 699 18 561 580 28 661 694 74 681 786 61 734 814 93 736 898 97 782 917 68 928 1022 35 1002 1055 2 1059 1062 
16 100 7 154 67 60 154 66 61 138 113 120 280 12 183 199 103 232 352 34 276 319 76 332 446 133 447 638 73 535 625 5 588 594 94 681 821 70 781 865 145 786 970 89 786 913 13 808 823 
17 86 78 211 12 130 144 85 254 369 35 313 359 102 330 471 157 335 543 32 431 469 66 520 609 128 555 714 105 583 739 106 650 790 13 750 766 131 833 1008 73 935 1032 35 943 990 65 959 1051 18 1039 1061 
20 29 75 116 106 111 262 121 150 312 88 180 307 63 306 383 36 407 466 51 469 534 56 624 699 5 629 635 113 688 842 123 700 870 46 734 794 84 753 855 3 845 849 86 918 1044 26 921 953 37 923 967 63 954 1041 12 1038 1052 5 1051 1057 
15 106 177 310 154 352 551 144 404 602 138 439 635 119 599 773 41 751 814 119 814 968 152 844 1033 86 872 980 86 878 999 106 915 1045 55 942 1008 6 971 979 6 1013 1020 21 1018 1043 
21 34 42 96 29 44 84 78 46 153 87 113 227 27 124 159 22 193 227 35 263 319 114 326 478 123 385 587 99 441 571 22 468 498 18 549 573 143 557 721 58 635 714 26 709 741 49 738 796 25 749 782 35 904 946 54 923 994 47 988 1054 2 1054 1057 
13 124 92 279 78 177 303 27 234 271 53 255 330 148 326 525 72 385 482 105 473 607 130 475 637 97 563 690 101 606 744 65 788 873 56 927 1009 5 989 995 
16 50 8 77 105 44 190 26 47 80 139 71 263 83 201 303 41 242 299 33 497 540 131 510 703 39 570 617 99 584 710 49 584 647 97 743 853 63 764 860 131 858 1053 24 982 1019 7 1025 1033 
20 80 42 146 27 104 140 97 187 331 17 215 241 62 219 308 136 237 405 55 238 310 10 409 422 123 455 639 89 462 574 125 641 807 35 698 752 17 743 765 106 831 986 11 918 933 24 966 997 50 981 1038 19 1023 1047 18 1024 1047 15 1042 1061 
