10 294
23 101 98 214 70 131 209 38 148 190 61 171 240 115 180 307 14 199 214 121 214 349 102 230 339 112 232 352 48 254 306 119 300 432 133 337 483 99 346 454 3 350 354 111 368 493 114 443 565 16 491 508 74 526 609 129 527 669 61 607 675 95 627 731 51 668 722 6 699 706 
24 103 17 133 118 17 147 128 77 220 80 87 176 93 177 281 6 210 217 72 244 322 66 262 336 100 285 395 82 294 384 9 300 310 17 325 343 77 379 463 85 379 471 113 440 572 65 449 522 17 485 505 120 536 669 86 546 640 129 570 712 9 669 679 30 679 712 26 696 725 12 709 722 
41 9 16 26 133 19 165 38 49 89 38 91 132 48 93 145 62 105 172 87 118 215 28 119 148 50 125 182 12 156 169 40 176 220 56 178 239 48 210 260 86 210 306 18 220 239 12 233 246 37 236 276 10 283 294 42 295 340 22 298 322 87 302 398 28 319 350 86 326 419 14 332 348 37 346 385 17 355 374 66 422 493 103 464 582 23 466 491 24 482 509 84 502 594 117 520 648 51 523 578 27 530 560 82 563 656 116 578 700 31 650 683 12 667 680 15 671 688 4 674 679 18 711 730 
29 4 4 9 111 56 181 68 71 149 12 122 135 21 123 146 69 135 211 76 195 281 95 208 312 128 227 371 87 277 368 97 283 394 13 346 360 127 371 513 24 400 426 47 425 476 65 468 535 48 483 535 46 503 554 75 507 594 26 508 536 85 515 605 47 536 587 91 557 656 131 570 711 36 571 612 99 594 703 19 629 649 5 719 725 5 723 729 
36 29 7 38 10 24 35 45 36 84 66 49 123 82 88 180 79 90 172 66 109 184 59 124 189 56 130 190 14 173 189 71 176 255 57 225 284 48 229 281 31 249 284 24 256 283 43 293 341 120 318 448 120 324 461 29 329 362 64 372 443 129 381 525 104 381 498 135 400 539 115 492 614 21 523 545 45 525 575 36 546 587 10 593 604 79 608 697 36 634 674 4 672 677 44 681 728 9 689 699 3 698 702 2 706 709 6 723 730 
29 19 3 24 61 84 153 115 94 227 14 108 123 116 126 256 44 176 225 108 233 350 123 242 378 39 249 291 129 272 418 3 305 309 39 319 362 123 332 469 6 463 470 55 474 532 107 507 621 50 512 566 110 513 633 9 564 574 60 566 633 47 566 620 62 582 652 52 630 689 4 632 637 18 638 657 56 642 705 44 653 702 53 663 725 2 716 719 
28 27 43 74 6 66 73 89 66 162 113 189 315 101 240 349 92 266 372 62 275 346 22 313 338 26 332 360 77 334 418 113 358 481 111 360 483 121 362 491 72 423 502 97 443 549 20 494 516 115 545 676 5 559 565 126 561 704 20 566 588 102 598 704 68 611 688 79 628 715 22 699 722 18 705 725 5 718 724 5 721 727 2 724 727 
33 53 23 80 97 27 134 75 45 132 72 56 135 97 69 178 82 76 165 19 100 122 21 121 145 117 123 249 116 147 285 120 169 297 9 173 183 100 191 296 58 205 269 19 208 228 86 210 301 67 251 328 13 256 270 55 296 357 37 322 363 36 324 364 38 349 390 27 410 438 102 416 530 115 471 593 40 472 517 14 489 504 17 538 557 26 581 609 8 595 604 2 632 635 30 661 694 13 679 693 
25 48 38 96 119 39 175 94 63 170 47 101 154 72 122 202 103 186 295 7 205 213 97 205 313 135 243 383 41 277 321 97 327 439 64 470 545 79 476 563 73 487 569 84 490 585 46 497 548 51 510 567 129 529 670 34 548 585 83 552 642 60 585 651 26 688 719 31 689 723 4 712 717 4 722 727 
26 23 16 40 96 48 156 77 117 202 104 183 303 38 253 295 77 288 371 87 293 390 36 388 426 132 398 544 35 407 445 44 429 479 18 443 463 102 466 581 47 475 527 83 514 610 33 520 555 72 539 622 76 550 633 40 554 598 81 555 647 61 583 650 42 632 678 70 644 721 58 660 724 34 671 709 15 704 720 
