10 119
11 25 234 268 106 249 371 82 276 391 73 310 404 45 429 491 75 483 588 97 491 623 54 509 581 12 519 537 28 569 604 40 724 778 
14 15 13 31 92 106 226 74 151 250 45 212 265 107 221 375 11 259 273 53 261 346 8 272 282 29 383 420 73 423 511 31 445 484 52 709 784 44 752 816 3 780 784 
15 114 174 332 63 178 269 69 182 269 29 198 234 67 220 315 77 343 439 4 405 410 44 442 496 90 632 753 73 654 736 10 730 742 25 742 773 29 757 796 34 766 813 3 793 797 
16 85 15 151 23 234 263 47 264 334 25 282 317 69 288 391 57 360 434 25 429 460 69 485 566 73 501 589 12 571 586 100 602 725 24 648 679 20 698 724 37 770 817 37 774 820 2 817 820 
11 99 62 192 91 110 227 13 273 291 9 320 332 86 365 487 106 428 580 91 599 709 56 620 697 42 663 727 32 711 752 3 818 822 
11 81 2 115 120 54 214 52 606 677 40 614 662 72 687 771 80 705 813 69 715 808 52 726 800 48 739 799 22 789 819 3 810 814 
9 91 2 132 108 90 243 80 105 224 41 130 179 113 323 477 11 327 340 106 457 599 29 541 573 38 654 707 
11 92 40 166 110 66 205 44 86 140 114 303 441 102 365 491 117 543 689 9 583 594 38 593 650 96 602 736 19 643 666 6 798 806 
8 76 4 107 112 35 179 56 104 183 23 107 145 102 318 469 72 367 465 101 434 567 22 729 758 
13 65 32 105 127 61 213 102 122 254 37 149 201 42 253 311 84 293 407 78 369 468 58 672 742 43 715 774 62 731 818 23 772 803 7 804 813 6 814 822 
