10 108
12 30 35 71 60 107 189 15 159 179 104 279 431 118 531 683 11 650 667 118 672 818 53 714 776 20 733 762 45 740 796 30 759 799 35 766 810 
11 9 30 43 78 72 175 67 311 398 99 319 449 131 525 689 70 564 664 102 631 776 35 634 674 65 667 752 2 739 742 4 819 824 
8 101 52 174 105 247 410 4 297 302 95 302 451 83 432 548 46 538 597 13 549 566 73 697 791 
15 19 33 58 44 48 101 81 173 280 56 240 325 23 256 287 29 296 336 122 296 451 77 439 531 9 520 531 13 525 540 73 531 633 110 582 718 13 744 760 18 777 799 9 789 799 
9 93 75 193 41 81 138 56 367 447 65 448 539 51 481 558 55 540 621 69 567 664 109 582 714 37 722 769 
13 100 85 203 3 113 117 89 163 292 17 273 294 147 346 510 93 380 503 83 412 515 67 435 522 43 452 504 17 708 732 54 724 800 26 762 794 15 777 796 
10 92 187 306 105 221 381 71 350 440 111 427 577 112 436 596 32 509 550 52 664 733 8 675 685 20 731 755 46 741 802 
7 3 18 22 84 25 165 104 95 230 23 182 212 107 433 589 113 479 631 26 569 604 
11 69 36 129 137 46 199 48 56 115 97 74 208 92 87 201 69 369 465 30 391 429 76 436 534 61 559 648 54 568 641 18 803 824 
12 85 1 100 16 27 47 25 407 440 113 451 587 86 463 572 114 507 652 33 564 603 41 619 673 123 669 824 43 709 768 39 736 782 37 764 819 
