10 73
7 24 75 129 78 169 291 28 353 415 57 450 540 19 517 553 19 563 604 40 643 705 
7 94 21 171 2 62 65 53 112 209 73 360 488 43 366 439 59 421 511 44 558 613 
7 55 4 128 23 160 204 61 336 426 20 439 466 18 521 547 59 526 638 16 752 778 
11 27 134 195 18 254 290 52 330 403 10 403 420 29 428 469 11 491 508 64 529 612 27 574 607 50 678 764 47 683 768 7 786 798 
7 53 27 104 89 110 212 84 134 265 4 209 215 64 294 424 116 403 529 62 688 791 
5 68 482 572 84 510 633 70 538 676 91 618 763 14 638 669 
8 43 72 138 50 114 197 39 305 369 108 376 504 107 561 719 3 619 623 75 656 780 14 758 776 
5 78 38 183 19 146 177 50 168 238 46 293 366 54 493 636 
11 5 61 71 29 126 168 112 225 380 9 401 415 47 516 584 27 536 587 16 617 636 27 626 680 56 688 787 13 760 786 13 771 787 
5 72 16 170 98 62 183 33 73 131 79 176 309 14 239 268 
