10 108
11 24 57 83 21 65 88 30 109 142 56 137 199 8 180 189 30 184 218 44 219 268 46 249 301 14 277 292 4 288 293 4 300 305 
15 51 46 103 7 66 74 23 135 159 35 141 178 29 142 173 17 157 175 34 160 197 33 167 205 40 190 235 3 236 240 21 257 280 7 300 308 4 306 311 2 308 311 3 310 314 
6 37 8 49 50 71 127 53 106 164 55 109 171 48 140 193 44 160 209 
10 35 63 102 3 73 77 43 94 144 34 175 212 43 205 253 55 227 287 49 232 286 7 275 283 14 277 292 9 280 290 
8 42 72 119 40 74 120 42 86 130 48 149 200 51 164 222 17 167 186 26 175 202 53 206 265 
14 45 48 98 53 77 135 13 83 97 27 88 118 19 98 118 39 111 153 40 148 192 21 153 176 16 177 194 8 202 211 25 210 237 28 258 288 18 262 281 14 296 311 
9 26 9 37 43 11 59 34 19 56 45 52 104 43 111 159 44 117 167 20 170 192 49 232 284 6 303 310 
11 43 27 74 37 90 129 4 101 106 49 168 223 45 193 243 53 219 276 36 223 262 6 260 267 25 263 291 7 282 290 12 294 307 
13 44 0 50 26 16 44 7 20 28 25 32 61 39 112 155 29 148 180 5 155 161 42 184 230 39 201 243 26 227 255 4 267 272 22 276 300 4 295 300 
11 22 43 66 20 44 65 44 76 125 34 87 125 13 148 162 51 158 215 38 190 234 16 209 227 22 224 247 47 235 285 6 305 312 
