10 446
47 20 9 31 153 11 181 31 15 49 149 37 207 108 45 165 35 48 87 59 53 120 125 85 220 16 93 110 21 106 130 138 120 273 137 137 291 18 168 188 135 173 319 84 178 270 103 192 302 127 195 339 71 198 274 40 200 245 7 211 219 117 234 365 28 244 275 7 250 258 150 335 497 134 335 481 68 344 420 130 381 522 162 384 558 65 403 472 44 428 478 85 505 601 5 533 539 141 540 690 22 542 566 71 573 650 56 586 649 133 645 800 72 670 748 54 676 733 46 679 729 38 742 787 38 823 866 31 837 872 12 850 863 15 856 872 7 865 873 2 866 869 
47 80 7 96 26 7 36 75 14 97 81 31 123 75 35 118 143 38 195 81 39 129 76 61 144 52 80 136 3 85 89 71 116 199 133 123 266 36 153 193 27 176 205 16 197 214 85 235 327 160 280 449 23 312 336 132 313 460 124 317 451 82 323 415 41 355 400 73 389 471 73 443 520 40 478 521 43 479 527 118 486 620 107 487 602 18 501 520 102 507 622 83 508 598 3 520 524 105 524 635 72 532 615 116 562 686 133 579 731 57 581 642 6 604 611 146 631 788 2 651 654 26 717 746 95 730 837 119 739 871 104 744 862 52 748 806 13 849 863 2 861 864 
51 101 2 116 65 43 115 67 56 130 39 66 108 53 78 135 21 80 103 86 88 187 22 161 186 36 170 209 102 176 293 146 179 343 43 193 239 50 232 287 54 252 311 78 261 347 148 271 433 85 287 379 56 307 366 104 310 430 81 310 397 17 320 338 158 321 491 102 324 440 138 382 533 56 387 447 49 399 453 119 417 548 122 437 573 33 442 479 119 453 586 73 455 538 18 493 512 59 494 560 80 497 586 142 576 728 44 580 627 82 584 679 43 643 689 57 665 728 4 676 681 128 694 828 23 722 747 39 753 794 6 756 763 64 771 838 72 773 851 29 793 825 21 799 822 37 803 844 24 829 854 5 866 872 
46 91 29 131 146 61 221 107 75 195 140 95 249 109 105 229 81 124 212 36 133 172 47 158 208 153 165 333 121 174 305 25 177 205 4 205 210 154 251 421 58 255 318 28 271 302 21 276 299 114 281 411 112 299 422 38 336 377 75 343 426 71 367 443 38 392 434 77 402 486 49 419 473 64 462 533 72 468 549 36 473 512 4 495 500 141 502 663 99 538 651 116 554 685 58 615 679 57 671 730 22 671 695 140 683 837 85 694 792 97 699 807 17 708 726 119 724 855 101 740 845 53 795 856 22 812 836 15 822 838 12 851 865 7 855 863 7 865 873 
49 92 27 128 2 33 36 44 36 85 4 72 77 90 74 174 72 88 170 90 111 207 136 118 270 22 135 159 149 148 308 83 161 254 32 172 207 101 174 287 53 187 245 66 229 299 27 247 276 72 260 340 17 279 297 104 297 415 16 333 351 53 346 403 25 347 375 19 349 369 139 373 532 140 385 542 42 389 434 64 411 483 83 417 509 142 427 588 21 432 455 57 467 529 98 489 598 47 526 578 107 532 653 150 536 705 137 583 736 39 608 650 45 632 682 9 644 654 59 659 720 153 673 838 85 693 786 39 698 739 21 715 738 92 725 824 28 802 832 32 806 842 8 845 854 17 849 867 
41 25 30 56 118 32 161 120 43 175 94 59 162 5 67 73 91 105 211 140 185 340 110 200 325 67 211 285 50 227 280 154 228 402 46 253 306 117 286 409 157 342 513 144 345 498 27 369 399 71 381 460 138 387 543 86 407 504 29 408 439 21 452 475 110 453 574 97 469 577 25 481 508 70 504 583 115 541 666 108 587 705 86 598 695 100 601 710 86 632 726 148 638 808 9 641 651 34 642 680 110 675 798 98 700 813 96 727 831 41 749 795 36 756 796 20 782 804 6 809 816 8 864 873 
42 61 5 77 54 19 79 40 97 142 86 99 189 114 123 252 57 125 188 85 155 246 150 194 359 136 214 370 124 260 401 9 264 274 24 272 298 123 282 422 64 302 375 151 307 469 69 322 402 31 324 357 147 355 510 12 372 385 151 396 555 93 415 521 120 422 558 9 423 433 16 450 468 75 453 532 33 472 507 33 499 537 95 500 602 87 507 604 155 519 689 61 521 589 129 522 665 134 535 676 89 577 673 78 625 713 89 627 722 126 664 807 86 668 764 62 675 741 88 685 781 12 799 812 2 869 872 
38 109 3 122 11 13 25 144 32 179 86 47 141 90 77 176 144 90 249 107 103 226 78 108 196 8 139 148 150 152 322 27 185 215 97 199 308 50 215 270 132 253 401 140 358 510 117 370 503 5 388 394 125 398 530 149 402 574 109 404 526 147 419 580 89 424 519 72 431 511 114 445 571 94 478 585 37 494 535 67 518 594 80 561 650 14 610 625 33 640 677 40 648 693 96 675 778 150 677 846 146 690 856 14 698 713 26 837 865 4 858 863 7 862 870 
36 153 29 195 15 32 48 68 93 168 154 99 269 99 116 221 45 173 222 73 180 261 138 228 376 53 291 350 101 298 411 77 338 427 75 371 458 115 388 514 69 398 475 13 432 447 62 434 500 12 439 452 154 496 666 151 511 679 140 512 666 26 516 545 22 538 562 138 547 708 80 553 642 123 558 697 87 601 699 141 639 797 128 696 834 145 697 858 116 721 851 93 722 831 77 766 849 21 830 853 35 832 872 22 839 864 4 853 858 
49 89 15 111 63 46 116 133 118 264 60 128 193 56 132 194 53 141 199 84 167 265 102 172 281 91 182 279 23 270 298 36 277 318 33 321 357 10 339 350 11 361 373 123 373 508 7 375 383 120 400 530 38 432 474 67 435 511 5 445 451 14 469 484 155 486 656 75 501 583 66 503 580 50 503 557 40 514 557 73 548 628 101 549 663 153 556 724 125 563 700 109 566 684 26 570 597 160 573 746 150 573 744 57 583 645 53 613 670 133 627 774 64 646 718 68 649 721 17 709 727 91 722 826 122 738 872 82 740 832 53 743 802 70 789 866 27 802 830 10 815 826 9 832 842 17 845 864 
