10 439
43 60 25 91 153 91 260 117 114 247 67 154 225 28 159 191 9 160 170 59 164 227 121 164 295 42 201 247 42 231 278 23 238 267 144 262 418 93 302 414 20 307 329 69 309 387 143 312 477 54 315 374 78 333 416 57 356 417 139 367 516 30 400 434 47 451 503 116 463 594 153 498 666 130 536 676 22 545 569 132 588 736 48 632 685 4 654 659 5 666 672 69 666 740 131 678 824 27 682 712 87 744 845 43 745 791 143 756 917 73 780 864 76 785 870 38 797 839 97 809 913 3 831 835 47 831 885 21 879 902 
47 139 36 186 28 84 114 32 102 136 70 108 186 20 115 136 142 135 294 41 162 209 131 184 331 6 209 216 8 233 242 161 259 443 94 286 391 134 294 439 16 313 331 26 336 364 92 390 491 118 391 529 166 403 587 51 404 460 12 418 431 152 423 594 77 443 527 151 474 639 125 479 618 119 487 621 39 510 550 41 540 585 85 560 651 26 565 593 89 583 679 49 585 638 93 618 716 29 620 652 47 644 696 157 692 861 62 698 766 29 721 752 4 763 768 111 774 900 92 782 885 16 808 825 93 814 917 83 822 916 43 866 913 22 875 899 6 897 904 5 911 917 
45 152 22 186 9 22 32 88 33 130 49 61 115 31 62 96 145 85 245 84 88 180 42 93 140 10 142 153 17 148 167 66 158 232 38 172 215 44 194 244 85 213 308 102 252 367 156 300 475 113 307 429 123 333 475 24 345 371 150 362 527 145 418 579 41 460 505 52 462 519 8 486 495 102 524 636 135 552 697 155 566 736 121 593 725 48 652 705 4 652 657 127 672 810 117 690 816 129 693 836 12 700 714 164 704 878 147 735 898 85 751 842 44 790 839 48 803 858 59 807 873 62 822 888 51 844 898 59 848 912 19 890 911 5 913 919 
40 134 0 152 117 0 130 44 27 75 17 29 47 89 31 136 67 46 119 23 75 101 106 75 196 133 105 250 67 141 215 30 159 191 113 161 284 22 188 211 35 189 226 159 214 387 45 290 341 6 390 397 153 392 555 160 405 578 141 486 644 22 500 524 9 509 519 61 514 581 82 520 611 24 542 569 115 567 688 38 570 612 22 582 605 138 627 781 118 653 782 149 659 827 110 683 805 121 689 829 98 703 810 136 740 899 97 746 855 75 778 862 93 807 906 54 811 871 4 856 861 
50 2 11 14 69 26 103 63 51 123 97 52 157 75 63 151 156 67 236 4 70 75 26 73 101 55 89 148 69 92 167 79 107 196 144 107 262 92 108 214 20 127 149 24 201 228 82 238 330 161 254 431 55 273 332 102 285 397 100 330 443 168 339 522 102 342 451 24 351 377 20 357 379 106 372 487 34 383 421 86 433 526 100 454 566 48 457 507 104 521 636 94 540 645 160 562 739 112 598 716 57 618 680 104 627 741 71 651 727 109 655 774 83 711 801 171 718 900 9 757 767 63 786 856 17 795 813 47 798 850 8 799 808 41 800 844 39 870 913 10 871 882 4 885 890 11 889 901 16 901 918 
44 122 8 146 8 15 24 15 21 38 26 52 80 55 85 144 126 118 252 166 126 303 24 142 168 144 142 299 72 192 274 63 197 268 39 246 288 78 262 351 68 283 360 162 302 475 114 330 456 104 363 475 19 411 431 6 417 424 146 418 578 139 465 614 22 466 490 105 490 605 143 491 652 134 529 679 8 543 552 148 581 743 107 591 715 121 597 727 125 609 745 122 652 781 30 696 728 152 714 879 147 753 917 146 753 917 118 773 905 8 808 817 56 810 871 29 839 870 27 867 897 10 900 911 9 909 919 11 909 921 4 916 921 
42 89 2 100 110 53 173 124 118 251 151 144 305 16 152 169 164 160 344 129 173 317 73 210 290 164 218 393 19 224 245 140 231 391 21 265 288 106 269 393 83 322 416 9 345 355 29 361 393 12 395 408 36 410 450 159 421 600 42 438 481 82 456 549 139 470 625 103 503 619 82 518 605 37 534 574 81 557 646 115 611 735 37 669 709 48 698 752 51 708 764 139 709 866 130 735 876 99 741 853 103 788 902 107 797 914 68 803 881 4 808 813 18 826 845 44 836 885 5 837 843 5 866 872 4 915 920 
42 95 17 120 84 18 112 24 20 46 98 42 150 160 81 254 132 103 243 156 129 298 45 147 195 71 171 251 127 187 328 79 188 272 42 189 235 113 191 314 6 241 248 139 259 420 150 265 430 103 278 390 86 305 403 174 348 531 50 357 414 68 374 450 25 438 465 48 479 533 2 486 489 117 510 640 60 568 634 140 580 735 165 581 759 72 599 680 103 606 720 34 648 684 28 677 707 94 695 799 91 714 812 129 758 904 73 770 855 109 792 911 35 807 845 20 817 839 33 825 861 54 857 919 5 876 882 
45 37 87 128 141 106 267 9 106 116 141 109 268 97 127 229 160 165 341 70 166 244 35 170 208 162 171 352 122 180 309 157 194 359 57 213 278 9 222 232 151 251 427 155 279 453 94 323 426 102 333 447 64 344 415 158 371 543 45 387 438 117 431 564 130 434 582 128 442 587 76 503 586 17 507 525 29 557 588 78 574 659 72 601 684 16 625 642 156 626 796 5 675 681 40 728 771 27 740 769 7 772 780 41 785 828 102 796 911 23 815 840 7 831 839 56 840 900 7 868 876 22 882 906 9 882 892 23 893 918 8 901 910 9 903 913 
41 43 26 74 62 39 107 147 64 226 157 110 275 163 111 291 114 111 231 75 112 194 77 189 275 143 251 414 68 257 328 102 304 418 146 335 497 77 339 422 92 392 496 151 424 585 61 436 504 49 477 531 146 478 638 23 490 515 168 504 685 75 510 596 74 524 604 65 526 599 31 585 619 5 590 596 128 607 747 46 618 669 8 622 631 152 625 802 60 684 750 88 737 835 67 758 831 55 772 833 57 772 835 101 788 902 73 797 880 75 815 900 4 845 850 62 853 919 4 887 892 2 919 922 
