10 176
15 116 13 179 19 79 99 62 131 204 10 195 208 39 232 284 99 307 474 127 318 472 119 363 522 31 494 537 143 496 680 135 511 676 71 535 627 30 573 618 85 627 739 11 798 811 
18 55 37 106 63 38 128 134 55 236 42 172 239 118 280 438 72 291 380 9 330 343 14 351 371 35 468 519 127 609 758 99 620 749 108 660 788 21 688 717 116 690 832 62 755 836 80 795 904 31 835 877 13 892 909 
20 137 5 181 134 25 180 79 59 172 60 127 204 68 146 225 38 160 215 88 269 393 76 276 374 64 448 531 23 450 482 55 453 522 75 555 647 51 585 654 140 623 803 14 640 658 52 838 911 44 841 898 21 892 918 10 900 912 3 915 919 
17 29 47 84 117 82 243 81 259 369 115 308 464 15 351 370 80 391 480 93 406 521 5 431 438 126 455 622 115 488 650 61 489 583 71 535 630 146 595 757 106 737 873 37 789 837 20 838 863 5 905 911 
20 18 72 96 58 172 254 121 222 386 29 281 315 123 327 472 94 427 569 16 432 454 114 461 599 17 478 501 56 479 548 70 518 620 52 562 648 93 577 688 94 765 900 77 784 889 34 842 886 8 851 862 16 872 894 8 907 916 2 910 913 
17 60 81 168 53 160 233 107 163 295 116 189 344 102 243 375 120 349 500 32 361 401 119 436 587 11 522 536 140 564 729 28 596 641 118 630 770 124 676 834 104 783 912 43 827 883 12 861 875 13 875 891 
15 102 60 208 105 63 204 33 105 150 73 134 230 77 164 273 6 167 174 7 188 196 47 302 359 69 416 513 98 580 705 107 629 797 82 662 760 78 687 797 48 722 783 122 770 916 
19 37 37 83 62 39 119 26 153 186 104 213 343 117 228 398 102 245 369 141 341 522 30 382 428 80 401 500 76 431 532 17 464 488 41 552 607 40 564 618 131 631 802 67 654 742 143 683 867 6 763 770 63 834 915 26 883 918 
20 62 47 126 43 57 120 127 120 290 84 237 351 16 283 303 24 335 366 92 382 508 135 448 599 70 493 577 50 503 557 4 512 517 111 540 679 18 611 634 70 618 705 69 620 707 32 628 680 157 643 812 121 671 829 40 739 797 135 749 915 
15 82 126 243 130 150 331 96 174 299 97 191 307 36 207 252 33 256 297 9 259 271 61 369 446 110 421 569 141 484 649 80 553 664 90 579 688 58 619 696 75 784 905 72 786 891 
