10 119
14 43 42 113 28 87 134 56 182 263 40 222 276 70 240 346 93 247 396 6 249 256 58 457 549 80 601 737 65 672 748 43 769 884 12 852 869 10 890 905 21 902 930 
15 37 214 279 38 258 308 52 284 365 90 315 455 42 326 414 71 356 478 51 444 527 80 461 583 6 478 485 15 590 615 27 653 695 6 782 793 10 789 812 43 820 911 13 847 868 
11 91 3 159 114 19 167 85 92 238 109 167 317 111 390 566 134 528 702 16 616 647 12 712 735 28 778 818 17 784 813 20 795 827 
10 65 131 225 19 177 222 65 327 422 88 366 506 88 388 545 88 400 515 17 408 439 100 616 786 66 642 765 10 756 771 
12 68 194 334 8 249 261 30 276 347 31 290 337 135 308 484 79 327 483 127 347 527 41 377 436 18 437 480 36 706 770 40 835 896 7 922 932 
10 81 70 176 50 233 333 31 317 362 115 319 503 40 323 399 68 405 493 55 447 571 108 510 681 4 605 612 31 807 858 
10 15 157 179 6 190 198 99 215 344 60 303 438 54 437 541 81 508 627 85 626 794 76 664 793 26 776 822 17 905 937 
16 42 29 82 63 32 158 5 41 51 50 113 185 25 232 280 26 243 299 10 249 263 9 443 456 12 528 562 17 529 556 79 595 696 17 718 758 98 767 918 55 795 891 82 823 938 25 845 879 
12 49 56 143 65 93 199 82 255 379 99 287 423 75 364 501 39 399 464 13 467 492 53 604 702 55 701 813 26 877 918 8 895 914 3 928 932 
9 122 177 352 91 333 463 66 347 470 4 448 454 115 628 804 60 633 711 88 709 890 84 738 898 6 871 882 
