10 117
12 9 81 92 19 107 129 96 127 240 105 220 370 14 253 269 78 431 546 84 438 554 71 643 754 32 680 724 39 701 747 20 711 737 3 798 802 
8 85 83 211 82 153 272 76 371 482 106 497 631 116 502 636 23 512 544 61 525 595 38 692 743 
11 72 71 161 108 78 216 27 218 253 50 514 579 78 518 609 13 530 545 89 531 643 87 558 676 83 677 795 30 742 785 33 749 789 
8 86 40 180 36 270 319 98 344 488 55 555 625 33 563 614 113 567 716 58 713 787 5 784 790 
13 66 36 125 21 41 66 42 77 132 7 113 121 28 248 283 105 262 386 52 311 377 19 345 373 10 348 363 64 349 438 55 395 462 88 615 731 72 623 721 
14 56 14 85 112 80 229 111 160 294 9 341 352 98 396 533 25 434 469 37 475 518 31 535 578 120 557 700 48 563 623 29 609 645 8 670 679 37 693 745 17 736 758 
13 20 55 78 119 60 213 26 84 118 116 84 233 10 127 139 75 290 379 26 333 367 108 445 594 86 581 697 60 666 752 24 748 781 27 759 797 5 765 771 
13 13 74 90 70 102 204 45 124 177 34 134 186 120 263 414 24 378 414 105 384 510 5 458 464 89 622 736 67 665 751 53 710 785 2 787 790 7 789 798 
9 31 164 203 84 168 277 89 173 297 52 385 457 53 467 545 93 481 608 10 483 497 66 539 626 97 590 705 
16 9 42 53 117 76 214 18 194 220 57 200 272 8 218 228 96 277 417 5 422 428 13 427 443 17 430 456 57 491 561 30 594 633 20 610 633 72 634 718 90 672 793 27 744 779 27 759 795 
