10 179
15 101 57 198 104 66 222 39 237 290 127 299 473 127 299 467 33 314 359 119 317 490 16 320 340 86 442 544 15 460 481 81 542 660 47 637 701 64 753 828 24 816 851 7 841 850 
14 128 118 280 106 293 421 83 298 409 24 299 334 125 311 461 9 430 442 42 489 542 138 500 666 8 513 524 88 532 649 97 606 744 125 645 809 116 701 872 37 798 846 
19 103 107 255 40 124 177 80 170 273 68 194 294 59 275 367 11 287 302 68 428 509 47 457 528 4 460 465 26 471 510 32 511 556 97 569 691 104 575 711 61 596 683 113 598 740 25 664 692 40 760 806 7 803 812 15 813 831 
21 74 22 116 106 100 230 35 125 171 21 187 212 55 407 477 85 428 538 40 447 501 100 452 597 41 452 509 125 485 640 22 616 645 56 621 701 58 623 709 57 629 702 70 637 736 54 677 749 15 740 758 34 741 786 50 794 855 7 861 870 2 870 873 
13 70 124 217 77 192 287 127 239 393 112 312 472 112 431 596 65 437 522 117 456 629 19 491 516 135 685 844 49 686 756 27 703 740 68 757 846 43 762 821 
16 96 56 190 42 87 146 36 89 136 126 169 326 115 279 429 52 280 362 124 336 492 12 349 362 77 373 485 116 435 580 128 521 692 50 777 850 47 806 871 31 815 855 36 829 872 5 844 850 
19 55 19 102 96 20 169 95 153 290 83 225 338 18 236 257 54 269 330 95 317 434 8 323 332 67 397 484 100 478 598 36 508 555 57 565 640 42 660 722 89 667 768 61 710 788 49 712 775 44 780 845 8 808 819 12 846 863 
18 113 22 152 80 41 152 126 94 267 37 121 172 99 136 269 29 164 199 58 179 258 36 344 395 20 346 371 116 368 519 122 409 575 15 465 490 44 478 533 68 661 761 29 798 839 20 842 867 4 863 868 4 868 873 
24 31 1 43 51 6 85 8 23 32 6 56 66 19 127 150 94 129 258 83 243 350 43 248 302 34 291 334 99 321 458 113 357 504 40 390 447 9 492 503 65 520 619 4 534 539 36 583 628 28 616 650 75 632 732 61 782 859 48 785 856 29 805 841 19 840 867 6 862 870 3 866 870 
20 39 86 140 34 205 253 12 208 222 43 215 280 108 215 359 35 221 270 80 229 338 61 275 353 63 327 407 49 374 437 71 381 489 5 427 434 8 435 444 56 484 561 20 560 585 109 566 713 80 671 787 9 724 734 18 728 750 22 766 799 
