10 125
10 14 5 39 14 109 132 17 163 188 56 174 265 15 197 226 24 245 295 73 289 450 66 574 696 110 673 852 53 788 888 
12 62 29 187 10 58 73 18 175 201 45 181 251 55 361 430 25 429 465 19 586 631 55 621 734 61 632 714 71 662 783 80 702 829 17 770 796 
11 64 32 186 42 89 181 88 323 468 84 348 476 41 501 566 55 578 674 102 669 796 41 675 746 118 726 893 12 838 859 8 883 894 
16 41 48 120 28 171 216 22 261 296 26 299 343 5 319 328 77 483 595 13 500 522 50 551 630 46 576 670 70 599 702 13 717 741 63 758 869 49 776 866 44 815 884 11 833 853 8 887 900 
13 25 87 137 57 171 266 68 227 333 24 284 329 9 356 371 49 395 490 16 424 450 51 495 597 8 571 584 28 577 627 97 597 767 32 768 821 5 813 821 
13 8 53 64 123 97 251 78 126 267 69 134 260 16 150 180 69 150 259 99 262 400 92 380 538 3 552 556 29 659 708 23 826 873 5 826 832 12 840 857 
10 99 20 180 53 163 259 18 380 421 100 432 586 114 460 638 16 495 524 82 525 658 23 755 802 53 759 850 13 856 873 
11 86 377 529 11 385 411 32 429 479 19 508 545 39 519 576 49 562 643 82 606 721 103 664 806 59 738 871 65 739 857 3 868 873 
18 13 14 36 22 111 145 30 143 209 75 189 297 2 228 231 34 327 377 107 334 497 24 385 428 27 411 459 49 436 512 76 438 597 7 522 533 7 539 549 29 575 623 5 636 643 20 808 841 5 883 890 4 889 895 
11 112 0 152 60 58 183 58 150 282 116 325 493 73 420 519 2 434 437 16 515 548 147 588 748 108 632 808 30 747 803 52 793 864 
