10 109
10 76 175 255 122 211 347 94 245 347 23 256 282 68 281 355 96 316 418 49 351 407 52 445 503 117 542 675 12 686 700 
14 66 15 89 123 49 180 17 93 111 20 172 195 58 184 246 115 236 361 47 281 332 60 316 381 19 365 385 93 438 544 56 461 521 73 534 614 12 704 717 3 712 716 
13 52 68 124 28 78 107 80 109 195 4 143 148 81 221 310 111 355 480 76 419 504 93 473 580 39 512 554 114 547 675 34 576 613 2 602 605 4 707 712 
11 60 33 98 52 88 144 110 103 226 23 270 295 96 325 435 84 370 460 22 417 440 97 498 603 97 534 642 42 663 711 4 713 718 
9 92 20 125 126 137 274 110 321 446 71 352 430 37 421 462 91 562 667 42 611 658 61 648 716 27 692 721 
13 45 9 58 73 222 305 61 281 348 10 314 325 53 373 435 39 455 497 39 468 510 71 473 554 18 541 560 69 556 633 25 586 612 106 600 716 59 657 722 
8 66 82 157 108 127 241 129 221 362 96 277 386 124 456 588 120 479 610 51 605 662 98 608 718 
11 122 62 199 56 76 140 98 130 234 75 161 245 86 204 298 95 205 309 37 227 266 115 380 504 5 578 584 44 606 653 39 634 676 
11 92 6 109 90 132 233 81 187 279 68 200 273 59 203 264 52 203 259 25 242 270 23 245 271 106 302 421 38 391 432 41 580 627 
9 73 130 213 117 182 313 69 214 290 44 246 295 81 318 406 76 465 547 83 467 560 58 468 533 81 620 710 
