10 172
17 115 60 215 6 112 119 38 122 166 68 122 211 109 200 347 98 275 405 106 327 466 26 336 370 58 352 425 75 386 474 38 423 473 13 515 533 97 520 653 88 659 767 60 672 750 47 688 752 39 723 773 
16 3 140 144 100 182 317 10 211 225 18 211 234 28 215 250 101 245 364 4 438 443 31 475 525 94 478 594 66 482 588 70 509 620 109 535 666 75 613 712 87 657 777 82 664 800 66 683 772 
19 66 12 100 17 55 79 113 96 253 18 161 186 107 212 342 145 293 447 53 328 406 27 362 392 33 409 456 80 489 586 112 502 626 84 525 655 38 558 612 24 565 595 71 575 671 17 578 599 107 630 770 30 780 819 5 809 815 
20 26 43 75 120 128 288 35 129 175 112 129 262 40 157 214 63 232 317 45 283 344 32 350 397 14 353 372 108 355 497 37 363 414 24 411 439 20 457 482 137 471 631 65 565 651 37 575 629 6 593 600 38 661 716 40 742 802 11 746 760 
10 21 299 324 127 396 546 95 431 553 103 491 630 92 495 629 114 524 686 83 558 678 90 668 807 89 699 818 35 745 797 
19 110 4 146 59 22 108 98 231 353 9 283 294 60 348 427 26 374 413 81 381 493 29 423 462 114 452 605 54 454 521 51 561 626 65 581 671 121 654 815 61 660 730 41 681 740 11 717 732 9 761 772 5 784 790 5 789 796 
16 18 25 48 61 58 133 100 100 232 46 208 268 45 239 293 55 295 370 135 351 512 16 366 386 82 426 531 50 439 517 106 444 598 27 538 571 116 567 721 79 607 703 77 624 722 10 713 727 
23 44 17 84 103 77 216 58 80 149 2 87 90 10 149 162 115 186 338 12 211 225 15 231 251 40 239 298 58 242 330 49 285 364 14 309 329 26 313 346 21 323 350 29 329 370 22 367 394 96 373 487 44 462 514 105 471 617 15 545 563 39 589 643 10 792 806 3 813 817 
15 8 95 104 83 108 215 119 112 273 44 177 251 84 218 323 115 227 382 64 414 493 5 516 522 92 527 656 15 528 547 77 603 713 102 679 812 81 698 794 46 704 770 2 814 817 
17 37 24 68 111 39 191 15 113 134 119 129 285 32 137 183 27 165 206 12 219 236 77 320 411 84 349 463 87 412 521 74 444 550 72 449 545 12 497 512 55 532 605 8 540 550 100 653 786 63 700 773 
