10 275
28 91 43 148 133 47 194 11 63 75 29 112 143 38 135 177 6 154 161 14 221 236 31 275 310 53 289 349 107 312 432 107 339 457 135 413 561 129 490 633 57 511 573 148 529 690 130 538 685 134 583 736 55 607 667 58 647 713 16 676 694 27 687 717 83 711 803 67 740 813 30 778 813 11 799 811 6 802 809 12 808 821 8 813 822 
25 73 20 104 139 33 190 66 40 114 73 43 125 102 118 232 9 138 148 45 187 239 36 195 235 112 236 360 95 254 355 59 255 321 126 328 467 116 340 461 101 358 471 31 398 433 59 423 486 144 462 623 49 482 533 156 487 651 57 493 555 19 496 517 91 508 614 116 574 698 31 686 719 39 775 816 
24 152 10 173 133 22 162 68 68 143 105 104 219 80 211 298 96 222 331 33 223 260 154 230 392 109 327 450 106 366 489 86 370 465 129 449 590 83 519 609 65 579 650 93 614 717 123 627 766 36 632 672 72 637 716 66 650 726 9 675 685 21 779 803 13 781 795 3 797 801 3 810 814 
24 42 21 67 8 25 34 18 25 45 17 49 67 17 80 98 116 107 235 54 119 181 111 167 293 54 236 297 77 244 330 96 267 372 97 277 384 108 286 405 62 365 436 103 408 519 86 537 635 25 549 576 111 588 707 110 589 711 152 595 759 129 629 779 10 677 688 41 698 744 50 739 796 
25 107 0 122 51 22 77 82 35 127 108 67 184 41 107 153 38 110 154 137 156 301 109 158 276 123 160 294 96 256 362 147 267 424 147 272 434 7 316 324 77 338 422 128 385 526 89 455 551 70 490 567 110 511 633 55 576 640 10 604 615 108 646 760 98 682 789 31 701 734 8 714 723 3 819 823 
28 89 61 161 89 110 204 128 146 290 141 166 324 26 182 211 9 194 204 90 206 307 140 286 448 57 306 369 9 374 384 103 384 497 42 389 435 6 389 396 73 444 523 21 475 497 97 498 602 76 504 590 11 557 569 86 562 655 79 593 685 113 611 737 115 653 780 70 667 741 13 711 725 24 725 751 51 765 820 23 786 811 2 820 823 
31 41 20 64 107 36 154 21 72 96 60 86 155 131 95 244 43 150 197 56 198 262 44 271 321 123 312 444 38 394 437 14 429 444 126 432 572 112 442 565 50 462 518 77 463 550 82 483 573 105 524 640 139 534 684 51 536 592 121 550 684 58 573 637 28 626 655 103 646 763 4 664 669 54 666 723 84 728 818 17 780 798 26 781 808 11 789 801 11 800 812 8 814 823 
37 3 44 48 3 65 69 73 94 170 19 109 130 5 121 127 103 132 245 27 162 192 88 184 275 136 212 363 60 248 311 93 268 367 44 276 326 137 284 437 117 289 417 13 319 333 3 326 330 42 353 400 81 391 481 74 446 529 146 458 612 55 565 627 53 571 627 117 587 717 69 597 675 5 632 638 63 633 704 136 647 798 15 653 670 145 665 819 3 673 677 32 702 737 43 754 801 12 762 775 10 776 787 14 787 802 3 807 811 2 820 823 
23 42 12 58 105 42 162 126 90 234 85 104 198 55 104 164 143 130 290 108 138 252 83 161 255 110 180 305 138 229 380 142 241 398 134 355 501 15 525 542 71 535 616 90 582 679 141 585 740 15 586 603 17 603 622 14 647 663 103 687 802 21 724 747 39 764 806 8 802 811 
30 70 3 85 20 21 42 60 27 92 9 28 38 2 62 65 64 93 165 137 111 261 102 124 235 22 133 158 81 174 262 111 212 334 63 252 320 76 266 347 58 314 379 49 359 413 89 362 461 35 369 409 2 391 394 86 398 497 77 448 531 135 467 615 59 509 575 135 518 663 47 529 582 81 536 629 25 638 666 9 642 652 26 762 790 45 767 817 8 788 797 
