10 105
13 25 18 63 41 23 93 58 100 179 3 144 148 3 237 241 6 282 295 52 311 389 44 314 391 12 345 365 5 349 355 27 358 400 3 378 384 5 392 399 
10 28 32 78 52 59 133 21 79 109 32 189 237 38 257 333 5 274 282 27 321 377 3 341 346 13 374 393 12 376 395 
10 31 8 48 17 58 81 34 167 229 44 185 251 41 210 270 19 249 279 10 250 264 18 283 318 27 329 382 20 367 395 
11 20 10 42 5 27 36 22 32 79 14 47 71 26 60 93 14 92 118 18 140 168 26 177 222 23 225 265 37 326 385 30 344 392 
11 8 40 50 27 59 104 12 66 84 20 69 96 31 203 267 8 221 232 40 249 317 34 272 316 10 288 305 41 326 399 2 397 400 
9 9 62 75 34 72 131 41 108 184 20 113 142 36 191 250 49 210 282 23 316 358 36 318 364 12 374 393 
10 8 32 53 26 44 87 5 68 74 35 81 137 39 86 162 16 118 141 50 189 262 21 210 251 8 352 366 3 391 395 
12 41 45 103 23 58 101 3 69 73 13 88 110 14 207 232 22 212 255 20 244 273 34 253 295 28 260 302 7 266 275 10 325 347 24 342 391 
10 14 17 36 28 61 99 5 111 117 23 118 163 26 210 247 45 241 319 22 246 290 42 324 397 31 347 394 4 367 373 
9 42 37 101 30 42 84 46 126 191 32 135 181 22 216 254 21 246 279 51 247 319 36 273 332 23 349 383 
