10 75
6 64 288 393 21 351 379 25 406 448 68 615 751 16 633 665 97 658 806 
7 71 26 179 28 159 217 60 237 319 18 297 327 35 372 424 53 571 682 52 622 727 
6 29 68 105 44 290 391 47 463 536 106 594 733 65 694 791 61 702 818 
8 81 108 228 17 141 179 3 203 207 3 295 299 74 317 432 61 378 515 40 461 526 6 605 618 
7 12 364 383 59 391 502 71 555 670 51 558 643 80 680 813 34 696 741 19 735 787 
6 65 36 157 11 99 118 23 117 155 34 443 495 72 473 602 100 576 734 
10 38 113 177 73 137 250 26 195 239 12 238 255 21 322 356 84 331 462 43 347 408 19 494 523 37 583 644 5 817 823 
11 25 20 53 3 194 198 7 239 251 29 260 306 39 329 393 59 349 450 48 573 654 35 587 638 3 632 636 53 720 802 49 742 820 
8 17 36 67 58 144 255 36 284 335 86 517 672 94 573 725 18 787 814 16 798 819 5 805 813 
6 64 207 304 80 253 408 92 263 372 95 478 640 39 637 690 63 648 739 
