10 78
11 31 28 74 6 95 104 45 174 262 16 200 223 42 321 387 56 379 467 25 517 547 13 570 590 49 592 667 56 605 709 19 622 654 
6 66 100 197 27 243 280 81 257 389 95 494 627 78 556 672 15 689 716 
7 87 146 252 81 293 406 59 338 438 58 424 535 39 441 498 15 471 493 23 472 531 
8 51 20 100 25 31 70 52 63 161 95 88 224 48 219 293 42 479 553 5 610 620 18 688 719 
9 43 23 112 79 47 139 7 51 60 69 286 401 4 352 358 66 391 484 18 475 507 54 567 678 13 705 724 
6 59 12 100 27 17 77 37 69 120 59 224 352 83 280 404 6 656 666 
10 59 10 73 33 22 78 75 40 178 13 189 209 19 191 218 92 464 596 10 491 516 12 522 538 39 570 637 9 703 716 
9 56 105 183 45 130 229 6 183 194 53 279 354 77 295 420 6 346 356 20 506 545 18 676 703 7 687 696 
8 71 35 145 25 108 146 86 213 331 56 260 333 16 359 387 81 436 557 28 483 536 3 511 516 
4 60 141 253 24 205 241 19 227 307 68 577 715 
