10 73
5 54 64 220 80 515 673 127 518 695 60 855 939 2 945 948 
6 67 79 223 30 184 234 80 213 365 47 235 321 17 243 271 27 712 777 
6 79 353 460 67 381 550 92 575 723 116 620 790 16 841 859 6 914 926 
8 108 97 269 92 138 279 53 185 262 8 234 248 54 296 383 65 306 406 103 426 572 6 935 942 
10 25 69 124 44 93 161 108 246 424 38 277 333 35 296 343 76 426 520 40 499 583 84 520 674 9 795 808 4 935 941 
9 17 208 238 58 271 371 70 449 545 14 462 481 9 465 481 85 555 678 100 613 740 114 682 867 53 846 936 
6 19 90 127 96 304 466 88 313 447 38 369 436 95 369 542 7 487 500 
8 132 56 243 91 144 292 14 304 325 120 383 568 44 567 627 62 577 694 5 699 705 45 827 901 
7 13 31 52 13 216 236 72 234 339 131 251 436 68 515 639 67 735 867 51 784 869 
8 34 195 268 69 382 497 29 418 456 92 463 601 32 486 537 121 572 746 13 844 864 22 881 918 
