10 122
13 31 67 103 80 81 167 27 106 135 95 164 264 22 170 194 76 171 256 87 277 377 61 293 362 38 503 545 103 523 633 99 554 660 5 560 566 73 596 675 
11 66 32 105 73 52 131 89 54 159 18 83 102 95 116 222 21 136 160 116 182 311 6 272 279 61 400 466 68 413 488 3 679 683 
13 51 50 108 38 83 124 49 91 147 103 155 264 91 155 254 69 186 264 70 267 345 78 281 369 124 305 440 9 376 386 23 388 413 32 619 653 11 663 675 
11 125 13 150 91 80 178 86 107 200 19 150 171 33 213 249 24 319 345 121 331 459 100 458 569 76 506 590 82 517 608 17 666 684 
12 30 3 35 103 35 151 127 51 187 64 175 246 12 177 190 2 226 229 101 278 388 77 328 417 12 398 411 112 402 527 7 559 567 51 577 634 
13 30 19 53 6 54 61 7 134 142 26 147 175 101 208 326 118 223 354 44 314 362 113 380 504 22 404 427 53 451 510 109 526 643 39 617 659 15 656 672 
15 112 14 133 45 63 111 95 144 246 13 200 214 109 267 384 44 287 333 22 292 315 70 295 369 28 321 351 121 332 463 78 383 468 108 439 564 29 597 629 10 619 630 6 633 640 
8 48 29 83 108 296 415 100 349 462 105 383 499 82 403 494 34 534 570 93 542 644 77 580 667 
18 42 6 52 62 111 179 65 120 191 38 125 167 56 276 340 60 385 452 2 389 392 107 413 530 21 435 458 104 438 550 10 474 485 47 490 542 2 535 538 12 548 561 57 554 614 54 578 635 22 651 674 7 676 684 
8 122 31 162 19 226 247 70 239 316 79 361 450 114 393 529 103 554 677 4 571 576 23 592 618 
