10 109
11 15 12 39 61 94 218 98 148 293 59 202 288 70 231 360 33 332 379 99 342 515 9 360 375 110 409 586 45 649 712 25 731 771 
11 69 39 135 7 115 127 66 243 372 69 270 401 88 284 436 63 353 472 45 395 472 14 494 520 34 707 776 51 819 910 29 826 871 
10 102 285 433 36 397 471 60 425 564 60 439 532 89 505 675 37 519 576 5 523 530 25 846 909 26 870 915 16 888 916 
14 14 116 140 63 288 393 107 307 451 123 406 590 92 511 659 14 545 566 17 597 621 10 615 630 102 651 811 40 676 760 20 683 713 50 760 865 52 794 861 9 906 919 
11 89 72 235 143 216 394 81 265 395 26 312 349 107 478 628 4 482 489 82 494 622 49 753 877 22 753 798 45 760 837 10 859 877 
9 73 71 208 94 233 402 29 294 332 54 369 454 52 410 518 25 513 563 81 620 732 10 667 690 92 682 830 
9 79 36 185 85 134 253 63 407 499 104 503 656 88 507 630 66 669 784 64 734 869 67 752 861 11 899 919 
12 111 34 184 47 146 233 20 190 234 30 215 262 79 244 348 67 303 419 88 311 444 32 408 461 24 463 504 49 695 780 55 737 833 10 883 898 
8 30 184 229 43 255 320 85 258 398 63 534 670 50 548 686 35 602 649 96 706 880 66 771 889 
14 32 16 84 40 148 216 4 190 196 9 221 240 32 398 459 63 451 587 34 462 508 85 514 652 48 592 679 65 616 704 98 678 832 15 695 714 10 723 736 6 866 875 
