10 116
9 125 12 149 110 161 280 27 208 239 29 250 282 45 296 346 77 313 398 31 382 416 113 412 538 114 425 549 
11 14 5 21 124 104 241 46 213 264 92 303 402 83 365 460 34 418 454 48 424 477 21 443 465 124 549 688 21 652 675 7 691 699 
12 68 8 84 22 35 59 75 70 149 55 152 213 92 249 348 53 341 402 129 427 565 61 487 555 86 488 578 4 490 495 72 601 681 5 700 706 
13 33 3 37 45 52 101 85 96 193 8 137 146 26 192 221 48 270 323 61 338 406 112 352 479 14 397 412 84 522 617 82 569 660 31 604 637 39 643 686 
10 67 54 129 91 92 192 113 167 295 103 184 301 60 240 306 19 242 264 41 352 399 9 353 363 129 394 534 39 456 499 
8 120 28 158 45 29 80 62 55 124 36 261 299 84 261 354 87 386 484 98 487 600 109 550 668 
12 16 2 19 66 11 85 84 14 110 67 34 112 86 55 149 19 181 201 35 321 359 112 350 471 49 370 420 65 513 582 61 621 688 6 668 675 
12 40 95 138 20 138 159 99 148 262 103 206 320 122 219 350 34 296 334 41 502 550 45 533 583 32 563 599 35 631 671 2 670 673 14 677 692 
15 3 12 16 32 18 52 82 57 146 39 77 119 19 80 100 38 102 142 22 168 192 56 188 253 46 273 326 58 380 447 56 392 453 40 400 443 92 500 598 22 581 605 83 585 677 
14 93 72 174 59 203 268 65 226 295 59 328 391 38 349 390 97 388 493 67 488 562 95 552 657 42 586 633 56 602 663 16 646 664 2 693 696 5 701 707 2 702 705 
