10 453
47 82 12 99 143 24 173 15 38 55 9 42 52 56 58 119 2 73 76 81 74 164 125 88 223 55 107 169 31 137 172 65 168 237 98 172 283 7 203 211 108 236 357 121 244 371 131 304 450 38 307 349 79 322 410 143 330 488 3 330 334 96 372 481 144 385 544 6 401 408 88 422 519 97 425 526 91 439 538 87 471 568 80 518 608 104 543 657 48 547 600 121 583 716 107 587 705 13 617 631 100 617 729 31 625 658 86 633 729 44 675 721 23 686 711 84 700 793 88 702 803 73 728 808 66 734 807 21 737 760 41 738 783 45 746 794 27 760 790 19 777 799 
44 138 37 184 86 48 143 95 98 202 39 117 159 85 125 223 24 157 183 63 157 228 68 176 252 135 190 337 144 194 353 142 197 360 86 205 300 3 227 231 14 280 295 115 305 435 128 337 477 145 342 505 86 375 468 150 426 589 135 442 593 37 455 496 70 485 564 57 503 567 136 517 670 24 519 545 76 530 611 51 628 683 97 633 743 103 645 753 27 645 673 70 659 735 116 660 786 93 669 773 75 670 752 71 672 747 7 680 688 23 694 719 94 714 817 34 733 770 50 756 810 8 803 812 14 804 819 3 805 809 7 810 818 
50 32 1 36 59 12 80 28 37 67 118 77 204 70 96 173 26 110 139 140 126 282 79 142 227 62 143 210 133 160 298 80 193 281 76 201 287 110 205 320 41 231 276 32 277 312 105 277 390 150 285 447 103 286 399 27 315 343 118 324 451 129 338 478 69 347 425 106 357 476 58 363 427 11 385 397 128 423 570 33 464 500 62 488 560 9 494 504 104 514 630 60 525 592 54 558 616 35 566 604 28 570 600 76 573 658 111 589 709 78 597 683 140 612 767 41 627 673 16 634 651 82 658 748 41 666 712 11 712 724 46 713 763 51 740 797 2 796 799 18 797 817 13 805 819 5 812 818 2 816 819 
44 117 9 141 49 9 60 7 18 26 119 62 194 27 96 125 93 130 229 75 162 242 65 171 246 86 190 283 48 254 307 22 255 279 131 271 420 31 280 314 13 289 303 121 290 429 81 331 418 143 357 512 16 387 405 11 397 409 119 413 545 59 418 483 145 422 585 77 440 523 77 447 535 109 489 614 123 523 658 112 529 653 66 542 616 43 599 646 98 631 739 97 677 785 3 678 682 104 681 802 2 684 687 6 694 701 71 714 790 77 717 802 65 725 792 66 725 798 42 742 788 44 756 806 10 768 779 23 771 796 30 783 815 
49 25 30 58 7 52 60 125 52 190 20 54 77 54 68 131 78 93 177 111 99 220 58 104 171 91 122 223 2 207 210 8 211 220 44 219 267 96 223 327 42 235 281 144 242 401 7 260 268 8 269 278 80 283 374 126 297 440 30 327 359 96 338 448 105 374 484 78 375 456 13 397 411 90 406 505 8 407 416 50 412 468 89 442 540 143 452 607 51 468 524 120 484 615 111 512 641 32 526 562 12 528 541 90 548 649 99 613 723 121 651 779 76 661 745 69 669 745 93 671 773 69 682 761 28 709 739 30 711 743 48 731 784 25 734 761 54 736 799 49 744 797 29 758 790 8 808 817 
44 93 21 125 139 26 175 16 32 49 53 48 109 79 48 136 54 74 131 141 85 239 128 91 238 44 146 195 31 240 275 87 246 345 114 251 381 117 284 406 29 285 317 153 301 464 40 314 360 29 339 369 146 344 501 126 464 613 93 472 576 76 486 566 7 488 496 11 492 504 136 510 668 83 512 603 58 517 582 136 521 673 33 524 560 13 559 573 105 581 699 77 590 678 58 596 660 69 629 705 35 635 672 116 665 791 60 666 733 102 679 789 30 713 745 12 767 780 21 768 792 25 788 816 2 790 793 10 805 816 2 813 816 
49 116 4 134 51 22 77 107 24 142 83 32 123 109 51 170 57 59 120 16 89 106 47 96 148 56 128 192 106 176 292 19 197 217 118 212 339 107 214 326 38 215 256 127 228 365 43 229 277 119 236 365 93 244 349 107 255 378 28 257 288 109 261 383 46 268 318 3 286 290 7 297 305 58 299 365 98 324 434 5 336 342 5 347 353 32 377 413 49 387 443 24 400 426 144 406 563 114 413 534 23 449 475 120 454 587 146 466 615 34 484 520 106 501 614 33 532 568 135 547 699 64 560 631 143 584 745 10 588 599 8 623 632 30 635 667 11 637 649 84 682 772 43 699 747 3 813 817 
42 47 2 54 124 11 152 110 21 153 34 31 69 117 39 173 2 49 52 52 72 126 71 83 162 86 89 183 6 107 114 62 143 208 93 193 300 4 196 201 39 199 241 67 214 285 124 265 401 110 296 418 64 300 372 117 331 461 135 340 488 52 373 429 126 467 611 46 469 522 108 473 587 86 475 574 111 492 617 23 493 519 47 498 551 136 500 656 146 504 667 77 504 591 37 538 578 143 597 745 17 633 651 136 648 795 16 663 680 26 748 777 15 760 776 41 765 809 5 770 776 20 789 810 5 794 800 
40 37 63 103 104 65 183 13 67 81 11 108 120 6 112 119 40 119 164 138 168 318 8 182 191 110 185 305 105 203 318 109 279 404 59 287 352 108 292 409 81 306 401 38 324 366 107 336 462 69 338 415 23 349 375 37 362 404 30 373 405 65 389 461 123 394 537 49 404 461 36 406 445 100 427 541 56 437 499 131 447 595 118 461 595 17 495 513 143 496 653 62 536 603 53 537 595 51 542 599 123 624 758 37 650 690 122 662 798 103 704 819 58 734 795 44 759 806 8 798 807 
44 53 34 93 98 42 153 62 52 116 55 57 119 142 75 226 30 96 128 89 174 275 72 174 254 94 187 293 111 247 366 124 321 454 50 369 422 87 371 463 140 376 531 18 413 433 100 414 529 12 435 448 30 458 491 105 464 583 121 499 631 135 519 674 128 522 660 110 542 660 64 556 626 108 561 681 91 602 703 131 628 775 101 632 741 75 640 723 99 656 773 23 657 681 51 660 718 80 665 750 45 696 746 26 697 725 100 698 811 38 721 763 22 722 745 44 739 788 27 747 777 33 766 801 27 778 807 11 805 817 5 809 815 
