10 448
43 9 2 12 31 2 36 68 46 116 43 51 98 38 63 107 65 71 141 37 94 134 25 103 131 61 104 169 2 106 109 54 112 173 44 114 162 10 117 128 69 118 191 2 133 136 23 136 161 41 137 181 48 141 196 48 169 222 26 171 200 29 183 215 73 189 269 26 197 225 60 202 271 61 225 294 8 241 250 29 253 286 40 256 298 21 258 281 63 265 336 19 272 292 73 275 355 2 278 281 35 295 333 33 314 352 12 325 338 43 328 375 24 335 362 53 341 398 32 348 385 42 353 399 35 354 393 18 378 397 
55 66 9 79 46 12 63 5 13 19 3 15 19 14 28 43 19 39 59 58 54 118 69 57 133 59 66 130 67 76 149 41 86 130 67 86 155 60 93 161 53 98 153 17 104 124 6 107 114 58 109 172 9 110 120 20 117 138 17 130 148 33 132 169 69 142 217 17 145 164 43 158 206 19 158 179 9 161 171 49 175 227 52 179 238 20 179 200 40 183 225 23 187 212 40 190 234 31 197 232 5 212 218 10 243 254 53 278 338 52 291 347 29 293 324 39 298 342 37 302 343 21 308 330 3 311 315 7 315 323 7 316 324 45 320 370 54 323 381 27 325 354 45 327 376 2 342 345 19 363 383 16 369 386 10 371 382 13 376 390 5 378 384 13 386 400 
44 62 0 67 67 8 81 61 23 92 49 27 80 47 54 106 15 62 79 58 93 155 8 113 122 6 131 138 36 141 180 56 145 204 23 149 174 22 163 187 3 169 173 15 170 186 14 177 193 54 185 245 69 186 260 59 197 261 65 202 276 56 203 263 63 217 283 37 220 261 70 226 305 24 245 273 52 259 320 36 262 302 55 270 328 42 274 323 58 276 339 28 283 312 46 317 368 62 328 398 12 330 343 4 331 336 36 333 373 27 349 378 20 357 379 8 366 375 6 376 383 3 386 390 4 391 396 5 392 398 2 397 400 
50 65 1 73 44 2 52 2 5 8 66 6 73 54 9 65 47 10 60 68 31 106 36 31 71 69 46 117 4 58 63 45 63 110 50 74 130 40 84 128 59 98 161 17 102 120 51 109 162 65 113 183 26 116 143 7 126 134 61 127 193 62 148 214 2 153 156 45 158 207 3 165 169 64 166 235 30 197 230 67 198 272 17 213 231 27 217 245 32 244 280 67 247 319 3 257 261 63 261 329 29 263 294 20 263 285 72 266 343 69 267 345 66 270 341 70 273 352 38 282 323 19 296 316 15 299 315 34 327 363 36 346 386 2 364 367 17 373 391 4 374 379 10 383 394 9 385 395 3 393 397 
40 65 1 73 23 1 27 49 14 69 67 48 122 61 56 126 58 74 139 31 80 114 60 89 155 63 104 175 12 114 127 11 116 128 73 118 197 17 123 142 47 136 192 30 138 170 26 142 169 27 149 178 31 151 187 60 152 219 8 171 180 12 172 186 2 174 177 36 196 234 55 201 263 58 222 287 61 258 325 45 266 316 13 287 301 48 288 337 54 291 347 45 292 339 71 298 377 31 309 344 18 338 358 25 340 367 32 353 389 28 356 389 24 370 396 2 384 387 2 392 395 
45 28 5 35 16 6 23 44 15 63 18 22 42 9 35 45 42 45 93 19 51 72 32 75 109 50 81 135 17 81 100 42 90 137 46 95 147 16 101 118 19 139 160 45 193 243 66 195 265 47 203 258 53 206 266 21 208 231 68 212 285 19 215 236 20 229 250 21 238 262 20 243 266 63 243 316 42 246 295 17 266 284 56 268 328 58 272 335 26 273 302 4 278 283 39 283 324 23 294 319 24 307 335 29 308 338 42 309 356 60 312 377 60 317 383 12 321 334 29 322 354 13 332 347 55 332 395 58 335 398 15 381 397 3 393 397 
45 55 1 59 28 16 47 42 23 67 17 26 44 47 60 111 60 68 134 11 83 95 67 94 165 16 103 120 37 104 143 24 107 135 18 108 128 13 123 137 56 137 200 65 156 226 43 161 208 6 172 179 20 173 195 66 177 251 4 177 182 64 180 251 59 204 267 56 228 290 42 228 272 42 234 283 28 240 272 70 244 322 40 247 291 55 252 311 31 255 287 46 259 308 16 269 286 16 283 301 40 295 340 69 308 385 3 312 316 27 315 346 3 321 325 31 323 358 34 342 379 45 343 393 42 347 395 5 364 370 22 365 389 4 395 400 
45 59 3 68 32 27 64 60 43 108 63 53 126 7 72 80 8 77 86 18 85 105 27 93 121 75 111 189 48 112 166 18 119 138 54 126 186 19 129 149 25 130 156 70 139 214 44 157 204 41 168 211 3 178 182 51 181 237 45 196 246 50 197 253 70 197 275 40 234 275 48 236 287 30 252 284 49 261 315 67 266 340 22 282 306 27 293 323 28 301 331 57 303 365 65 307 378 71 314 391 38 314 357 46 324 373 13 326 340 59 332 394 46 336 388 8 341 350 41 348 396 6 358 365 9 373 383 22 374 397 13 382 396 3 396 400 
39 3 0 4 12 3 16 67 7 80 56 13 75 24 14 40 55 30 92 25 51 78 51 67 126 65 79 152 50 91 145 58 100 162 71 105 184 29 116 150 45 126 175 41 127 170 69 131 208 26 140 170 25 157 185 31 160 195 36 162 201 59 167 229 49 177 232 37 191 231 67 197 272 62 211 277 37 241 282 6 241 248 25 251 278 56 253 314 34 280 318 3 292 296 59 298 364 26 319 349 55 333 393 52 336 393 39 343 385 39 352 395 2 391 394 2 395 398 
42 18 1 20 4 6 11 64 15 87 68 16 90 23 27 54 25 27 55 72 27 107 17 27 46 39 29 73 51 49 107 61 55 123 50 76 133 5 97 103 51 110 167 42 125 170 24 144 170 19 155 175 13 187 201 46 187 237 56 187 249 21 204 227 64 205 279 10 207 218 16 214 231 10 217 228 5 232 238 66 242 315 47 246 298 13 252 266 66 269 339 71 279 359 30 286 319 13 288 302 47 289 341 46 293 344 59 313 378 51 342 395 41 348 393 7 365 373 30 367 399 2 376 379 12 377 390 
