10 122
16 23 22 50 6 37 44 108 60 196 3 66 70 62 344 428 33 400 440 100 439 572 114 443 579 66 451 536 88 565 680 49 566 620 20 597 623 19 761 785 23 776 806 26 792 838 4 832 837 
10 109 151 303 104 168 296 97 200 327 101 279 407 65 471 549 51 564 621 81 616 720 26 651 690 67 694 784 43 772 830 
15 77 139 245 6 185 192 64 245 331 74 375 472 42 476 528 99 500 616 93 512 642 90 557 672 28 566 601 41 723 769 59 735 815 22 785 812 20 794 818 29 794 829 2 834 837 
12 31 30 75 50 69 139 79 74 174 38 129 186 58 186 272 32 208 249 105 246 383 104 267 415 28 410 448 34 609 648 29 710 746 3 731 735 
9 73 359 454 82 421 532 97 426 558 59 583 658 48 587 645 102 688 825 52 692 760 92 700 834 29 723 760 
10 70 17 109 97 62 186 43 62 125 13 224 240 112 424 582 30 559 600 20 568 593 96 639 767 91 665 811 41 716 771 
9 133 3 153 120 55 206 39 174 222 114 209 355 103 236 380 2 330 333 62 542 620 60 613 704 117 660 807 
14 74 188 293 43 218 276 50 241 302 18 487 513 52 497 558 23 508 541 95 548 680 8 577 587 105 625 763 103 677 807 13 725 743 48 732 791 28 791 832 2 824 827 
17 45 83 140 19 145 170 40 163 218 80 169 271 30 287 325 21 377 404 16 435 455 39 455 508 100 487 606 31 524 567 94 604 730 81 612 743 66 632 708 35 688 727 10 762 776 7 787 796 15 806 830 
10 57 71 139 109 122 285 10 184 197 7 211 219 39 431 485 42 442 495 121 493 643 114 647 792 114 664 824 37 787 834 
