10 113
14 107 89 202 36 253 290 33 304 341 119 364 508 92 442 545 32 460 493 115 486 607 58 522 587 76 576 662 56 611 673 81 623 711 47 625 679 11 675 687 22 695 718 
8 85 6 98 125 39 180 110 58 179 56 312 375 94 314 419 85 348 445 76 534 614 21 652 675 
12 110 57 177 89 124 226 65 126 195 105 165 281 93 173 277 24 176 202 67 358 434 59 428 491 22 472 495 71 560 636 22 692 715 3 717 721 
12 30 17 50 93 30 132 131 56 193 101 57 171 54 145 205 117 164 288 65 222 293 10 225 236 72 275 359 38 323 365 9 684 694 6 712 719 
11 62 34 102 89 38 136 84 60 155 81 75 165 83 318 406 59 318 384 3 373 377 17 377 396 71 442 520 51 447 505 101 476 586 
10 122 9 148 112 34 161 43 90 137 112 229 354 96 230 337 2 262 265 21 288 310 2 384 387 123 510 642 86 556 648 
10 63 66 136 55 100 157 3 177 181 76 378 463 112 395 515 78 416 504 112 507 632 56 537 598 100 542 655 122 576 703 
13 75 47 127 85 49 145 22 136 161 31 246 282 10 312 323 108 341 458 32 356 390 17 384 402 62 390 457 118 392 524 58 495 559 38 518 561 86 550 646 
15 2 24 27 119 82 211 105 146 261 58 171 239 3 183 187 22 225 249 80 292 382 54 304 366 68 350 423 2 536 539 66 593 664 9 641 651 27 695 725 5 709 715 5 709 715 
8 132 88 232 94 169 272 18 253 273 47 336 387 128 388 531 114 428 556 81 516 608 18 522 542 
