10 182
20 17 12 35 78 80 182 112 121 251 31 131 168 26 157 200 8 203 213 130 231 401 34 234 275 76 295 402 8 323 334 53 381 443 79 457 565 22 465 493 46 668 730 88 669 794 83 673 796 126 703 858 24 829 863 4 875 880 2 879 882 
17 17 50 72 19 53 80 57 65 135 105 117 254 87 185 315 118 204 368 113 230 361 95 276 413 40 399 454 65 438 527 45 514 574 88 599 700 61 655 741 63 658 756 4 820 825 4 871 876 3 877 881 
23 2 10 13 44 22 73 70 54 142 31 177 217 45 207 265 45 242 300 39 271 330 10 311 324 35 396 447 99 405 544 88 470 597 21 474 501 21 497 521 120 611 779 4 641 646 24 645 676 127 674 842 12 730 744 24 737 767 52 743 810 91 751 872 50 814 879 8 840 849 
16 38 94 142 105 112 272 134 199 375 54 222 293 126 244 414 85 270 388 69 350 441 20 411 437 107 518 648 18 585 606 139 641 815 14 658 677 20 712 738 69 761 852 69 801 881 17 838 860 
19 129 5 171 99 32 176 126 82 255 49 123 192 31 187 226 17 189 212 9 242 253 145 260 429 19 298 326 79 388 495 22 389 419 2 402 405 30 493 533 125 577 734 120 678 836 51 779 845 34 835 876 7 859 867 10 867 880 
20 98 46 176 35 48 98 16 104 129 22 150 177 37 273 323 9 340 352 67 428 516 86 483 601 24 512 542 133 517 674 11 519 533 87 542 664 20 577 600 85 622 751 71 667 773 59 695 774 109 707 845 23 750 778 31 790 832 27 805 838 
13 105 144 295 71 178 267 61 253 339 133 269 439 57 405 486 131 526 699 63 583 664 45 599 660 116 650 799 58 655 747 23 656 688 110 662 815 64 778 861 
14 83 41 164 37 126 177 96 202 324 9 291 302 107 341 492 111 381 530 125 463 629 130 508 669 76 548 650 136 639 801 82 722 834 43 766 820 32 818 861 30 835 871 
23 70 1 89 97 116 242 47 148 216 84 161 260 72 173 256 82 181 283 14 207 226 69 215 332 8 232 243 119 276 442 18 355 378 76 511 604 66 574 645 25 591 624 10 687 701 50 692 752 43 769 825 78 772 874 83 777 872 38 817 865 21 833 859 10 870 882 3 871 875 
17 24 18 51 129 35 203 18 47 69 93 51 181 3 87 91 93 214 341 84 246 338 18 413 434 73 431 527 62 481 550 117 525 675 93 527 656 140 539 715 21 590 616 97 645 784 64 647 739 16 827 848 
