10 429
39 74 29 114 144 95 261 67 112 190 104 117 235 161 128 302 140 154 316 117 235 359 21 254 277 165 261 439 68 271 343 167 271 451 81 292 380 108 297 424 42 309 354 150 320 491 64 323 398 7 325 333 65 325 398 132 349 495 166 446 624 84 450 543 138 453 604 101 507 618 12 527 540 41 540 587 26 558 585 143 567 723 10 570 581 36 638 678 86 706 800 139 709 868 111 716 837 70 739 815 72 781 859 70 792 869 18 795 814 14 859 874 22 874 899 2 894 897 
39 110 20 142 163 43 223 161 66 244 7 76 84 133 80 229 150 82 249 124 91 229 55 106 165 47 111 163 87 111 207 53 147 203 159 194 372 14 246 261 141 252 407 146 261 419 85 266 364 58 279 345 27 291 320 46 302 352 120 344 474 104 390 505 72 407 489 52 419 479 56 486 550 111 629 746 155 634 805 47 644 696 83 663 752 19 665 686 131 671 818 20 672 693 140 687 842 113 747 870 113 763 887 74 779 863 39 791 832 92 793 895 12 801 814 4 836 841 
41 55 46 107 78 51 130 41 55 99 63 79 149 151 117 281 57 144 206 155 144 316 136 172 325 143 175 328 64 189 258 40 229 274 147 320 482 112 340 466 27 353 381 94 363 466 106 365 480 149 368 531 160 393 569 17 402 421 120 411 541 141 442 598 91 450 546 132 488 631 135 511 658 159 549 720 132 554 711 18 565 584 148 595 760 19 629 650 96 681 778 69 695 772 82 699 787 107 702 820 149 734 895 93 754 858 85 765 855 62 791 855 73 807 884 25 821 848 40 836 882 4 881 886 
41 136 4 152 52 15 70 50 50 104 121 57 197 144 79 244 94 91 194 143 108 271 31 118 152 16 124 141 57 162 223 158 175 348 120 177 310 26 194 222 125 208 352 25 222 250 30 268 299 3 272 276 13 277 291 121 315 455 35 320 357 97 329 433 103 332 445 91 360 459 7 390 398 161 442 618 16 476 494 115 477 609 156 484 661 70 542 618 129 622 769 151 628 797 39 695 738 105 706 835 95 713 820 90 715 812 37 716 757 39 785 829 39 798 840 61 819 883 17 819 837 11 882 894 
43 12 19 32 9 34 44 113 40 166 8 51 60 84 55 146 150 69 234 38 70 112 12 75 88 65 85 155 64 90 164 62 127 193 155 147 315 112 178 308 64 186 255 36 196 236 117 199 332 91 235 337 105 262 379 111 273 395 21 274 297 50 279 334 29 280 312 90 315 414 95 316 425 107 336 456 34 384 421 30 393 426 151 393 553 86 421 515 158 445 622 120 480 612 117 506 631 83 519 608 134 572 716 135 622 775 157 670 846 72 681 762 147 716 877 58 724 790 7 752 760 72 809 888 4 841 846 13 846 860 
47 97 3 110 98 13 122 69 20 94 44 59 107 86 68 161 142 105 265 4 116 121 4 132 137 35 156 196 28 168 198 111 180 307 122 226 360 88 251 348 112 265 382 18 293 313 10 301 312 49 342 396 5 347 353 63 350 415 161 356 532 148 358 524 107 370 486 56 390 451 97 416 520 110 417 536 43 479 527 4 498 503 148 507 676 51 534 590 23 565 590 61 590 659 135 602 750 89 603 694 125 618 757 70 625 704 80 638 727 120 673 814 151 706 871 61 716 786 60 727 797 33 778 815 38 794 837 86 802 898 33 804 840 3 820 824 33 836 871 2 890 893 
42 148 74 244 117 86 223 83 95 189 125 101 238 48 117 169 62 157 228 36 162 201 5 175 181 48 220 272 41 223 270 120 231 362 99 235 342 122 280 417 7 283 291 4 289 294 118 298 428 57 303 363 124 310 442 148 324 486 156 334 500 140 347 501 130 350 492 151 361 520 61 389 455 97 398 508 37 562 603 149 590 763 12 612 625 137 629 778 102 648 761 104 650 764 141 661 811 65 718 788 52 727 785 58 735 799 134 752 898 105 760 874 18 792 813 17 828 847 23 872 898 3 878 882 10 889 900 
50 141 6 161 101 13 128 87 17 112 126 28 170 82 78 165 118 123 251 7 141 149 18 146 166 40 171 215 148 177 343 154 185 350 130 208 350 96 222 330 109 250 373 113 250 378 76 262 348 117 269 398 102 280 392 131 288 436 41 295 339 4 296 301 74 297 375 8 332 341 19 366 387 67 413 489 5 436 442 51 441 498 22 482 507 92 485 587 106 486 608 11 549 561 45 577 625 20 583 605 25 585 612 95 604 707 93 614 716 6 623 630 156 630 797 63 675 744 96 702 809 100 773 881 69 780 859 31 785 820 51 805 860 56 810 870 44 818 867 22 833 858 13 869 883 5 885 891 12 887 900 
48 82 26 117 144 39 196 42 49 94 4 64 69 77 90 175 71 112 189 83 128 220 157 134 307 144 135 291 94 162 265 133 189 340 121 207 337 86 278 371 63 283 354 105 334 457 87 352 449 120 358 491 26 364 393 157 365 539 118 416 541 50 424 480 131 427 570 58 431 497 106 439 560 103 452 559 3 475 479 128 477 617 147 534 708 158 575 746 66 606 680 60 615 680 33 662 700 95 662 759 17 666 684 33 687 722 61 795 861 48 801 853 16 801 818 19 803 824 44 811 860 69 813 889 19 839 860 40 856 900 10 862 873 4 878 883 2 880 883 3 889 893 4 894 899 
39 77 3 89 9 4 14 150 17 193 152 27 192 157 34 205 130 61 206 70 97 173 127 110 250 67 112 188 38 145 187 73 181 260 68 207 281 63 252 320 95 263 371 137 288 441 69 290 364 21 352 376 156 438 614 149 487 657 24 493 518 30 500 531 148 517 686 29 562 595 66 567 639 135 582 729 161 591 765 157 610 778 112 611 734 51 612 669 79 621 706 134 662 813 37 677 716 15 720 736 103 726 840 24 754 780 88 795 894 27 810 839 44 818 867 2 896 899 
