10 268
27 105 14 131 3 51 55 101 52 162 40 86 129 101 99 213 24 128 155 63 196 271 128 214 354 70 219 295 61 222 288 23 291 317 6 347 354 144 370 532 13 379 393 69 383 461 114 408 536 63 587 656 101 603 720 123 608 747 142 622 775 116 679 807 34 701 736 66 714 790 8 738 747 13 773 787 12 784 797 4 821 826 
33 92 63 164 113 69 190 130 73 221 34 89 128 41 91 136 46 94 145 37 134 174 17 229 248 113 258 379 26 262 290 141 293 448 112 296 424 4 321 326 80 322 410 47 347 397 106 361 478 116 418 543 74 418 497 133 420 567 24 429 455 22 458 483 103 465 576 74 470 553 23 494 519 44 523 572 59 589 654 123 675 814 6 703 710 68 712 786 6 747 754 14 756 771 41 758 801 6 801 808 
24 119 11 145 141 30 188 15 44 61 116 81 208 55 90 149 69 119 197 109 171 288 98 184 293 122 257 385 114 258 383 28 287 317 81 297 385 146 354 517 113 356 485 35 366 404 115 379 507 65 381 454 93 388 493 11 561 573 122 668 806 85 703 801 32 759 794 42 769 815 7 811 819 
29 76 59 145 142 70 235 137 77 226 116 88 215 95 100 207 85 118 212 96 202 307 57 241 303 81 293 381 119 298 431 87 316 415 8 335 344 36 345 384 48 385 438 57 450 513 72 452 530 74 522 603 69 540 615 13 574 588 17 610 629 125 623 760 74 636 717 60 639 703 52 680 738 56 717 778 82 721 809 15 734 751 43 754 801 2 818 821 
24 146 22 179 127 47 191 20 114 136 131 155 300 113 213 342 69 218 290 94 231 335 64 278 347 15 326 342 50 329 384 27 384 414 128 474 619 55 508 568 129 516 658 108 533 651 120 549 684 16 583 600 83 597 696 83 665 755 103 693 807 88 695 791 40 717 759 44 775 823 21 792 815 
29 18 14 33 141 33 187 109 53 176 125 85 221 126 90 228 2 90 93 81 123 215 146 169 330 10 179 190 47 189 241 14 197 213 92 226 328 55 259 319 31 272 307 96 274 379 157 279 441 145 306 464 40 374 418 45 388 439 123 449 583 97 473 580 88 478 578 128 538 677 93 657 761 65 720 791 20 748 770 5 756 762 4 796 801 5 820 826 
24 119 91 225 34 123 163 126 142 284 7 186 194 134 227 373 100 286 397 154 314 475 83 321 410 50 324 378 119 329 462 9 367 377 41 372 418 107 422 538 100 512 630 139 576 731 8 592 601 149 596 760 144 604 762 51 613 669 64 621 693 19 703 723 99 711 820 34 712 748 5 809 815 
24 121 20 159 51 49 104 70 59 139 22 83 107 147 113 269 82 242 334 91 272 376 100 290 405 111 380 507 20 416 437 50 416 472 41 423 469 105 446 558 9 482 492 94 509 611 110 574 694 24 582 608 93 586 692 126 592 730 57 604 668 100 642 754 77 692 782 53 767 826 42 771 817 
34 133 27 180 87 49 145 64 135 206 90 141 236 10 141 152 85 179 271 38 187 228 74 241 320 85 256 354 63 260 328 48 269 322 57 298 360 11 310 322 61 312 379 105 329 445 12 332 345 105 381 497 120 385 520 46 395 445 66 455 528 44 496 544 56 496 556 32 516 551 50 580 633 44 618 665 122 618 747 148 636 794 61 647 713 33 691 727 77 733 817 45 759 810 11 763 775 36 775 814 35 778 817 
20 104 16 134 87 107 212 106 136 249 143 139 299 106 181 300 98 187 303 73 191 274 120 200 335 103 233 348 96 400 506 113 478 602 4 509 514 95 518 622 115 519 640 90 542 644 4 584 589 97 602 714 39 692 734 43 697 747 30 776 809 
