10 443
50 68 31 101 27 43 74 174 55 236 90 59 162 178 104 302 93 122 228 92 143 248 44 147 195 137 150 299 145 174 336 25 245 273 18 259 279 20 278 300 173 290 488 182 324 525 117 435 561 178 460 652 11 514 526 44 531 581 99 536 645 175 552 740 28 558 590 56 599 662 168 611 793 54 619 679 134 633 780 76 655 738 145 686 853 31 714 748 194 726 930 82 731 821 89 738 834 64 759 832 120 765 898 13 774 788 80 798 882 65 827 898 13 849 863 99 879 984 164 884 1059 34 900 936 116 903 1030 96 935 1039 17 977 996 31 981 1015 56 992 1054 24 1025 1051 20 1033 1055 14 1045 1060 4 1052 1057 
44 170 8 204 192 36 247 158 40 211 138 106 259 172 185 368 107 218 334 100 231 342 45 307 357 102 313 429 148 333 496 41 376 420 185 428 625 173 445 640 78 487 572 178 499 691 66 552 621 87 582 678 105 594 709 73 598 674 13 614 629 186 651 855 42 681 727 2 687 690 186 703 909 55 718 777 11 719 731 99 720 829 185 730 934 93 744 849 65 749 821 158 800 972 93 802 908 74 848 929 28 882 911 96 902 1009 92 926 1027 29 942 974 64 951 1024 38 978 1018 16 983 1000 22 994 1018 11 1001 1013 37 1003 1043 5 1005 1011 
43 109 31 147 106 69 188 147 83 236 108 97 224 149 117 280 45 126 177 22 152 176 61 163 229 12 173 186 188 242 447 130 269 408 187 274 478 155 287 456 16 293 310 166 310 497 55 353 415 183 355 558 176 369 573 37 408 449 156 415 584 3 415 419 35 437 476 98 544 655 53 545 602 91 555 657 119 582 712 70 585 664 106 597 716 60 607 674 78 611 696 168 662 851 31 719 752 63 830 900 132 842 990 163 858 1042 8 858 867 86 865 955 77 885 971 61 965 1032 9 995 1005 4 1016 1021 9 1027 1037 13 1027 1041 
38 147 77 243 36 84 123 142 99 255 169 102 283 104 110 225 171 127 323 19 133 154 7 152 160 138 187 346 56 242 303 157 281 461 95 292 396 189 302 502 132 309 459 143 376 538 148 394 557 92 445 543 20 480 503 180 509 707 23 568 592 108 588 708 175 652 850 66 697 767 86 704 801 21 710 733 25 712 739 84 738 831 60 774 840 180 789 981 30 812 845 136 817 977 156 822 994 101 864 975 99 880 989 55 935 997 65 968 1038 35 1001 1041 2 1055 1058 
38 112 10 136 177 10 204 114 15 146 176 17 204 70 20 96 83 168 260 53 207 264 18 234 254 82 245 339 22 271 295 84 271 363 84 283 378 46 296 346 125 299 441 137 338 490 173 343 536 152 366 534 163 384 567 97 441 547 87 526 620 169 543 733 142 546 709 37 557 598 170 589 778 131 631 779 88 637 731 176 681 865 80 694 784 33 724 759 87 813 908 126 877 1020 119 878 1011 121 935 1062 53 938 996 39 946 989 58 956 1020 22 998 1022 7 1047 1055 
39 125 3 133 159 16 192 196 77 288 9 79 89 45 91 140 37 102 143 101 177 287 59 206 273 135 224 380 131 243 391 47 245 299 14 257 273 134 262 413 106 279 400 116 421 551 87 436 533 152 481 652 163 522 705 82 540 630 14 561 576 156 587 766 184 656 862 161 668 847 49 672 726 41 686 729 36 769 808 167 773 962 100 779 883 53 807 865 101 847 955 52 861 919 37 862 904 136 874 1023 80 875 968 83 905 998 82 929 1016 28 948 979 41 954 999 41 973 1018 
53 28 15 45 47 25 77 53 35 92 112 59 184 25 61 88 3 70 74 184 77 285 101 102 216 56 112 172 84 123 216 109 160 284 19 175 195 20 204 225 69 232 307 134 243 386 153 287 458 133 303 448 116 338 467 183 380 585 70 385 462 40 395 438 175 423 619 161 437 609 24 447 474 203 454 666 3 454 458 50 455 509 25 507 535 91 510 610 39 551 594 134 556 705 62 589 655 185 611 809 111 678 801 24 696 721 127 699 834 137 720 874 27 801 830 117 802 932 33 861 896 18 861 880 171 864 1057 39 875 916 143 887 1042 45 945 995 74 980 1061 10 981 992 33 990 1026 26 998 1027 18 1019 1039 10 1041 1052 17 1042 1060 6 1049 1056 
49 22 0 23 139 48 205 108 79 194 140 81 237 174 144 325 42 186 233 185 225 426 148 235 391 148 252 419 73 270 352 122 320 455 164 333 511 103 381 494 69 392 465 101 401 511 37 426 469 15 427 444 164 481 668 129 498 638 72 557 636 3 558 562 37 634 674 170 642 831 105 650 768 83 669 763 147 719 873 51 722 775 28 737 768 74 744 825 147 744 904 40 752 794 115 759 888 127 788 921 56 797 862 142 820 974 150 834 1004 12 870 883 35 902 941 2 930 933 52 931 988 10 933 944 100 948 1061 41 963 1008 48 980 1030 28 1004 1036 23 1010 1034 5 1011 1017 23 1025 1050 8 1044 1053 
45 195 19 231 37 72 113 156 121 292 120 129 260 100 176 288 187 189 395 74 189 271 58 191 254 115 212 341 9 214 224 127 219 370 97 269 378 35 275 312 45 276 326 42 334 379 27 353 381 19 354 374 90 382 481 137 394 549 158 397 575 144 427 592 180 445 637 36 445 487 174 450 640 83 494 582 70 507 585 19 535 556 19 544 564 165 588 767 88 647 743 56 649 711 54 659 718 148 662 825 176 699 899 79 714 806 155 737 907 10 752 763 33 850 885 46 871 920 25 927 954 65 956 1026 11 1003 1015 39 1014 1058 16 1018 1035 12 1023 1036 
44 82 23 111 23 46 71 64 175 243 70 245 324 181 254 452 186 254 460 134 259 409 152 271 444 143 278 440 138 323 467 14 386 401 182 394 595 19 397 418 38 421 463 172 531 726 52 544 601 70 622 700 32 628 663 61 685 753 17 691 710 109 704 824 115 715 845 15 730 746 89 783 883 25 787 815 156 805 982 118 809 938 162 823 1001 151 841 1013 86 854 950 132 891 1037 46 903 959 47 911 963 66 922 990 74 929 1011 74 932 1014 54 946 1004 44 970 1018 76 978 1062 64 981 1048 46 1007 1060 8 1028 1037 19 1035 1055 9 1044 1054 
