10 274
27 23 20 46 54 42 102 7 55 63 25 72 100 32 93 128 49 103 158 47 110 159 45 123 174 35 126 165 59 133 198 50 134 189 37 172 214 26 174 202 25 183 210 18 186 205 25 196 224 57 210 271 19 227 248 33 229 265 19 231 252 7 244 252 33 261 296 42 263 309 46 268 317 13 279 293 26 308 336 12 339 352 
24 49 13 67 37 16 56 37 47 88 41 58 104 25 72 102 33 111 145 62 154 223 64 165 232 39 204 249 13 224 238 15 225 241 19 234 255 5 235 241 64 254 324 52 274 331 63 275 344 38 300 343 47 304 357 47 305 355 27 312 342 14 314 329 22 320 344 9 335 345 14 339 354 
24 38 0 40 47 38 91 19 45 67 51 45 103 62 66 133 28 72 102 6 78 85 58 106 172 23 118 144 28 136 166 15 139 156 35 174 212 40 187 231 3 189 193 62 228 297 38 242 287 8 248 257 14 248 263 47 268 320 45 271 323 45 277 324 21 287 310 12 330 343 5 350 356 
31 41 0 43 57 36 98 60 39 105 45 43 92 62 71 140 7 77 85 17 86 104 62 106 173 39 111 151 38 121 165 19 138 159 20 150 172 52 156 211 28 159 189 24 174 199 32 207 242 45 213 262 35 222 261 41 232 277 11 249 261 29 271 305 12 281 294 2 289 292 18 312 332 23 312 337 3 313 317 37 314 353 27 323 352 3 332 336 16 337 354 7 344 352 
26 13 12 26 48 15 68 63 35 104 7 35 43 56 35 98 33 57 94 60 79 146 18 116 135 34 149 186 25 150 178 40 183 229 37 183 222 4 199 204 24 224 250 17 249 267 18 264 283 48 270 322 40 282 326 46 284 336 29 287 319 41 310 355 14 319 334 27 319 351 20 335 357 7 341 349 3 341 345 
17 59 12 77 39 37 80 52 40 94 48 41 96 53 112 173 37 142 185 56 180 242 55 184 246 14 197 212 42 212 258 32 212 245 52 218 282 40 269 314 52 295 354 35 308 348 16 312 329 3 350 354 
33 22 3 28 43 15 62 59 20 84 37 30 73 63 72 141 19 81 103 7 123 131 31 131 165 32 137 171 25 144 172 19 163 184 11 187 199 35 188 226 29 199 230 53 209 266 41 226 271 15 227 243 20 229 252 55 236 295 6 238 245 29 279 310 8 292 301 46 302 351 25 307 334 3 313 317 32 314 349 16 315 332 27 317 347 18 328 347 15 333 349 12 333 346 4 341 346 3 353 357 
27 41 5 51 18 18 37 39 41 85 64 52 119 13 56 70 35 58 97 40 63 107 56 66 130 53 114 174 49 121 175 56 130 192 16 159 177 50 176 233 4 180 185 39 202 246 46 208 257 21 225 247 17 233 252 5 256 262 10 299 310 16 320 337 15 323 340 4 328 333 24 329 354 21 333 356 10 333 344 22 333 357 
30 14 7 22 35 26 64 12 35 48 58 54 121 54 62 122 19 72 93 41 85 128 57 96 160 12 105 118 9 117 127 26 124 151 42 132 179 38 137 179 16 146 163 15 155 171 62 160 225 4 165 170 7 170 178 14 182 197 18 198 217 14 212 227 48 221 275 57 239 301 22 255 279 54 289 349 22 296 320 36 310 350 40 310 353 3 342 346 6 342 349 
35 59 9 77 21 25 48 10 29 40 17 32 52 30 32 64 21 34 58 16 50 67 28 56 88 5 73 79 45 84 133 49 106 157 14 110 125 53 115 172 9 119 129 37 120 160 21 130 153 3 133 137 20 160 182 28 166 196 6 168 175 6 186 193 35 187 225 12 199 212 47 201 252 12 201 214 16 207 225 10 228 239 50 237 293 27 264 293 26 265 294 38 271 311 45 278 326 8 280 289 36 298 338 18 302 321 
