10 161
13 62 64 138 55 81 154 57 105 175 44 175 236 55 187 267 44 248 312 44 291 351 54 306 376 44 340 388 18 347 370 12 349 365 4 362 367 3 376 380 
18 22 32 59 35 77 119 36 82 128 63 97 176 2 104 107 43 114 168 28 118 152 26 143 177 56 152 226 10 174 187 27 178 210 55 206 274 41 225 280 9 250 261 37 259 315 59 298 364 8 359 371 8 388 398 
15 11 1 18 49 24 98 12 47 63 34 72 116 26 76 110 40 105 151 39 124 173 38 158 217 11 185 199 56 216 286 24 273 302 45 298 363 32 327 365 40 336 385 14 366 382 
19 53 12 77 24 18 49 34 28 73 28 55 99 29 102 141 35 115 163 23 176 206 56 179 244 33 197 237 22 213 241 57 226 301 48 247 300 53 278 340 49 281 345 15 291 309 5 311 317 11 356 371 4 379 384 2 390 393 
17 62 21 99 33 74 117 9 82 94 16 93 113 53 121 198 11 123 140 16 126 150 9 168 180 9 182 193 32 187 224 24 189 220 44 232 295 50 278 340 46 315 376 17 346 371 9 349 360 39 350 398 
16 54 13 86 27 16 53 12 29 43 23 51 88 7 80 89 26 105 137 12 129 144 5 141 147 62 199 278 28 224 256 44 241 298 59 282 361 15 300 319 11 305 319 30 331 381 26 360 399 
15 56 21 85 23 23 56 14 27 46 59 28 103 53 63 131 11 75 88 50 128 193 5 166 173 5 176 183 12 196 211 57 254 329 57 266 343 46 289 356 27 324 361 9 381 393 
16 54 8 82 11 16 30 55 29 95 57 37 109 23 109 139 42 205 261 48 231 294 11 250 265 52 261 333 14 275 293 19 275 300 57 289 361 13 326 346 33 348 386 3 364 368 3 396 400 
15 14 59 75 56 68 141 57 93 159 3 99 103 47 125 192 20 148 171 19 165 191 30 171 218 19 203 230 54 244 310 59 245 312 46 275 346 43 289 344 37 294 337 8 370 379 
17 11 18 32 55 41 112 45 82 145 47 125 184 29 127 170 30 146 183 11 198 212 39 208 256 44 209 265 21 216 248 33 253 298 57 276 353 25 347 382 10 364 376 16 374 395 8 385 395 6 390 398 
