10 112
14 70 22 115 33 104 149 52 193 265 97 206 327 34 242 291 70 261 348 14 390 408 10 471 483 83 577 693 20 610 636 18 665 688 32 667 705 5 681 687 18 701 726 
7 95 204 334 61 220 298 58 240 332 52 441 524 31 461 506 92 520 644 57 643 728 
9 29 117 168 60 146 223 38 261 310 101 261 393 3 341 345 44 410 471 96 558 692 108 579 724 8 680 689 
9 74 91 174 106 165 304 34 166 210 100 265 405 43 362 425 70 389 492 57 458 538 25 468 500 23 691 722 
10 8 11 22 38 123 172 26 200 237 10 218 233 91 348 470 27 368 401 103 397 538 110 497 635 96 525 652 44 560 616 
13 17 13 39 12 87 104 101 146 287 57 167 244 100 236 350 58 259 333 10 343 358 18 368 391 61 433 523 49 466 529 90 612 722 21 673 698 11 693 708 
14 2 3 6 31 67 108 100 180 305 99 279 415 9 293 304 75 310 409 79 376 473 58 401 473 4 421 426 23 511 542 30 522 565 45 584 651 20 614 639 89 631 730 
12 18 38 64 74 133 237 27 287 323 69 302 386 108 318 462 73 319 409 58 347 415 17 380 400 101 410 533 63 493 585 42 622 678 39 685 729 
9 26 57 94 99 105 244 52 110 181 69 128 219 90 169 295 43 254 308 19 260 285 50 345 403 79 444 556 
15 22 15 49 9 15 27 94 121 252 10 216 227 75 282 388 42 324 379 81 433 539 89 494 597 94 500 620 14 563 582 5 640 646 2 691 694 9 713 724 9 714 728 7 721 730 
