10 173
18 131 143 297 61 225 318 59 228 306 39 231 282 134 249 431 62 264 349 80 412 514 113 531 660 38 539 587 98 596 752 33 602 651 60 623 702 47 628 690 165 654 834 33 782 821 53 822 891 10 827 839 34 871 922 
21 117 18 190 20 46 72 49 107 169 3 121 125 78 129 225 61 133 215 133 140 300 79 186 279 80 289 395 14 349 368 27 350 383 25 367 395 16 404 424 55 405 473 77 581 694 124 624 786 88 720 828 24 721 751 128 737 895 6 795 804 30 880 922 
13 41 181 237 121 215 384 60 263 357 54 284 353 89 387 501 86 452 576 16 482 503 75 516 629 115 538 685 124 604 761 95 641 775 72 670 753 93 760 888 
13 140 121 301 121 128 278 84 169 284 66 238 329 107 269 401 129 322 472 72 431 533 157 477 660 92 487 614 21 609 637 93 671 802 110 788 933 109 800 933 
17 13 59 76 41 170 230 9 397 408 58 509 586 115 551 720 111 621 781 45 671 735 68 689 782 104 712 879 93 717 834 43 717 777 37 732 786 16 750 775 39 783 838 34 808 852 67 851 938 13 901 920 
17 139 36 217 55 126 197 24 214 243 108 215 372 79 261 376 30 310 351 48 347 411 135 395 555 46 422 489 100 519 638 86 660 763 121 724 895 108 744 879 54 771 834 66 784 858 43 849 902 22 909 937 
17 111 21 166 64 104 190 115 145 300 70 188 289 130 220 392 58 259 341 13 457 474 60 482 563 32 524 568 70 537 625 76 552 653 92 566 691 84 794 909 9 795 805 60 803 889 17 878 901 20 912 939 
14 113 21 168 27 50 84 59 133 212 146 137 305 76 138 249 97 196 333 95 198 322 19 233 261 35 258 314 97 341 467 132 354 536 40 493 545 117 595 769 16 834 859 
18 53 89 158 28 102 141 115 177 341 53 216 284 113 303 461 61 319 405 76 338 453 21 461 487 122 481 638 14 581 601 127 699 856 82 751 867 6 755 762 68 781 876 26 804 842 63 821 893 6 834 841 37 863 916 
25 75 26 129 105 65 203 13 78 100 11 124 138 51 225 285 15 233 254 22 366 397 24 436 462 48 450 510 114 476 627 35 496 536 60 500 586 158 538 711 92 638 745 71 651 756 29 657 697 53 695 761 111 744 882 17 778 800 26 801 833 58 815 898 44 824 887 28 854 889 57 854 932 11 882 897 
