10 444
36 48 19 73 46 47 100 138 70 223 92 109 212 21 134 156 130 193 342 153 200 371 77 209 296 123 223 360 71 276 355 154 298 455 136 321 471 142 330 487 92 351 452 58 358 425 46 364 416 125 367 502 148 368 536 150 371 547 83 394 488 69 415 490 140 478 633 124 484 622 45 501 551 71 507 587 143 513 675 162 527 701 125 569 704 137 604 764 16 619 636 29 719 751 29 721 752 38 771 813 23 814 840 35 824 862 23 844 868 
46 28 19 50 142 34 184 126 35 174 33 126 162 38 149 190 156 160 333 102 162 275 17 169 187 25 173 200 9 194 204 139 230 384 159 230 404 105 270 388 134 316 463 19 318 339 111 335 456 98 341 458 26 349 379 150 403 569 85 404 496 147 426 588 89 456 553 24 462 489 134 472 622 166 475 650 125 502 644 16 510 527 74 544 625 5 551 557 164 553 729 139 553 706 145 559 721 60 577 648 14 590 605 58 601 666 38 601 643 105 604 718 121 667 798 70 690 765 65 740 812 92 755 852 5 826 832 12 834 847 39 841 882 11 854 866 9 867 877 
44 8 33 42 151 47 215 63 49 117 96 56 168 131 66 204 103 75 187 66 75 146 35 84 121 24 101 126 51 166 220 98 175 286 11 177 189 101 186 301 95 188 298 101 216 328 134 228 376 150 247 418 126 251 396 145 252 419 79 271 353 66 294 368 85 313 407 87 318 411 138 324 474 6 416 423 117 459 586 116 477 610 57 531 592 143 545 706 83 575 663 31 594 629 29 609 641 127 632 778 10 634 645 134 681 832 23 746 772 65 767 836 49 789 841 38 800 842 4 822 827 25 825 852 6 870 877 5 872 878 9 872 882 
50 85 12 105 130 22 166 132 28 164 109 92 216 2 105 108 46 146 197 126 168 305 19 175 195 57 179 240 89 187 285 133 248 394 98 254 363 84 255 352 108 278 394 156 286 460 146 289 453 137 296 445 121 315 450 50 331 384 151 390 559 67 396 475 5 404 410 86 418 515 4 440 445 9 462 472 93 490 590 16 495 512 39 506 546 114 519 652 73 531 614 63 594 662 16 621 638 96 627 736 109 639 755 16 676 694 104 682 800 40 698 741 73 739 824 73 750 833 96 757 863 86 767 861 29 769 801 20 811 832 11 826 838 40 830 874 25 842 868 13 843 857 13 850 864 10 854 865 13 865 879 
47 97 34 137 143 34 189 24 35 61 140 35 188 55 55 115 123 75 212 78 89 174 156 96 268 81 106 196 85 107 200 7 132 140 152 171 339 19 177 198 111 194 322 144 220 375 62 227 294 80 242 331 109 260 386 102 286 398 107 291 412 29 320 352 66 331 404 7 470 478 123 471 613 89 472 568 17 477 495 66 493 566 91 512 611 92 529 633 13 530 544 35 543 582 7 550 558 30 562 595 118 564 695 25 599 627 69 646 725 95 659 762 50 680 733 19 715 736 124 716 854 48 739 794 91 740 845 35 751 789 31 809 843 41 816 859 23 843 867 10 861 872 
47 31 0 33 104 8 122 142 11 171 20 21 42 140 25 176 79 72 156 134 75 225 90 79 178 155 86 261 91 115 217 11 128 141 85 145 236 66 146 219 109 194 311 119 196 324 108 201 315 65 201 272 5 207 213 104 262 374 23 270 296 145 300 461 38 318 358 39 395 437 161 414 587 56 469 531 63 478 546 133 492 636 123 498 631 47 498 551 22 510 534 98 515 624 59 515 583 9 571 581 122 636 772 141 645 810 137 722 868 28 737 768 78 746 833 84 754 846 27 756 786 26 761 790 106 761 873 6 779 786 59 780 846 44 807 853 22 817 841 43 834 882 
38 144 7 159 30 50 84 43 60 106 31 67 102 46 113 165 18 130 149 149 139 301 145 140 303 146 154 314 65 180 254 50 203 259 112 207 330 105 248 369 150 263 422 163 281 457 140 318 483 153 372 543 59 439 505 155 441 602 13 520 534 147 524 682 60 534 602 125 537 679 139 558 707 71 569 648 11 594 606 12 601 614 122 604 741 153 612 785 98 620 727 89 630 728 125 665 806 21 681 703 111 692 816 48 693 746 109 757 881 9 797 807 5 871 877 
46 127 14 150 59 14 78 36 35 74 56 44 105 84 49 144 151 51 216 130 55 196 75 57 138 38 62 104 74 65 146 25 95 122 109 105 223 82 114 204 93 135 236 143 165 333 150 202 374 131 270 419 132 332 471 141 334 487 16 353 370 89 384 486 67 385 463 106 464 582 15 471 487 88 560 653 81 574 665 66 578 651 12 580 593 10 585 596 26 589 618 78 592 681 84 612 703 110 613 735 123 631 765 132 677 821 52 678 735 6 711 718 36 719 758 83 720 810 44 720 769 7 765 773 72 778 856 54 792 852 47 796 848 65 803 873 11 865 877 
46 122 18 151 39 26 69 2 41 44 158 42 213 65 58 133 32 76 109 94 115 218 41 124 170 136 152 305 125 192 327 125 240 373 139 255 410 121 292 436 75 299 385 31 303 336 80 328 415 91 330 432 120 353 486 106 356 466 53 361 419 132 383 529 58 392 457 28 446 477 111 463 590 54 496 554 111 507 631 119 510 643 70 548 627 32 552 587 7 556 564 133 589 736 58 628 693 55 640 702 118 690 818 127 714 857 81 754 845 25 755 783 84 764 854 21 773 796 35 786 823 35 794 831 46 802 850 46 812 862 2 815 818 2 849 852 16 859 876 
44 142 29 176 86 41 137 158 77 248 154 91 262 64 92 162 21 132 155 77 169 256 126 171 304 128 190 335 153 194 368 93 195 301 62 229 300 79 254 344 145 256 418 24 270 296 137 284 436 125 328 465 30 340 373 8 345 354 139 347 495 14 383 398 12 413 426 96 420 526 58 438 502 8 470 479 30 497 530 77 575 662 90 596 697 155 597 772 105 613 727 27 619 648 17 642 661 122 646 778 80 697 785 146 707 871 93 718 816 136 730 882 56 741 803 40 777 821 68 796 872 20 810 832 21 845 868 9 851 861 13 858 872 
