10 76
9 18 19 43 15 79 106 67 180 289 47 195 291 8 291 303 34 336 398 91 502 653 20 609 639 16 714 745 
9 12 72 99 51 261 342 81 267 421 48 330 392 14 350 372 18 434 462 48 503 588 23 658 695 7 749 760 
5 50 74 155 70 510 661 51 511 616 73 540 655 6 750 761 
8 41 30 96 32 290 340 2 379 382 20 418 462 25 486 541 10 569 585 40 623 700 69 625 752 
8 32 58 111 69 158 287 4 202 207 60 261 372 25 343 386 12 446 467 50 642 719 34 728 778 
7 50 1 102 57 39 143 76 285 402 11 329 345 91 425 548 15 735 763 6 739 749 
4 82 142 281 58 171 267 54 195 349 36 468 521 
9 76 111 217 49 179 264 45 352 416 50 440 511 92 491 606 45 664 729 6 677 687 53 686 777 10 715 730 
10 70 15 139 59 24 116 10 304 318 64 443 553 30 493 553 19 526 552 35 638 674 27 704 768 26 731 772 10 761 779 
7 37 94 156 73 130 236 18 165 192 39 240 323 69 283 435 21 477 521 6 767 777 
