10 261
25 94 3 111 58 13 75 61 22 91 120 35 170 60 90 156 120 101 236 36 105 145 38 127 167 26 132 160 137 223 376 68 259 337 125 352 496 85 388 478 46 412 461 57 444 508 86 469 563 89 483 579 59 526 593 68 535 609 137 541 686 125 545 679 74 674 756 43 699 746 7 705 713 27 734 763 
28 83 15 106 93 23 127 79 31 118 115 32 161 140 95 247 57 114 175 108 171 283 123 213 352 30 309 342 20 392 413 23 393 419 109 411 527 38 440 482 75 441 524 107 447 565 89 471 571 54 477 537 129 520 657 53 522 583 4 525 530 112 552 674 29 622 654 91 630 732 43 646 693 14 648 663 32 688 723 38 724 766 8 753 762 
29 132 21 177 41 65 112 87 71 169 115 138 263 33 174 210 110 212 335 10 232 243 94 241 347 14 247 262 60 284 349 4 285 290 57 301 365 87 378 471 43 382 430 43 432 480 45 433 481 34 438 475 17 441 459 73 544 623 92 552 657 48 569 621 83 604 701 26 610 638 85 643 738 61 660 728 25 707 736 7 708 716 30 719 752 16 729 746 
23 64 0 69 12 24 37 79 46 136 95 48 155 114 78 203 120 132 269 36 275 316 4 340 345 86 342 436 22 414 438 114 459 590 86 463 555 133 477 625 112 514 636 65 530 603 65 555 626 131 567 710 65 582 654 126 618 756 13 652 666 63 686 758 68 699 773 4 713 718 
25 25 5 33 15 22 38 114 42 171 89 107 206 50 116 170 38 172 214 30 185 218 128 206 350 129 228 376 10 233 244 67 242 314 64 265 336 85 271 362 71 272 351 106 272 384 37 344 384 63 390 459 95 514 626 9 519 529 122 588 722 22 589 613 84 595 692 133 626 779 51 629 682 2 777 780 
31 34 18 56 96 26 133 80 99 187 4 126 131 91 162 259 120 196 330 83 197 287 105 239 355 113 242 374 90 341 439 117 385 511 121 406 539 5 423 429 73 424 503 28 427 457 138 446 596 97 453 561 52 528 585 22 563 588 87 564 663 56 678 740 36 689 726 39 698 741 32 712 748 23 718 742 18 725 745 6 737 744 7 745 753 20 756 779 14 763 778 3 771 775 
30 31 67 102 11 98 110 101 110 222 99 134 245 38 231 272 97 240 343 47 243 298 60 250 317 77 263 345 107 289 405 36 315 354 81 337 424 128 356 499 100 455 567 19 497 517 129 511 647 50 553 614 92 559 661 29 565 598 55 599 659 102 611 729 71 644 724 82 688 778 49 698 754 31 706 740 26 709 738 10 709 720 32 741 776 15 752 769 13 762 776 
20 98 33 138 79 75 156 18 125 145 29 128 158 93 141 244 123 167 310 143 184 339 87 273 367 86 280 374 116 296 425 56 304 363 122 307 442 129 350 503 96 390 499 128 398 546 8 492 501 84 613 707 117 637 769 19 659 680 2 777 780 
24 137 86 238 74 87 173 135 92 244 114 187 309 38 232 275 10 233 244 114 279 408 34 288 324 52 350 408 128 356 499 59 406 471 35 411 450 31 426 459 91 481 578 115 538 665 37 585 625 119 596 730 87 600 696 102 605 715 65 608 679 57 627 689 64 689 758 59 711 776 21 754 776 
26 89 21 119 7 83 91 66 132 203 76 147 228 97 150 259 25 176 202 33 190 225 62 195 264 77 241 327 124 274 412 120 296 426 97 343 449 116 405 531 112 497 625 39 506 548 131 529 679 125 532 676 67 539 612 100 561 673 13 633 647 3 636 640 43 663 710 39 683 727 16 735 752 13 735 749 4 773 778 
