10 113
11 122 58 217 49 154 236 75 197 290 3 249 255 80 253 363 111 279 443 53 522 646 111 553 734 29 771 817 29 782 827 78 788 895 
11 75 4 135 62 101 206 42 155 232 8 168 182 2 235 238 109 387 572 29 422 490 82 522 638 21 618 662 39 677 737 29 698 742 
14 97 8 169 101 82 264 102 340 499 3 349 353 23 396 432 14 583 606 28 618 659 79 700 821 19 716 752 25 830 866 36 834 917 22 869 902 27 874 913 19 889 919 
13 30 14 74 3 51 56 70 81 173 59 305 421 113 334 497 32 342 392 51 386 493 82 485 605 16 491 518 53 496 577 108 736 883 52 780 865 6 867 876 
8 72 139 268 110 201 370 52 212 287 78 281 417 125 495 659 95 496 640 103 572 745 48 820 885 
10 32 15 62 50 455 556 71 570 749 77 609 714 107 665 838 25 667 714 78 716 821 42 736 803 6 805 818 2 893 897 
11 30 7 64 96 175 301 49 303 374 20 454 497 110 492 655 22 500 549 59 509 604 49 655 752 79 686 832 17 880 909 17 899 924 
11 95 22 197 100 77 227 75 80 208 29 182 225 82 209 314 94 299 411 21 350 385 70 353 460 41 379 456 30 575 639 61 603 703 
14 4 49 57 34 50 112 24 91 138 36 230 307 107 342 520 21 376 409 55 402 471 55 451 552 31 471 525 22 517 553 128 576 749 24 595 642 126 652 833 8 662 673 
10 99 156 319 16 177 196 12 193 209 83 259 400 97 360 537 52 383 467 21 484 524 51 515 616 57 735 828 6 844 853 
