10 77
6 5 13 21 18 104 136 89 200 329 79 244 378 34 312 380 42 702 781 
5 95 33 165 81 126 253 23 143 173 67 161 309 15 185 212 
7 47 14 84 23 63 102 75 177 275 108 270 427 92 393 519 61 483 584 14 535 554 
7 22 152 190 11 333 352 52 391 514 26 401 443 55 485 571 41 548 626 60 663 744 
8 19 2 35 7 7 20 22 20 60 57 287 373 33 375 419 115 428 579 89 481 620 91 594 719 
13 83 5 110 8 99 110 65 142 253 16 165 197 33 406 462 37 481 532 70 538 631 40 590 667 47 622 694 2 671 674 18 721 746 4 775 781 2 783 786 
8 16 199 226 71 317 454 15 346 372 38 379 436 70 564 684 23 699 733 37 726 782 20 733 785 
4 41 255 321 85 406 558 72 453 599 30 508 558 
8 40 23 83 98 105 246 53 105 178 53 314 410 98 451 598 48 643 726 10 732 749 2 783 786 
11 105 87 237 22 107 137 22 190 221 24 202 245 24 205 256 3 243 247 87 342 487 17 365 398 19 408 435 22 497 528 22 719 759 
