10 60
12 36 62 107 43 141 192 51 293 354 2 315 318 33 376 414 23 382 413 42 428 476 19 472 494 9 478 491 12 611 627 36 615 665 32 617 657 
6 29 86 128 54 151 222 21 477 506 96 506 631 29 519 556 5 726 733 
4 37 120 166 109 222 361 88 243 362 46 414 471 
6 72 137 219 57 219 287 78 225 330 35 318 362 67 339 427 77 602 695 
6 7 15 25 42 188 244 20 325 352 76 390 483 80 474 587 3 549 553 
4 57 244 311 99 444 578 50 628 697 24 634 667 
7 60 67 139 96 136 254 38 204 255 58 328 407 15 511 533 79 516 610 4 680 685 
3 103 52 193 36 276 324 104 394 537 
7 11 115 128 42 126 181 19 212 237 49 362 422 97 423 543 37 541 594 80 636 738 
5 111 380 519 56 504 581 81 511 629 16 513 533 15 717 738 
