10 58
8 20 92 117 8 262 273 84 289 407 34 313 360 20 443 472 106 524 643 11 592 609 3 639 643 
3 70 5 103 74 316 422 40 321 379 
3 87 73 200 53 244 328 15 663 683 
7 41 244 307 30 356 395 27 518 552 99 566 685 16 619 640 55 645 715 6 718 726 
9 8 70 80 63 158 252 2 176 179 50 201 263 10 358 371 38 369 413 49 595 663 14 600 617 11 684 698 
5 51 17 80 79 58 173 16 74 92 34 109 152 65 634 725 
7 26 130 162 53 315 383 92 550 673 22 621 649 35 651 698 18 686 710 24 694 724 
6 103 124 250 70 230 321 58 360 436 28 388 422 65 429 524 11 662 677 
5 90 141 256 101 285 416 101 303 437 23 413 444 6 692 701 
5 77 106 205 22 114 143 56 116 186 60 151 227 60 583 660 
