10 167
16 100 20 155 55 79 154 40 156 207 25 163 198 96 211 349 5 312 319 19 343 368 80 417 529 78 583 679 73 599 700 144 600 767 123 618 792 69 646 744 110 653 806 2 865 868 11 866 879 
16 38 65 122 67 173 253 85 202 307 76 203 300 124 206 391 72 267 357 31 387 425 125 464 641 49 497 558 9 579 591 134 666 845 78 726 829 89 732 845 53 761 834 52 824 909 22 863 892 
13 128 36 197 82 59 158 130 82 265 7 110 119 103 150 290 37 206 254 142 406 574 61 511 586 25 571 607 118 654 816 113 657 815 114 681 827 137 733 904 
13 94 36 148 119 64 241 81 107 221 66 112 197 15 248 269 99 283 412 112 370 529 44 599 658 71 629 727 98 702 836 83 717 827 92 775 908 69 821 910 
22 39 1 49 127 1 167 7 3 13 82 48 170 53 82 148 77 195 303 129 195 330 70 227 314 28 250 292 108 278 430 26 293 326 98 390 522 15 394 411 117 447 625 5 476 483 89 495 627 2 760 763 45 784 853 43 821 880 2 887 890 13 889 905 11 892 906 
14 121 91 253 120 249 429 18 250 275 80 266 379 146 272 444 140 332 507 111 435 586 111 521 672 28 545 585 123 679 846 43 846 905 34 869 917 31 877 921 14 886 902 
17 18 96 120 56 102 181 132 188 372 103 210 338 15 230 250 7 243 251 18 319 342 129 335 520 16 340 361 130 373 541 164 466 645 69 535 619 26 577 611 12 598 617 65 633 736 113 697 867 12 855 871 
18 78 0 99 50 68 126 50 132 190 116 275 435 39 277 325 75 287 406 87 318 448 19 319 343 82 363 455 80 387 501 64 405 490 91 495 616 137 596 757 76 648 745 34 659 701 22 803 834 40 850 904 3 920 924 
18 88 7 120 14 41 60 131 121 277 105 207 351 91 412 531 73 426 510 111 468 612 39 486 536 27 518 552 135 533 706 66 584 665 80 626 743 104 645 787 42 691 751 50 708 774 27 805 838 6 819 827 8 891 902 
20 29 19 51 120 40 219 16 71 92 80 122 240 2 194 197 46 274 342 30 278 318 142 289 461 86 300 399 35 330 379 76 390 491 12 394 412 108 562 703 99 622 745 56 640 710 57 655 739 63 827 909 14 847 866 42 855 905 2 919 922 
