10 106
12 16 202 219 63 337 404 10 359 370 82 397 485 56 418 479 77 459 544 85 471 566 112 486 608 55 488 549 47 490 543 15 598 614 19 616 637 
8 27 150 179 103 215 329 68 230 305 62 250 320 87 319 419 107 369 485 67 505 578 49 557 612 
10 59 19 87 83 63 151 82 147 239 98 271 384 24 361 386 29 417 448 88 493 589 55 513 576 19 607 627 3 610 614 
10 114 22 147 86 208 303 52 215 273 46 257 308 58 296 363 16 339 356 29 380 411 2 452 455 109 489 615 61 503 570 
12 47 21 75 42 117 164 15 134 150 69 218 292 18 356 376 105 367 485 77 440 527 30 496 530 75 528 611 9 550 560 30 588 623 20 600 621 
11 34 133 169 111 243 365 55 246 307 18 274 294 33 274 311 7 312 320 18 338 358 105 356 475 93 393 501 34 544 580 2 567 570 
12 57 26 90 75 47 131 5 151 157 73 207 288 22 232 256 46 234 283 85 409 500 52 462 520 65 492 564 75 561 642 41 588 632 15 618 634 
12 35 1 41 118 20 147 17 93 111 28 163 195 52 214 272 87 256 351 87 275 367 74 307 389 50 325 380 99 470 578 12 590 603 9 633 643 
11 62 31 99 18 53 72 18 58 77 97 70 178 49 91 149 43 143 190 80 176 261 98 210 322 39 301 343 90 398 497 8 611 620 
8 8 115 124 19 135 156 104 265 380 95 398 509 105 409 525 89 456 551 69 474 549 100 511 628 
