10 62
4 73 59 163 34 122 181 4 256 261 29 568 604 
10 22 7 34 7 11 19 26 164 197 10 170 184 21 214 238 5 252 258 11 289 303 66 363 447 82 446 561 28 493 529 
5 16 175 197 67 245 329 49 245 316 46 425 485 18 579 601 
7 58 74 146 71 100 196 9 276 287 24 310 341 53 542 613 20 567 593 2 635 638 
11 15 16 36 16 55 73 56 99 171 39 125 170 13 244 261 16 282 302 16 327 348 27 338 373 32 601 642 6 618 626 6 619 627 
5 85 58 170 81 231 342 6 567 576 2 598 601 7 599 608 
5 22 33 67 98 53 178 85 149 248 34 402 445 32 587 631 
7 54 183 255 3 291 295 61 299 383 76 420 518 17 452 473 14 468 488 111 509 621 
3 93 81 204 96 365 485 67 435 529 
5 89 148 267 61 299 384 14 325 342 11 328 344 4 492 498 
