10 78
8 37 27 81 18 40 72 9 40 54 11 120 137 24 147 182 45 177 235 27 186 225 20 202 235 
7 23 11 42 17 31 67 20 73 116 29 92 137 17 220 245 18 321 357 5 323 330 
7 32 23 73 2 45 48 22 73 123 46 205 264 2 243 246 29 274 323 19 318 357 
7 26 118 156 2 155 158 25 224 267 42 253 322 20 280 318 18 308 338 7 339 347 
10 34 132 179 13 137 158 3 142 147 39 144 197 26 155 198 13 191 210 50 259 330 22 281 316 4 297 302 20 314 340 
9 5 1 9 25 4 48 23 25 59 7 50 64 36 61 119 38 192 251 7 198 208 16 205 231 40 290 343 
9 16 69 96 29 83 130 14 91 122 2 106 109 5 165 173 17 171 198 27 186 222 35 192 248 11 319 338 
9 36 124 171 48 128 193 22 155 198 2 168 172 27 180 218 2 260 263 45 291 347 19 301 335 21 329 356 
7 18 6 33 38 101 156 27 135 201 20 171 201 20 173 202 31 271 321 2 274 277 
5 42 2 71 40 20 87 12 53 76 11 291 313 20 321 356 
