10 106
10 47 40 119 74 171 321 28 203 288 35 427 491 72 448 566 88 523 653 42 603 671 101 695 854 12 782 798 43 803 876 
8 77 101 249 54 383 492 99 479 629 25 523 566 10 529 542 119 611 784 58 676 791 64 763 874 
10 56 197 306 91 208 341 105 232 407 56 243 320 78 369 490 23 526 559 85 599 746 80 677 809 44 776 845 2 878 881 
8 98 143 308 76 257 384 16 363 395 84 410 529 54 533 654 101 597 751 81 739 859 81 763 881 
13 92 3 141 104 16 177 108 55 216 29 141 188 42 188 260 44 300 382 44 348 400 29 632 671 41 657 717 37 736 804 46 736 828 31 810 867 4 872 877 
11 65 125 231 50 238 330 105 249 419 94 268 403 81 294 449 51 556 636 6 616 626 61 720 796 35 763 840 19 774 807 3 798 803 
13 30 21 71 124 40 191 9 159 171 32 167 225 38 312 380 71 339 453 39 401 452 65 409 554 60 441 529 35 454 521 58 767 841 53 778 874 3 853 857 
10 113 41 195 99 44 217 82 51 194 29 100 152 32 158 217 48 273 343 78 551 679 74 573 696 109 738 874 12 790 810 
10 85 26 178 55 80 188 63 167 271 18 172 206 91 330 503 95 370 514 109 384 558 30 742 778 17 804 827 19 849 881 
13 101 27 193 44 100 207 76 132 249 90 243 371 13 289 308 9 354 371 67 447 542 6 507 514 125 546 698 45 560 635 49 781 861 16 850 873 2 879 882 
