10 115
13 20 104 131 76 105 207 55 110 238 23 177 214 100 247 409 21 285 318 50 528 622 26 546 591 18 724 749 21 743 817 7 748 762 17 769 796 2 816 819 
11 74 32 174 62 94 206 21 106 142 29 147 192 35 252 316 112 407 559 42 542 607 17 619 645 39 723 796 36 724 773 31 742 789 
14 16 9 34 13 14 37 65 106 212 23 191 239 9 277 290 22 351 386 49 369 452 32 544 588 10 559 573 70 567 682 86 620 744 77 650 809 32 736 775 21 739 774 
10 72 73 197 71 99 206 71 191 308 9 216 229 49 329 404 96 412 554 16 433 474 73 587 721 37 695 748 27 709 751 
15 115 79 234 3 81 86 36 171 221 21 220 260 20 227 252 102 264 409 62 285 373 92 581 702 64 594 715 58 650 731 25 674 727 4 702 707 14 746 767 24 765 808 3 810 815 
11 12 132 147 58 137 227 90 324 457 98 359 482 88 598 733 6 599 607 75 607 755 61 618 733 21 727 763 35 741 798 18 788 810 
9 31 237 308 68 411 517 74 484 602 20 551 590 83 561 713 6 573 581 58 673 760 61 680 769 52 684 776 
9 60 99 238 40 201 261 80 237 379 118 323 471 38 417 492 73 492 612 3 591 596 24 655 713 45 715 808 
9 40 36 98 86 98 247 21 154 187 23 237 270 53 269 352 81 353 490 31 510 581 5 540 549 80 566 721 
14 21 22 52 95 169 312 40 202 271 51 255 345 10 264 279 40 318 375 81 346 477 101 409 543 45 527 598 37 637 684 48 672 763 30 736 792 25 764 798 2 814 817 
