10 273
23 21 15 39 59 26 92 117 30 158 75 56 140 143 84 241 131 107 252 75 107 190 85 130 223 146 166 325 122 199 333 16 206 223 103 238 343 123 265 401 95 267 375 27 275 304 33 327 363 94 373 476 105 385 501 87 633 730 91 663 760 70 681 756 82 701 791 14 780 795 
24 127 23 162 94 33 137 32 61 96 137 82 238 123 124 260 54 152 212 27 161 190 29 163 194 94 172 279 67 207 281 23 223 249 113 240 364 132 284 425 10 377 388 141 390 546 120 400 534 51 417 476 8 432 441 81 436 526 8 483 492 26 605 633 133 642 786 59 677 742 41 746 790 
25 29 12 43 99 16 127 99 18 131 10 62 73 28 64 94 81 85 174 105 171 288 129 225 368 60 264 328 116 283 416 105 320 442 11 426 438 75 447 532 67 521 594 121 552 692 104 553 661 104 570 685 16 577 594 17 581 600 14 626 641 85 671 767 5 683 689 61 705 773 17 736 755 40 755 799 
32 136 12 159 38 19 62 14 66 81 53 67 126 91 68 171 25 69 96 83 83 174 20 92 113 87 131 225 4 211 216 68 220 294 121 258 392 30 259 292 69 285 361 15 286 302 101 303 413 71 306 390 116 314 437 76 319 408 139 329 487 34 357 393 14 370 385 32 421 455 89 490 588 54 496 554 7 520 528 37 580 619 57 688 752 46 708 760 22 760 784 4 795 800 2 796 799 
31 91 13 115 134 16 160 83 18 107 21 33 56 64 57 127 107 60 179 25 96 123 139 113 268 110 136 259 118 189 316 26 293 320 82 303 394 89 349 446 126 362 498 92 374 470 37 375 416 22 400 424 11 405 417 37 430 470 48 447 498 51 482 538 5 494 500 133 502 648 47 515 568 74 537 616 36 593 635 70 603 679 82 660 753 57 743 802 2 794 797 5 797 803 
29 90 2 102 34 10 48 146 22 176 5 30 36 13 45 59 136 46 195 116 62 194 14 147 162 79 186 273 22 195 220 123 205 345 119 315 448 15 331 347 20 427 449 129 458 600 79 478 563 65 521 592 125 584 727 47 660 714 84 669 766 74 687 769 15 703 720 19 749 769 36 757 796 12 768 781 8 784 793 7 786 794 11 790 802 4 796 801 
32 75 78 158 79 95 179 34 97 134 63 119 189 13 174 188 104 175 288 19 196 217 115 211 339 60 222 288 18 311 331 99 334 439 2 338 341 42 350 396 68 361 438 64 380 447 96 399 506 103 401 508 69 408 484 74 435 519 18 456 476 131 482 629 63 568 637 69 612 694 61 656 722 110 673 793 5 674 680 56 704 765 72 713 790 29 726 759 65 732 803 11 748 760 17 783 802 
28 38 0 43 17 1 19 127 10 148 128 26 165 18 45 64 84 155 245 61 187 255 71 206 286 127 206 339 51 215 271 98 257 362 84 288 380 38 291 332 141 313 473 92 337 444 41 341 385 90 360 460 113 447 566 83 490 580 80 516 602 145 523 681 9 605 615 147 615 770 12 649 662 26 692 721 51 715 773 48 738 791 8 762 771 
27 110 43 164 127 76 217 132 149 294 66 175 247 87 188 284 89 192 291 28 211 242 35 222 260 58 234 298 12 273 286 46 277 326 20 298 319 127 350 483 59 419 485 124 467 604 126 500 640 95 540 643 70 555 633 95 571 678 60 580 647 3 580 584 58 581 647 35 635 675 5 638 644 123 647 779 54 692 749 30 696 728 
22 34 8 46 117 34 166 138 71 230 101 104 218 17 128 146 132 236 379 140 256 412 22 274 298 25 298 326 64 310 381 36 371 411 129 395 540 16 414 432 105 452 569 46 487 539 96 520 625 38 567 609 98 617 723 125 648 782 102 665 776 68 673 747 53 697 755 
