10 64
7 47 157 245 53 175 257 103 195 358 32 452 509 37 639 701 92 645 800 6 825 832 
6 91 92 237 95 211 348 61 287 373 53 324 407 17 541 570 60 648 770 
9 67 26 124 6 47 55 15 93 116 80 151 269 39 288 364 26 359 403 59 441 543 35 445 506 3 834 838 
5 92 55 200 18 349 383 50 518 585 54 533 700 40 734 816 
7 28 52 96 52 91 169 35 135 190 87 260 410 112 352 509 108 385 514 60 457 588 
4 96 272 439 67 284 406 65 438 578 19 751 793 
7 122 104 269 94 165 301 69 216 334 73 296 418 14 395 412 59 762 833 13 815 836 
7 42 104 187 45 276 349 75 295 400 45 628 706 39 628 694 41 675 760 19 745 772 
7 9 15 29 88 133 276 36 152 231 49 337 400 102 347 486 58 401 502 24 687 724 
5 97 113 259 105 206 373 73 465 580 31 652 715 54 704 804 
