10 121
7 91 5 139 73 109 225 94 381 525 66 387 468 62 501 578 57 639 709 82 644 765 
16 8 33 43 24 34 65 84 83 186 9 170 181 74 213 304 34 330 379 102 335 462 101 341 471 97 343 458 44 503 560 101 575 701 42 699 753 25 706 738 15 762 784 17 764 786 7 769 778 
12 50 12 76 9 28 39 46 158 212 19 173 196 40 285 332 95 294 432 62 305 385 15 339 360 2 356 359 118 571 722 108 604 761 39 641 693 
13 18 41 62 103 126 256 114 154 310 14 217 237 32 275 321 54 409 474 82 456 580 53 484 552 82 522 630 63 630 710 29 700 740 8 704 714 17 716 740 
13 51 54 121 36 100 147 31 114 153 86 183 281 68 259 343 121 267 414 89 335 449 54 354 426 18 451 475 94 465 586 49 468 529 26 551 589 6 602 609 
17 18 62 85 42 169 220 43 249 316 94 258 373 94 270 374 19 309 339 35 319 362 47 340 393 25 433 461 42 440 490 39 467 512 66 589 677 33 612 657 9 678 690 52 702 770 54 710 776 28 738 776 
11 39 53 108 42 123 172 11 149 165 109 171 310 11 343 357 108 426 566 13 472 489 122 525 676 78 604 715 48 672 750 51 682 753 
15 54 131 196 64 142 219 28 174 218 81 177 275 59 280 366 79 337 432 53 477 551 21 564 593 52 597 671 14 644 663 45 727 787 21 736 761 20 747 772 6 757 764 12 763 778 
9 33 44 88 91 260 391 100 366 513 40 374 419 59 384 459 104 503 634 57 558 631 48 643 711 32 693 733 
8 64 56 145 62 138 223 95 139 268 61 238 323 52 353 421 72 369 463 84 371 489 34 656 708 
