10 267
33 87 5 105 12 33 46 50 39 95 19 41 62 39 56 98 82 68 156 144 68 229 114 69 193 39 106 150 19 108 128 86 112 207 125 147 288 31 147 180 21 171 194 75 178 267 67 272 343 141 297 458 34 310 346 43 346 393 87 357 453 41 369 413 39 404 447 9 460 470 41 521 567 56 526 588 35 555 593 50 565 621 39 587 628 8 594 603 136 667 824 34 733 771 60 775 837 41 787 833 
29 136 16 177 42 92 140 8 124 133 22 130 153 55 214 273 4 254 259 132 289 436 13 300 314 4 426 431 39 474 516 148 480 643 26 484 513 105 507 623 53 536 592 12 558 571 132 560 701 91 560 660 85 562 658 95 584 691 14 586 601 38 595 637 131 638 785 133 673 814 116 689 817 79 715 802 91 716 815 75 740 824 3 808 812 20 813 836 
25 21 69 92 136 78 228 50 103 159 61 114 187 11 132 144 57 155 219 103 159 274 121 189 326 63 229 301 32 276 312 142 284 446 12 298 311 125 300 440 80 325 412 50 347 401 86 369 465 18 419 439 152 520 686 103 576 689 137 609 757 56 613 674 44 635 683 63 663 733 147 680 836 13 783 797 
22 135 78 229 119 89 222 86 158 249 86 228 323 36 231 271 80 235 323 149 348 502 21 352 374 112 406 528 149 418 585 73 423 506 73 427 507 115 494 617 113 516 650 9 603 613 136 635 788 151 635 799 43 650 697 115 686 813 49 687 741 65 716 786 63 741 813 
27 146 18 174 90 35 132 23 115 139 136 117 266 103 178 295 146 180 347 62 185 256 86 217 312 134 220 364 153 275 436 101 296 408 7 304 312 25 307 335 147 344 504 65 367 441 7 371 379 118 385 515 11 500 512 34 501 539 126 516 657 63 542 610 3 601 605 131 665 806 7 695 703 70 701 778 99 707 816 32 769 804 
25 119 18 151 69 41 118 97 65 172 139 183 337 143 186 342 65 200 274 82 201 292 88 247 346 40 336 380 124 344 479 70 358 437 84 369 460 8 384 393 53 387 447 73 394 471 128 457 599 114 462 588 82 544 634 118 567 698 88 638 738 22 643 668 12 708 721 114 708 831 41 709 756 20 771 793 
25 137 12 168 121 21 154 119 221 361 23 257 283 31 283 317 140 291 445 61 317 388 144 332 490 125 360 498 21 363 386 146 386 546 18 392 411 50 452 505 15 470 486 94 489 593 107 492 609 12 508 521 41 518 563 65 560 632 38 562 603 132 668 810 99 668 776 104 696 813 57 767 829 14 814 829 
28 54 17 75 81 36 131 86 79 175 146 204 369 27 214 244 147 233 396 85 293 388 84 314 404 132 340 485 23 355 380 4 365 370 137 366 513 71 369 445 96 423 528 35 445 483 76 553 636 60 594 660 139 617 769 76 626 707 87 637 736 2 643 646 144 656 819 5 710 716 69 745 819 49 765 818 22 794 818 36 794 833 20 799 821 
25 56 63 126 28 80 111 146 113 275 81 120 209 35 143 183 85 161 257 82 177 265 10 211 222 136 214 370 127 288 419 71 301 379 119 435 575 70 442 518 105 448 564 91 511 613 14 518 533 96 527 633 5 534 540 143 559 718 140 605 760 41 608 653 128 679 819 6 685 692 44 741 789 21 743 766 
28 10 62 73 61 109 177 142 128 282 149 140 305 19 161 182 75 169 250 124 177 311 70 179 261 64 195 267 117 249 381 129 274 419 64 342 411 16 371 389 99 371 484 99 385 496 49 432 485 85 479 572 27 491 521 27 500 528 124 588 720 139 595 753 39 684 729 61 703 772 61 722 789 18 733 752 17 802 820 11 820 832 6 829 836 
