10 160
20 63 15 99 128 119 298 11 207 223 29 304 340 86 314 423 86 336 446 78 337 455 5 532 538 40 557 604 67 583 683 32 589 630 23 604 635 44 627 683 119 669 821 37 688 731 17 718 738 89 776 894 10 851 867 12 856 872 22 861 891 
15 44 98 153 120 121 299 137 171 318 61 193 291 54 256 327 74 283 405 106 324 458 63 369 447 123 442 607 21 605 635 118 643 787 49 762 827 10 775 786 54 820 888 5 874 880 
15 133 41 207 7 80 90 39 128 181 49 174 240 52 176 253 71 237 326 127 369 548 130 389 556 82 407 523 28 472 514 62 542 630 139 592 769 41 730 780 58 732 806 2 859 862 
13 105 36 181 87 72 192 71 188 286 60 268 352 77 302 399 32 312 359 96 430 560 110 670 811 97 727 866 42 755 814 66 800 889 49 819 898 2 846 849 
19 15 46 64 125 186 341 2 204 207 122 231 384 66 234 313 14 302 320 78 316 420 150 411 582 122 470 634 37 518 557 15 581 606 130 581 761 88 620 743 113 637 768 140 667 836 63 732 820 20 747 769 46 799 859 19 836 860 
13 124 10 181 7 140 149 112 214 388 43 224 284 113 301 476 84 377 481 111 410 576 16 477 498 119 672 820 86 761 886 11 846 859 15 852 870 11 882 895 
11 134 21 192 87 24 126 91 31 168 87 133 250 117 271 427 96 371 486 122 504 648 68 505 609 116 515 667 48 538 601 111 651 803 
17 10 81 93 3 123 127 72 163 245 91 262 389 109 281 407 83 309 400 117 330 489 65 340 426 105 445 585 81 456 570 73 493 594 145 539 712 113 597 729 153 669 842 99 752 882 6 888 895 6 892 899 
20 71 15 117 18 25 47 61 60 142 18 69 95 2 181 184 97 181 323 91 254 372 51 264 331 4 288 293 131 328 505 33 436 478 83 456 569 53 488 568 55 658 736 138 689 842 77 776 883 5 833 839 25 850 883 5 890 897 9 890 900 
17 23 8 41 26 138 174 99 159 284 37 251 303 124 300 464 71 320 413 131 356 504 68 416 502 82 588 694 49 597 662 76 631 735 64 658 760 110 676 827 40 708 762 10 819 832 16 855 878 2 896 899 
