10 53
5 20 47 73 68 407 495 52 511 582 91 696 827 18 805 832 
7 18 126 150 104 200 351 61 350 424 137 529 687 25 558 595 92 669 782 14 795 812 
5 41 248 305 96 285 416 6 368 375 59 651 728 36 760 805 
7 111 119 272 31 545 587 16 557 580 25 608 641 29 725 762 19 808 834 7 819 828 
5 50 31 98 36 105 146 87 109 227 56 434 513 53 760 831 
3 130 34 187 81 189 306 97 310 434 
4 82 81 200 111 146 295 47 622 679 66 696 776 
6 2 278 281 108 370 514 10 384 400 73 622 710 51 754 822 33 784 828 
4 44 158 226 108 394 546 4 458 463 37 576 625 
7 105 113 241 24 287 325 46 305 363 53 387 450 14 602 620 31 621 661 82 636 749 
