10 124
9 95 141 282 75 342 477 40 446 543 78 462 584 63 608 770 21 734 773 102 787 987 45 816 883 23 835 873 
9 84 152 282 76 193 397 117 313 468 75 360 509 115 442 629 87 531 671 73 619 772 6 630 640 73 638 743 
13 42 198 249 14 238 256 75 339 461 51 344 420 109 401 607 89 506 646 43 672 738 10 676 694 124 689 864 93 704 832 21 742 795 67 802 891 57 834 912 
11 31 139 190 65 142 282 171 198 406 98 253 400 111 316 493 12 363 389 99 646 779 105 811 945 54 815 902 97 848 1011 4 885 892 
15 16 3 36 22 185 217 41 213 268 15 217 239 161 286 496 46 314 389 76 347 503 12 414 431 82 555 699 44 574 684 30 661 700 71 736 874 72 836 960 32 989 1037 9 1030 1043 
13 4 133 139 54 162 243 89 182 324 121 183 373 12 230 246 10 256 271 34 303 367 51 414 547 54 493 564 65 649 771 37 729 796 29 793 837 129 843 1053 
13 64 14 118 37 135 188 32 343 415 79 560 681 53 676 780 38 683 765 107 732 889 83 764 877 4 808 813 101 870 1031 4 932 938 65 965 1052 51 982 1048 
12 107 177 333 25 203 247 7 292 315 58 303 381 14 396 417 11 589 610 97 593 788 35 638 695 51 662 732 84 743 919 115 867 1055 21 1007 1044 
18 8 10 22 15 19 46 74 89 195 75 129 264 8 140 151 80 327 441 27 371 433 112 499 707 2 501 504 36 507 577 48 653 739 7 720 729 31 812 857 57 843 936 33 926 973 42 943 1001 13 1043 1062 6 1051 1060 
11 124 29 206 117 183 339 63 193 315 123 318 484 80 484 621 28 587 624 37 597 693 5 683 691 131 695 900 49 780 874 3 1056 1060 
