10 117
7 41 123 220 30 211 271 101 269 422 79 434 550 89 571 739 80 645 775 40 797 850 
12 45 28 121 28 165 206 59 256 334 83 388 534 58 445 547 71 506 611 17 561 588 36 598 646 63 630 709 56 679 770 53 774 867 9 813 828 
11 57 10 107 59 119 225 40 138 199 66 170 285 74 268 372 80 558 703 43 779 856 41 807 861 25 832 873 10 837 850 10 844 863 
13 31 38 82 59 73 158 69 74 203 79 109 237 9 160 172 110 500 674 23 510 557 17 565 590 10 616 634 21 630 677 87 705 828 6 723 731 27 833 873 
12 85 2 156 57 131 209 19 297 327 11 326 342 11 451 465 10 477 501 87 577 734 67 578 670 103 618 790 67 650 761 6 829 840 2 869 872 
10 47 3 86 86 152 260 80 190 351 64 261 351 28 270 309 89 341 476 58 416 497 37 550 600 66 608 738 5 767 774 
20 12 0 20 10 22 37 15 41 68 44 101 183 70 226 335 6 322 330 17 384 407 62 393 483 59 445 521 60 461 554 5 519 529 37 543 598 8 546 557 8 590 604 4 666 673 53 726 793 85 728 843 47 744 826 35 796 872 3 844 848 
11 57 61 145 46 84 160 64 94 197 52 348 473 101 365 525 119 444 604 7 505 515 68 653 772 3 817 823 5 827 834 16 832 856 
9 16 85 107 61 177 277 76 231 359 47 551 608 122 568 736 16 601 628 47 683 831 70 753 859 16 831 867 
12 40 33 117 33 331 385 18 388 414 60 446 523 20 451 502 59 529 650 33 549 619 13 632 652 37 708 759 15 750 778 54 750 858 20 806 844 
