10 123
11 47 35 86 126 123 263 132 240 383 83 339 434 133 500 647 73 502 579 28 595 627 57 674 737 43 685 732 11 694 706 28 699 728 
14 121 18 142 18 109 128 103 116 232 36 209 248 14 213 228 42 227 274 46 240 290 19 297 318 116 425 545 73 432 513 36 497 537 94 509 614 103 528 648 64 662 730 
14 98 27 133 70 43 120 2 105 108 53 164 220 35 239 277 110 318 440 46 321 373 123 437 569 124 546 683 9 563 573 31 633 667 25 664 691 64 665 735 6 694 701 
11 43 17 66 128 177 320 29 190 222 9 322 332 89 375 473 19 423 444 124 465 602 120 543 678 61 632 700 85 635 725 31 653 688 
13 62 46 114 96 86 196 8 107 116 41 260 305 33 430 467 22 449 473 91 449 547 119 493 629 102 521 639 24 567 593 33 681 717 8 728 737 2 735 738 
16 43 8 55 49 65 120 7 68 76 3 206 210 50 254 312 79 257 343 44 308 359 27 365 396 69 369 447 63 415 484 94 447 546 44 480 531 46 483 536 24 698 724 8 703 712 8 718 727 
14 7 82 90 65 165 237 94 200 303 116 288 419 34 289 326 129 347 488 26 369 398 39 388 431 98 464 572 70 484 562 2 570 573 5 609 615 31 657 692 16 699 716 
9 76 39 124 81 40 133 130 236 377 17 237 256 7 264 272 121 409 545 112 439 563 90 605 705 16 709 726 
10 121 62 194 60 82 148 121 121 261 61 138 205 17 431 450 91 494 596 99 508 613 27 525 554 60 652 721 3 663 667 
11 95 26 131 62 40 107 40 82 126 109 94 214 87 240 336 131 242 383 101 276 391 122 464 598 20 502 523 57 657 719 9 719 729 
