10 59
7 9 44 55 8 45 54 4 93 98 24 127 160 14 158 176 41 248 301 12 285 302 
3 37 47 95 40 200 251 37 231 283 
5 29 105 149 12 131 145 6 241 248 37 252 304 3 308 312 
4 25 59 92 20 109 135 40 112 166 6 297 305 
4 38 143 189 28 233 268 31 271 314 23 273 300 
9 26 11 43 42 200 257 4 224 229 32 228 268 21 256 281 8 266 275 32 276 314 10 280 291 2 307 310 
7 45 44 96 24 104 133 4 107 112 16 110 131 17 196 219 41 239 287 2 300 303 
5 11 31 46 23 32 67 4 54 59 19 187 213 8 267 280 
8 47 28 85 30 63 100 29 73 103 16 77 100 5 172 178 5 191 197 34 229 272 7 292 300 
7 9 26 37 30 60 104 36 87 131 16 248 272 11 275 289 15 289 307 2 302 305 
