10 461
37 119 17 153 94 29 138 91 68 169 99 99 208 162 152 337 52 175 232 119 177 306 38 215 257 130 245 389 124 253 391 143 266 420 149 278 436 152 287 459 27 329 358 163 377 558 159 389 568 115 399 522 101 413 527 57 415 475 40 430 474 41 434 480 131 485 631 28 488 519 104 500 617 99 519 628 67 520 592 86 555 647 5 593 599 137 625 776 22 639 663 81 661 751 74 670 750 113 697 820 33 717 753 76 743 825 70 770 849 88 787 884 
47 26 70 99 120 93 226 21 96 118 96 98 204 161 147 329 123 156 293 125 164 305 53 215 274 164 241 425 114 242 374 77 244 329 18 278 298 11 291 303 91 316 412 37 319 358 11 361 373 137 396 546 19 411 432 154 419 589 87 422 519 49 440 493 32 464 499 73 470 552 90 508 607 89 531 631 106 545 660 35 545 581 146 551 720 14 565 581 103 590 702 104 595 710 29 597 629 107 603 722 41 672 718 166 696 880 24 699 725 2 701 704 138 732 884 24 747 773 87 750 843 69 803 878 71 807 882 70 825 900 20 826 847 25 843 872 40 875 918 30 890 923 
45 117 19 149 13 37 51 3 39 43 64 62 133 136 65 220 93 81 184 54 82 142 122 107 241 167 122 307 82 185 278 147 204 367 155 211 380 154 256 430 40 264 307 103 266 381 104 306 419 40 313 356 78 327 413 145 328 492 63 380 448 167 383 564 17 385 404 5 407 413 111 431 559 73 449 531 65 456 530 23 480 506 123 482 616 102 520 631 102 556 669 56 559 623 4 633 638 87 671 766 79 684 772 4 704 709 20 710 731 98 725 832 7 728 736 20 788 810 41 791 836 39 796 838 30 799 831 71 800 879 29 840 873 16 869 886 
51 121 33 172 6 41 48 91 59 163 124 66 202 96 83 187 67 102 173 113 113 236 92 126 224 61 180 248 22 206 230 21 229 252 126 236 376 71 257 335 104 258 366 73 267 344 91 313 407 121 343 472 156 382 554 30 414 446 144 415 577 121 420 549 71 422 502 50 422 478 35 430 467 155 465 627 19 485 506 159 514 688 104 527 644 111 535 654 14 538 553 6 585 592 146 595 757 45 622 670 103 630 744 143 642 797 14 647 662 145 648 810 11 668 680 90 680 777 147 681 840 116 718 840 120 750 883 49 754 808 54 795 855 41 822 866 24 827 853 38 843 884 4 861 866 35 863 901 11 902 914 3 917 921 
49 81 0 90 135 14 165 111 32 152 115 54 181 48 58 113 159 93 267 28 103 133 90 159 258 78 167 253 44 237 286 19 239 260 158 262 433 150 284 449 53 288 349 19 288 309 8 295 304 167 298 476 44 374 423 72 384 462 23 385 409 88 401 500 39 413 456 80 416 505 159 450 630 146 463 625 75 497 578 29 516 547 38 539 580 139 539 692 159 554 736 54 554 615 24 592 618 86 637 730 22 658 681 51 659 719 65 676 749 68 697 769 66 698 771 67 757 832 108 796 914 33 806 842 26 808 838 6 813 820 81 820 915 25 845 872 2 851 854 42 868 915 7 877 885 4 913 918 
40 35 19 58 71 31 110 6 44 51 28 118 148 28 128 160 25 135 162 112 151 273 61 204 272 148 208 369 81 208 301 118 251 386 47 269 322 47 340 391 107 378 504 80 382 470 4 389 394 113 437 565 160 440 615 109 455 573 101 483 597 165 503 682 112 509 635 26 548 576 39 550 593 148 568 736 131 576 722 117 600 735 11 606 618 52 696 752 145 701 852 141 708 865 162 721 903 156 728 895 109 732 854 82 820 913 68 830 902 32 832 867 11 834 846 41 861 906 21 893 916 
51 78 6 95 21 40 63 10 54 65 136 82 231 111 83 201 33 140 174 26 169 197 122 180 317 50 189 244 64 206 280 82 214 302 75 241 327 160 262 436 108 315 436 80 315 401 109 324 449 167 335 510 104 357 470 130 360 502 104 369 483 48 425 479 103 428 543 157 428 599 39 439 479 60 449 516 77 480 563 76 484 563 107 498 612 25 509 535 30 551 582 120 558 690 39 558 602 138 566 718 87 604 702 85 616 712 22 627 650 8 700 709 162 736 913 54 753 813 140 759 915 119 765 893 9 793 803 52 801 858 35 806 842 45 817 867 9 843 853 28 856 885 55 858 919 58 860 923 23 876 900 12 912 925 
49 98 0 111 22 10 35 24 38 64 98 40 146 129 50 188 103 96 209 85 102 199 13 120 134 38 129 169 136 194 340 137 217 369 154 218 390 35 279 318 11 289 301 2 313 316 39 314 356 71 353 432 18 365 385 40 389 433 120 389 520 21 391 414 41 396 440 3 411 415 96 506 613 117 526 654 101 533 644 28 579 610 75 582 666 60 587 652 13 613 627 131 626 764 3 627 631 48 642 692 79 652 737 128 658 800 97 661 767 76 684 773 124 706 844 109 711 834 131 712 858 137 729 889 37 776 817 6 799 806 104 801 919 88 807 908 93 815 914 3 817 821 16 825 843 12 890 903 
48 153 12 188 145 26 188 64 87 159 123 94 229 13 95 109 36 150 188 41 158 204 115 221 347 95 254 356 10 274 285 39 306 350 108 314 429 82 323 418 79 347 435 107 348 461 125 348 485 58 372 437 56 384 442 104 405 520 65 425 495 22 470 495 6 475 482 150 493 653 28 525 555 80 528 617 56 542 603 19 574 595 99 581 692 47 616 666 140 619 770 104 624 740 131 640 784 120 643 777 81 673 767 124 698 833 68 707 779 105 715 831 45 756 805 37 757 799 85 770 866 125 774 913 11 778 790 86 804 900 35 824 863 47 836 886 19 897 918 18 903 923 2 922 925 
44 152 42 223 131 45 189 38 86 127 68 160 234 77 175 260 115 183 310 47 207 258 79 212 299 70 233 311 148 251 412 82 289 376 144 314 475 67 317 393 34 369 407 166 395 578 128 416 552 74 458 541 44 460 509 22 474 497 17 514 532 165 526 705 9 531 541 64 552 620 84 571 665 19 612 633 104 635 755 18 679 698 103 684 798 109 705 826 160 708 880 102 715 832 68 723 798 126 751 894 57 752 815 96 768 877 118 772 901 106 775 886 114 800 921 26 802 831 8 838 847 55 858 919 14 878 893 19 901 921 10 913 924 
