10 51
4 100 335 457 33 370 411 70 460 552 108 553 689 
8 28 51 85 54 357 416 22 381 412 33 385 428 110 527 663 12 580 596 4 642 647 10 652 665 
5 64 198 288 12 362 377 76 410 514 20 428 451 31 625 664 
9 57 67 144 50 85 151 36 160 206 36 291 334 3 334 338 11 419 433 31 505 542 5 627 633 13 675 690 
3 59 112 203 32 206 252 101 437 568 
4 21 19 46 99 82 210 44 227 289 92 436 559 
5 38 18 72 90 185 310 82 189 293 11 391 405 42 559 612 
5 75 87 172 74 270 351 82 284 404 20 446 474 6 673 680 
4 74 308 420 62 363 447 44 596 647 12 633 649 
4 84 31 154 54 68 141 18 179 202 2 689 692 
