10 77
6 45 122 202 50 319 395 100 655 813 96 683 814 16 742 771 41 750 819 
10 43 3 89 7 94 106 9 96 108 40 265 325 85 393 550 58 447 530 30 562 601 2 662 665 2 687 690 15 771 800 
6 106 6 160 4 82 90 90 132 264 68 331 454 64 639 715 93 655 820 
8 32 9 69 20 302 335 46 341 416 60 503 607 48 523 606 29 602 648 52 703 781 14 763 789 
9 38 150 207 22 162 197 115 287 448 59 434 519 81 459 572 66 467 575 73 534 633 19 639 670 16 673 697 
8 20 190 218 32 216 271 23 310 346 98 343 470 25 627 677 73 673 808 24 729 774 20 774 808 
6 78 77 218 78 154 288 33 163 208 89 423 539 77 606 736 6 805 813 
10 60 61 143 76 384 503 72 388 501 6 564 572 8 579 592 105 611 767 21 623 650 11 713 730 43 760 826 2 821 825 
7 49 35 117 54 212 289 72 294 426 73 473 629 10 519 534 37 684 751 13 790 806 
7 6 239 248 94 352 498 74 546 649 32 548 605 36 570 636 60 718 816 18 749 784 
