10 292
36 53 0 58 71 2 80 9 22 32 78 65 149 46 92 145 12 185 198 12 189 202 9 214 224 43 238 285 19 251 271 56 289 351 107 308 423 11 308 320 43 323 369 21 347 369 118 365 496 61 376 443 51 391 450 105 403 517 103 403 513 69 412 487 72 429 505 33 487 523 108 528 644 119 536 672 57 572 633 21 580 603 32 591 625 75 615 696 53 618 675 112 636 764 124 651 785 14 672 687 98 680 784 51 714 768 22 761 786 
28 25 30 57 77 34 116 119 38 166 37 55 97 102 98 211 138 190 347 46 239 289 126 248 397 13 249 263 68 267 342 121 283 418 57 290 351 74 325 406 50 334 389 3 400 404 102 405 519 97 416 523 15 427 444 140 462 610 46 482 531 104 568 686 87 601 699 56 613 674 84 647 740 16 727 744 4 767 772 7 776 784 4 777 782 
33 80 10 100 34 71 110 96 95 203 16 112 130 58 123 183 20 143 165 108 149 275 129 173 314 87 199 293 94 202 305 36 205 245 84 206 295 115 265 393 106 272 389 23 277 303 123 327 465 81 400 487 50 420 473 33 421 458 54 457 516 16 489 506 75 581 666 56 583 645 60 594 660 139 610 757 9 629 639 33 691 727 31 718 753 47 721 774 2 722 725 6 723 730 47 735 785 4 773 778 
33 51 39 96 2 41 44 125 64 205 4 130 135 70 183 261 62 214 282 14 237 252 44 273 324 73 321 400 84 323 414 63 355 422 26 375 404 61 392 461 46 399 447 113 437 565 41 442 487 60 457 523 60 474 539 136 511 663 23 525 550 109 528 652 51 547 602 132 583 733 51 599 655 8 603 612 63 650 722 26 659 687 24 679 706 73 680 763 11 702 714 18 747 766 15 764 780 9 771 781 
22 139 32 187 127 89 225 83 102 193 107 147 267 6 155 162 143 222 374 63 223 293 64 224 297 125 349 494 68 353 427 93 376 478 116 388 516 124 399 537 22 404 428 103 405 523 27 415 446 58 473 538 137 519 670 142 524 675 10 679 690 36 695 734 8 772 781 
27 127 5 147 108 13 132 46 15 65 110 18 136 75 27 111 79 89 174 57 94 158 109 129 247 75 155 241 88 181 281 6 231 238 60 270 338 111 283 408 52 287 344 40 311 356 30 435 467 141 450 606 18 469 488 77 509 597 87 562 659 53 564 620 119 608 738 25 624 651 30 653 686 72 705 784 13 716 730 4 762 767 
25 95 2 106 70 53 130 75 77 163 39 155 198 67 157 235 60 163 230 100 183 299 136 208 355 77 214 304 96 224 326 14 238 253 132 257 406 93 325 425 84 459 549 104 488 606 81 501 589 7 520 528 57 534 598 113 590 718 26 597 626 90 639 738 20 690 711 13 708 722 31 730 764 25 743 772 
27 128 15 154 117 37 164 84 62 155 73 79 159 109 83 207 127 93 229 65 138 211 65 144 215 33 146 182 98 148 257 94 171 278 105 180 292 37 186 229 28 189 218 112 272 394 103 279 391 100 283 392 51 300 355 44 362 410 55 494 557 111 522 645 51 645 699 48 665 719 55 674 734 14 695 710 8 753 762 2 778 781 
29 29 14 47 28 61 91 119 87 216 85 129 222 51 164 225 54 177 237 86 239 334 39 249 291 16 303 320 143 337 493 119 426 561 97 430 537 45 506 556 63 528 601 105 533 649 129 543 685 99 559 669 29 567 599 66 574 648 131 577 721 6 584 591 14 613 628 41 626 672 29 637 668 115 645 769 75 669 750 19 689 709 18 707 727 10 757 768 
32 52 34 90 75 35 122 19 104 124 32 104 141 93 122 223 48 137 191 46 138 189 81 161 249 96 183 288 81 185 271 126 232 370 60 237 304 94 276 378 11 288 300 88 308 407 82 357 446 119 369 505 71 428 508 56 438 499 2 459 462 29 521 554 111 573 692 38 605 645 131 634 778 41 668 713 59 681 746 18 711 731 14 731 746 34 737 774 13 738 752 36 742 781 15 744 760 
