10 278
28 129 46 189 111 110 229 45 129 178 85 155 250 75 202 284 133 232 379 115 249 373 162 257 430 11 320 332 140 387 546 54 390 451 33 415 451 29 418 448 15 445 461 104 456 574 52 459 514 140 468 622 163 474 653 101 526 647 37 528 567 18 594 613 164 676 864 21 737 760 17 802 820 68 834 910 17 859 878 37 878 919 7 893 901 
27 97 6 113 48 28 80 26 108 137 87 117 217 64 124 191 140 137 289 39 169 214 153 186 351 90 282 383 73 322 403 117 392 522 102 416 532 160 448 629 100 521 632 47 558 610 39 666 708 113 689 817 2 696 699 159 704 885 139 762 921 106 778 896 14 784 799 8 806 815 33 861 895 24 872 897 33 912 948 6 934 941 
32 83 35 128 147 44 208 75 48 131 8 56 65 108 111 229 108 203 319 163 209 383 2 227 230 3 273 277 107 309 431 36 310 351 92 339 444 83 341 434 104 353 467 16 371 388 13 471 485 30 496 528 63 559 625 120 619 751 97 642 745 153 664 838 85 684 779 111 721 844 82 732 821 18 734 753 98 835 946 51 842 897 4 878 883 45 897 946 10 898 909 28 898 929 29 916 947 
35 29 18 50 109 46 165 165 97 284 87 115 210 105 133 246 52 152 211 154 155 325 4 248 253 45 259 309 24 316 342 128 328 474 66 357 434 13 403 417 48 415 470 60 424 487 139 450 601 45 457 505 18 476 496 78 481 566 165 487 672 2 510 513 47 547 601 98 608 714 20 658 679 22 700 724 157 710 880 176 731 915 25 787 814 98 794 902 3 883 887 25 905 933 24 916 941 8 919 928 2 939 942 3 943 947 
22 38 12 55 90 16 113 157 33 217 50 33 89 82 39 127 72 186 263 15 228 244 135 283 440 148 432 596 165 447 634 22 488 512 119 517 651 167 634 815 110 677 801 124 699 834 31 707 740 151 745 915 87 800 895 57 823 884 44 827 876 56 863 929 21 917 940 
29 79 46 136 26 75 104 74 98 176 166 127 312 44 143 190 153 186 356 2 190 193 126 219 355 58 232 299 140 309 469 49 360 415 170 378 565 78 393 479 10 408 419 28 447 477 16 450 468 72 518 600 111 629 751 107 632 752 65 675 749 45 689 737 5 703 709 41 704 748 164 720 903 21 825 848 57 859 922 76 860 943 49 861 913 25 901 930 
24 45 5 56 69 13 91 156 21 206 154 33 199 44 46 92 42 103 150 88 155 256 17 165 184 135 267 414 33 315 353 134 333 481 165 386 566 148 459 619 71 575 654 107 606 726 163 613 798 107 627 746 53 658 717 13 683 697 76 715 797 75 727 809 54 770 830 12 784 797 77 798 882 
26 160 25 196 2 35 38 137 91 247 41 103 147 128 160 298 10 189 200 111 195 319 5 288 294 158 312 484 143 345 505 158 354 528 14 379 394 143 399 559 61 472 541 79 480 566 38 574 615 105 603 721 74 639 724 135 649 802 65 658 730 87 686 782 128 718 857 73 725 805 8 759 768 43 812 860 11 893 905 
31 7 65 73 47 153 205 51 197 253 106 199 318 159 216 389 141 269 420 6 310 317 71 334 417 47 349 400 20 356 378 144 403 564 14 432 448 140 487 636 126 526 666 29 572 604 18 611 631 68 628 699 170 628 808 92 644 745 47 651 704 38 659 700 132 701 860 122 723 855 130 769 912 130 795 940 115 813 935 19 818 838 12 872 885 17 907 925 7 935 943 3 940 944 
24 51 14 73 125 16 157 77 74 159 166 84 266 166 121 303 99 124 236 132 129 274 150 217 373 82 261 358 57 304 367 23 311 337 118 323 455 129 403 542 22 424 447 107 514 627 127 583 723 12 640 653 134 659 808 130 662 808 136 712 862 25 713 741 121 751 884 14 906 921 7 917 925 
