10 80
9 19 10 41 68 71 171 89 205 364 32 317 375 86 347 465 4 469 474 14 488 508 12 667 685 28 683 725 
6 43 17 82 90 157 300 49 266 345 47 318 389 106 638 798 21 728 770 
6 34 12 69 89 68 187 48 326 424 16 542 581 54 600 718 38 610 656 
5 44 123 211 76 496 635 77 535 657 67 588 693 63 682 762 
11 84 10 154 111 56 186 54 139 223 7 284 296 13 312 330 6 405 415 90 525 672 14 559 584 13 595 615 18 684 709 13 798 815 
8 4 33 39 20 237 259 90 237 368 17 273 297 40 308 387 71 317 411 64 571 704 22 724 764 
6 29 24 67 57 56 163 37 151 210 24 400 433 70 608 739 49 609 699 
8 18 6 39 42 226 300 35 261 327 42 293 360 48 395 481 2 544 547 51 614 719 5 806 813 
10 35 39 98 94 120 258 22 130 164 88 403 514 37 423 488 19 573 597 62 641 740 46 700 771 14 774 793 2 812 815 
11 81 22 143 38 58 125 19 64 100 31 234 282 68 260 369 11 506 525 37 618 689 2 679 683 19 715 744 19 741 776 13 756 775 
