10 281
31 37 24 66 88 44 143 26 89 118 6 119 126 8 125 134 27 144 174 23 158 183 76 188 276 40 193 237 60 206 273 134 242 388 47 267 317 140 315 476 33 318 353 100 347 457 146 381 543 42 398 443 61 420 487 113 511 639 29 538 570 6 582 589 89 583 679 86 604 700 147 618 780 131 667 813 22 673 697 53 688 750 44 736 785 8 793 802 18 793 813 2 812 815 
24 65 65 137 70 108 187 93 134 243 17 152 171 113 213 337 140 219 373 74 236 319 129 329 466 47 329 382 36 350 390 40 361 406 25 398 425 141 434 596 145 443 601 84 465 559 132 478 626 9 538 548 134 605 752 107 651 772 8 670 679 81 702 793 20 740 762 39 769 815 2 812 815 
34 59 7 74 140 37 187 38 50 94 2 56 59 48 78 131 65 102 172 120 127 260 90 138 236 23 162 187 143 178 334 112 189 304 30 196 228 29 207 240 23 234 260 9 246 256 56 248 310 132 275 412 4 275 280 3 331 335 121 388 516 47 413 466 66 415 487 24 426 453 49 441 497 115 444 573 67 514 586 98 549 660 71 552 628 131 571 721 95 687 793 49 709 764 10 718 729 54 741 802 9 775 785 
30 120 14 150 105 37 149 34 58 94 112 89 215 142 118 273 68 149 227 11 157 170 41 166 209 122 197 325 4 204 209 90 213 311 50 343 399 113 350 473 58 367 430 25 446 473 24 471 497 40 472 517 60 476 541 115 526 655 15 535 551 40 574 617 121 581 718 68 585 660 64 588 657 32 664 701 87 666 766 83 693 786 49 704 759 17 784 802 10 793 804 
28 142 27 184 51 106 161 138 125 275 131 212 365 125 216 362 104 265 380 2 273 276 71 305 385 120 375 507 13 423 437 11 424 436 64 434 502 57 446 511 30 458 491 75 505 589 10 576 587 139 578 735 103 640 746 15 646 663 141 648 800 23 662 688 11 667 679 52 685 740 100 691 801 101 692 804 2 693 696 36 770 810 9 780 790 
30 53 71 131 136 95 251 99 161 265 6 204 211 25 215 242 98 241 354 150 258 418 97 276 381 79 279 364 103 282 401 21 294 316 68 316 394 65 324 396 60 339 407 52 347 404 24 362 389 149 410 567 111 504 629 131 513 658 70 527 603 8 556 565 78 561 648 4 625 630 33 675 712 67 687 759 58 703 768 2 738 741 21 765 788 18 780 800 23 789 813 
25 101 35 143 129 86 230 119 117 247 72 140 222 50 154 209 77 171 257 100 186 297 153 257 416 6 259 266 71 271 350 138 353 501 128 393 533 87 410 508 74 417 500 136 452 603 28 508 539 34 530 568 87 539 635 116 606 740 97 610 714 114 618 739 49 647 699 67 678 753 20 727 749 20 778 799 
24 100 7 117 128 16 158 6 27 34 26 69 98 54 178 234 142 223 385 95 278 386 136 279 432 72 329 409 132 358 497 116 359 492 120 388 520 107 401 518 90 415 511 76 566 649 140 607 763 69 624 698 138 626 777 40 636 678 45 646 695 80 705 799 53 751 810 13 773 787 11 789 801 
27 97 37 144 88 61 164 76 140 224 95 162 270 84 166 261 37 205 244 146 233 395 58 236 297 53 269 328 97 274 377 16 280 297 115 346 474 70 377 456 141 394 546 105 402 515 50 404 458 73 410 494 136 464 617 46 512 561 26 529 557 92 580 683 55 592 653 47 595 649 2 612 615 47 659 710 46 740 789 31 758 792 
28 24 75 102 139 90 247 87 100 195 54 103 164 98 137 250 138 140 285 64 154 228 63 157 224 91 180 285 102 200 313 63 201 270 124 329 469 17 362 380 131 423 565 56 431 494 87 442 538 5 448 454 81 451 539 73 471 551 67 497 567 83 522 613 76 544 627 143 551 701 36 654 693 6 707 714 45 719 770 39 758 802 19 783 803 
