10 127
14 15 36 52 71 86 164 6 122 129 36 126 165 117 175 305 66 428 501 43 455 503 108 556 676 50 583 639 32 619 653 69 639 715 5 665 671 8 682 691 4 699 704 
11 22 21 44 84 126 221 118 131 261 91 209 306 130 331 474 59 358 424 38 390 431 57 445 507 95 474 579 42 583 630 62 629 694 
10 111 120 240 114 256 380 70 326 405 95 406 509 102 418 533 92 468 568 34 529 568 79 599 689 21 693 716 7 707 715 
10 10 119 130 86 183 277 7 184 192 68 193 270 97 234 339 123 333 474 12 424 437 87 507 606 50 578 636 2 714 717 
14 4 17 22 29 47 79 96 69 168 107 89 208 121 206 339 10 220 231 18 239 258 89 261 358 78 342 427 103 474 583 15 522 538 104 540 654 5 638 644 7 700 708 
13 106 132 246 106 175 297 116 311 442 116 322 443 12 324 337 100 433 543 85 460 553 54 477 533 19 501 521 5 613 619 77 620 702 11 671 683 15 673 689 
17 38 6 47 19 26 46 6 45 52 42 80 126 87 163 258 124 164 297 47 176 228 100 309 417 92 366 470 3 449 453 3 456 460 2 602 605 64 632 702 45 666 715 37 678 716 24 678 704 16 688 706 
10 72 10 89 93 105 205 121 160 288 124 190 324 32 233 268 109 233 363 53 314 374 81 460 549 17 481 500 45 496 545 
14 9 38 48 39 59 102 88 161 257 27 164 194 29 263 295 49 268 322 34 286 323 78 381 469 27 404 432 112 432 555 83 491 580 32 588 625 51 593 650 11 600 612 
14 27 23 53 15 66 82 42 77 123 39 156 200 43 221 269 89 227 325 125 258 395 83 318 409 43 332 380 106 366 474 22 432 456 41 471 514 20 526 548 87 608 702 
