10 108
12 50 25 98 145 61 223 97 74 201 17 278 300 120 433 561 57 586 665 40 590 644 109 592 752 15 607 628 40 643 694 18 765 787 27 767 798 
12 95 97 228 50 247 311 4 303 308 49 325 387 51 332 399 113 406 560 53 429 516 15 469 490 46 477 547 18 482 507 13 792 809 7 803 814 
10 18 217 239 74 236 342 112 292 445 101 351 488 112 389 533 5 499 506 47 543 606 60 572 660 52 630 704 8 648 658 
9 72 166 254 98 291 419 124 311 474 86 339 469 58 502 576 55 543 619 9 625 635 72 625 723 81 629 732 
10 59 38 109 120 80 240 110 81 213 75 153 257 70 192 288 26 236 272 110 304 454 32 614 653 24 647 678 34 672 722 
10 110 76 207 82 103 214 36 318 368 97 342 496 14 397 416 77 504 596 119 624 782 104 661 783 43 727 778 8 800 810 
14 91 71 183 122 92 239 55 124 202 22 218 244 35 253 303 53 259 341 11 286 300 16 292 311 22 344 374 113 364 506 46 614 674 45 730 793 37 768 814 15 770 788 
11 19 4 30 113 97 259 59 111 188 75 120 226 58 221 302 61 236 318 70 349 435 66 501 581 44 526 583 19 783 807 12 798 814 
10 84 353 475 59 453 521 98 455 599 16 462 485 45 519 587 69 666 760 45 672 738 47 736 798 46 753 813 3 805 809 
10 91 241 369 4 289 294 110 299 445 78 390 492 88 394 524 8 424 435 35 512 555 74 617 733 8 669 679 7 773 784 
