10 114
12 48 84 183 51 219 309 92 296 440 59 340 424 54 359 476 32 455 514 95 681 838 117 685 830 24 825 869 17 835 860 19 866 900 16 877 907 
15 17 20 43 39 40 126 28 49 95 51 113 194 2 257 260 58 260 343 77 321 409 110 442 611 37 444 500 32 571 616 78 636 756 115 647 802 53 750 844 57 833 904 17 882 912 
14 46 25 111 5 41 48 84 57 195 21 151 189 50 204 289 11 414 437 21 483 551 8 507 522 63 512 623 59 650 747 27 754 792 77 759 906 8 869 886 14 870 889 
11 53 99 225 57 173 268 14 226 259 111 449 614 44 497 581 8 537 549 90 576 722 88 756 901 22 780 819 26 829 882 6 847 857 
8 80 209 348 80 300 427 54 329 439 72 478 653 22 596 632 33 670 743 23 795 842 25 854 901 
11 29 44 110 70 101 204 53 146 234 7 281 290 51 341 461 78 351 470 48 396 488 2 408 411 81 474 606 84 677 798 24 720 758 
13 116 29 207 27 70 125 8 194 203 106 272 452 7 362 372 7 371 385 82 392 509 5 562 571 5 679 688 61 681 783 48 749 867 40 810 867 21 840 876 
10 66 90 219 91 256 378 16 347 379 72 403 527 27 531 593 5 637 643 87 643 773 70 648 798 61 672 786 7 797 809 
9 36 112 166 89 195 342 4 236 241 77 254 392 68 374 491 44 446 518 64 481 651 46 725 813 35 858 907 
11 34 85 148 101 265 428 48 419 528 76 471 568 71 593 702 116 608 772 84 608 726 123 641 807 73 680 790 10 827 843 9 891 902 
