10 174
21 139 2 182 33 38 79 18 73 98 54 254 325 93 270 386 19 292 316 97 331 468 61 356 427 12 380 395 120 470 619 18 570 592 4 645 650 77 648 744 55 652 717 86 674 783 155 704 880 77 711 815 39 773 825 77 782 879 76 803 897 4 903 908 
18 100 38 174 29 93 126 104 105 253 30 241 278 13 304 321 57 356 434 112 367 506 21 373 401 86 454 577 134 491 653 12 613 629 118 650 800 39 678 729 73 700 806 50 707 771 74 797 906 15 864 885 4 905 910 
16 50 30 93 65 47 128 133 86 243 90 109 213 53 112 184 99 118 280 52 120 193 66 142 229 86 145 266 6 200 207 10 264 275 98 308 453 52 385 452 86 431 543 101 649 781 5 817 824 
17 93 12 133 53 68 134 97 194 323 91 212 337 131 225 406 131 233 404 43 288 343 80 303 403 48 369 428 147 415 597 35 475 522 10 508 521 154 545 721 94 570 685 66 684 765 14 720 738 25 796 826 
18 140 4 170 69 25 114 35 30 79 131 174 335 37 181 227 72 303 399 36 374 426 73 495 603 18 551 577 114 616 749 61 632 710 90 671 789 82 726 838 37 746 793 68 788 882 8 807 818 62 822 902 3 883 887 
19 82 53 177 64 120 210 12 142 156 21 290 317 107 344 484 126 356 517 23 394 424 16 435 456 22 465 493 107 490 630 25 509 549 105 519 683 103 541 673 49 612 681 45 680 732 46 810 875 22 881 909 7 899 907 3 904 908 
18 71 0 84 76 18 120 9 127 138 16 218 239 109 339 468 94 368 505 43 399 454 14 487 506 5 624 630 8 651 660 123 700 876 69 731 819 63 742 850 96 765 900 63 775 866 62 784 857 40 840 891 20 876 899 
13 39 24 74 118 165 333 124 222 400 142 271 446 113 352 504 16 395 415 110 425 558 35 521 569 122 709 881 90 734 859 43 828 887 21 849 880 9 880 890 
15 89 159 266 58 279 364 25 286 322 107 401 558 33 414 470 92 512 632 11 529 544 137 541 710 81 568 664 74 592 702 92 691 809 109 752 905 67 775 868 10 806 819 12 846 864 
19 14 58 73 120 82 247 88 84 196 58 97 174 115 105 243 85 109 224 88 145 262 4 160 165 50 180 243 33 260 302 53 361 438 80 490 600 61 540 621 25 583 615 107 620 747 45 654 718 27 751 796 38 832 879 24 850 884 
