10 440
44 154 13 176 99 19 124 127 65 202 157 69 237 6 91 98 33 102 139 74 106 185 156 112 289 26 155 182 17 164 182 75 192 276 15 202 218 138 205 360 24 228 254 107 242 360 77 336 422 124 368 506 101 371 482 70 388 464 51 399 455 10 415 426 158 505 673 145 507 660 104 538 651 71 560 637 58 594 660 122 613 746 100 618 733 15 622 638 115 624 753 158 653 821 23 661 686 154 663 832 36 685 723 107 690 806 109 698 821 100 702 811 126 732 868 58 751 817 35 771 811 83 783 875 70 797 877 2 884 887 5 901 907 
42 157 22 194 126 24 169 99 48 162 107 53 170 85 55 150 9 99 109 107 148 268 116 164 296 66 194 270 64 225 295 78 229 313 43 239 284 13 243 257 64 248 318 108 283 398 151 288 454 100 306 424 47 309 362 62 366 435 94 411 518 130 416 563 165 444 625 22 471 496 56 522 583 145 543 698 81 588 682 62 591 660 15 597 613 21 634 657 22 645 669 39 656 698 119 656 786 152 661 827 155 686 855 47 706 757 113 737 865 75 769 851 82 770 857 74 824 903 50 845 899 25 852 878 15 878 894 
34 148 82 243 50 85 144 156 92 269 122 94 233 110 115 235 11 127 139 102 150 264 121 157 292 161 175 350 98 245 351 138 254 419 93 270 371 9 341 351 53 399 459 120 400 527 67 408 481 136 445 597 80 452 538 161 480 658 128 482 620 53 558 615 71 568 649 121 598 730 135 613 770 114 673 804 148 674 836 68 689 766 33 712 747 10 727 738 85 734 829 82 754 843 26 775 803 44 785 834 43 825 873 
52 54 30 88 115 36 161 28 47 78 16 66 84 71 69 145 10 75 86 17 114 132 63 125 193 22 131 155 3 210 214 64 219 293 2 243 246 134 272 417 79 274 362 31 280 317 89 283 380 127 294 430 133 295 432 12 324 337 138 363 514 23 377 403 107 378 493 21 392 416 107 428 544 82 458 547 110 473 592 67 483 561 149 501 666 51 525 582 70 545 622 150 551 729 131 564 709 77 571 655 102 579 691 145 581 742 44 591 640 127 601 743 166 699 872 102 710 819 26 746 775 26 752 781 125 759 898 64 782 851 45 790 839 22 798 823 11 818 830 25 822 849 20 830 851 59 836 900 24 860 887 37 869 910 11 881 893 
54 45 22 69 49 36 89 132 60 204 149 77 244 17 77 96 17 91 110 71 96 171 40 134 178 22 160 184 125 195 333 3 224 228 39 232 275 147 241 410 73 294 376 41 340 384 146 346 514 89 348 445 93 360 462 55 389 448 57 390 454 118 398 532 39 403 444 20 410 433 72 411 494 145 427 593 49 452 505 49 452 504 98 474 580 29 511 544 45 522 573 11 525 537 2 620 623 38 645 687 77 645 727 132 667 822 147 686 850 101 708 821 25 726 752 6 738 745 24 760 786 119 774 907 33 777 812 58 786 852 47 787 839 21 801 825 63 803 872 10 813 824 63 826 894 5 837 843 18 845 864 37 852 892 44 859 908 17 873 892 9 886 896 
47 153 48 207 83 53 142 93 83 190 136 104 255 86 112 208 65 131 204 163 135 316 77 176 260 3 190 194 114 218 342 42 225 272 104 297 412 31 327 361 71 342 420 74 371 451 2 379 382 120 392 522 120 404 536 128 430 574 101 435 551 125 437 577 33 455 490 157 459 634 41 464 510 20 470 491 14 520 536 16 540 557 80 545 634 91 550 655 15 566 582 60 615 682 100 617 728 114 626 756 5 641 647 111 663 786 76 677 758 151 730 903 26 766 795 82 802 891 29 810 841 5 812 818 79 827 910 16 834 851 32 839 874 25 851 878 39 857 900 3 901 905 
47 16 48 65 101 61 175 46 86 135 104 93 212 40 143 186 108 144 268 29 166 198 111 192 318 118 222 359 91 237 340 88 259 351 65 291 363 171 295 477 120 339 469 86 343 434 167 364 545 80 370 457 129 380 519 131 383 534 121 387 522 108 447 559 24 454 482 163 459 637 141 487 644 21 489 512 63 494 561 112 495 618 29 501 532 11 505 517 22 525 551 121 549 692 89 579 678 131 592 732 11 712 724 35 717 756 125 721 860 15 766 783 53 778 836 115 778 898 7 791 799 17 819 837 14 841 856 2 863 866 7 885 893 12 888 901 11 900 912 4 902 907 
44 16 1 18 62 11 78 11 19 31 96 23 123 63 44 112 145 98 254 120 117 246 97 148 255 83 155 250 165 155 337 124 184 322 22 336 361 157 345 522 39 350 391 15 394 411 115 397 525 147 434 600 60 445 508 125 486 624 15 533 550 35 538 577 83 545 643 154 547 723 65 550 620 143 558 719 143 566 728 69 571 646 120 618 754 110 621 746 95 642 748 13 651 665 12 665 678 121 672 806 112 672 793 103 750 861 66 780 852 74 795 876 30 847 879 5 854 860 2 883 886 13 890 904 19 890 911 10 900 911 4 904 909 
37 51 39 98 78 42 128 78 48 131 51 108 166 147 109 278 46 146 197 162 164 346 137 243 393 127 247 379 6 310 317 93 323 430 163 338 514 64 339 410 79 399 483 50 438 492 128 460 598 168 473 655 55 484 543 141 525 689 155 534 716 161 535 714 62 544 610 157 559 733 163 568 748 23 582 608 76 596 680 62 634 704 164 655 831 37 660 700 27 698 727 123 704 843 111 740 862 45 807 856 44 832 881 2 856 859 2 858 861 7 903 911 
39 39 9 52 116 41 165 78 63 153 4 80 85 142 84 247 82 113 207 47 140 190 96 151 258 142 160 316 16 268 285 87 283 376 145 292 449 119 317 453 144 325 484 120 359 491 112 363 493 167 382 562 155 383 561 139 391 541 119 435 570 28 499 529 48 521 574 145 565 722 106 569 687 70 628 704 96 630 736 142 641 794 20 683 705 117 715 836 82 744 836 53 760 820 74 786 868 43 790 837 6 812 819 90 813 910 27 837 867 29 860 893 36 870 909 22 874 897 
