10 50
6 26 58 96 76 96 196 7 150 158 84 171 283 28 344 380 81 579 679 
5 59 326 394 109 379 519 34 407 453 16 458 480 30 524 568 
6 62 119 210 11 179 193 116 413 544 9 434 446 26 581 609 82 602 705 
4 83 279 379 39 441 490 61 517 606 54 555 636 
7 58 96 173 25 185 217 68 212 309 81 288 394 14 411 429 16 427 451 5 679 686 
4 59 63 143 69 210 292 91 284 401 76 461 565 
3 96 89 218 89 215 348 27 653 687 
6 54 28 98 68 261 338 89 415 527 76 522 615 12 572 588 19 676 700 
5 18 155 180 53 376 446 84 386 507 46 566 632 36 573 621 
4 25 217 251 81 280 392 110 358 498 33 427 474 
