10 53
7 206 9 276 56 286 364 30 737 781 98 955 1078 9 1183 1195 27 1348 1381 4 1370 1375 
6 138 320 519 187 733 949 44 858 915 7 1082 1090 49 1129 1200 15 1346 1365 
8 36 275 325 110 355 517 107 449 571 3 619 623 46 715 776 149 967 1162 6 971 978 7 1371 1379 
2 173 15 270 168 797 1014 
6 178 46 286 46 141 208 9 172 183 62 508 593 66 784 878 2 1344 1347 
7 137 296 480 97 700 838 114 830 971 18 1067 1092 70 1135 1247 37 1166 1212 2 1380 1383 
3 142 559 784 126 850 1018 47 1096 1157 
3 160 545 753 179 756 1017 67 960 1048 
7 56 127 194 125 233 386 20 240 264 71 297 397 105 401 537 145 451 640 59 668 740 
4 125 517 688 117 931 1103 110 1019 1171 87 1229 1337 
