10 99
9 198 216 523 164 459 695 104 536 739 45 670 727 89 681 824 128 712 917 135 829 1100 115 1101 1272 29 1510 1566 
11 126 446 738 78 506 617 117 556 799 208 793 1086 110 891 1067 90 990 1137 55 1013 1103 11 1476 1492 49 1509 1587 22 1531 1569 29 1576 1618 
7 184 146 439 161 302 537 92 391 581 54 461 761 61 575 667 156 675 898 39 1536 1601 
12 81 93 208 79 241 406 162 283 514 43 371 442 34 523 584 149 912 1173 188 918 1182 122 937 1094 57 1032 1132 133 1175 1393 32 1233 1286 89 1422 1566 
13 115 236 420 4 508 513 146 539 820 105 644 789 161 654 852 243 720 1034 186 823 1127 19 837 880 66 861 985 97 945 1082 67 971 1070 41 1200 1268 36 1437 1488 
10 60 3 114 152 70 305 93 701 947 38 986 1060 160 1043 1302 86 1199 1343 8 1231 1246 148 1271 1510 42 1514 1581 58 1542 1631 
7 181 223 536 127 562 806 151 582 832 103 849 1012 155 979 1259 22 987 1021 202 987 1304 
13 57 37 132 19 269 316 36 286 351 171 662 949 70 1068 1210 85 1207 1367 61 1257 1348 106 1315 1463 210 1328 1573 142 1424 1649 54 1488 1618 26 1501 1546 25 1571 1614 
9 86 202 339 143 411 600 7 413 422 131 613 902 88 655 761 185 711 966 78 715 883 139 930 1206 73 995 1153 
8 114 13 216 176 155 412 139 418 684 80 581 737 198 652 938 85 822 940 145 1291 1605 14 1395 1418 
