10 98
7 203 53 316 100 146 273 200 496 767 32 497 541 175 734 998 181 857 1103 146 1207 1412 
10 28 183 221 84 204 315 66 328 413 73 459 575 139 507 700 67 827 925 184 918 1163 219 1190 1480 215 1267 1519 43 1450 1505 
6 205 118 402 109 493 646 215 558 846 141 739 974 143 966 1127 126 1024 1196 
11 109 211 361 74 213 309 8 225 236 228 267 565 99 310 427 194 543 828 91 586 706 104 599 728 93 1170 1286 155 1253 1484 71 1409 1502 
10 60 107 173 150 166 364 105 184 332 154 341 532 197 477 749 148 784 971 76 797 897 77 918 1016 223 969 1238 97 1197 1310 
14 13 2 18 261 120 422 128 247 443 70 632 736 224 811 1110 200 1004 1251 153 1007 1220 56 1141 1216 64 1225 1312 48 1390 1449 33 1438 1482 21 1450 1475 29 1471 1508 7 1476 1487 
10 144 99 311 149 108 285 217 346 622 46 397 461 132 731 907 150 918 1119 29 1115 1153 173 1247 1468 62 1332 1413 100 1388 1518 
9 182 29 297 7 291 300 27 602 637 215 746 1042 141 799 959 173 943 1168 152 954 1132 161 1008 1229 70 1069 1169 
11 80 87 208 50 286 355 113 301 459 195 332 627 74 365 456 132 453 608 8 689 698 150 847 1064 97 981 1115 110 1113 1255 5 1466 1473 
10 192 61 334 82 92 205 178 463 723 83 512 625 66 714 802 135 756 951 51 1007 1072 45 1106 1168 101 1344 1465 14 1498 1517 
