10 120
7 174 44 307 156 458 660 163 488 704 58 683 757 224 735 1032 100 741 900 144 1265 1451 
14 27 125 164 234 404 667 53 654 722 103 659 787 162 716 904 180 816 1115 145 941 1138 27 983 1019 50 1044 1108 54 1049 1121 58 1082 1160 28 1112 1150 34 1145 1193 64 1187 1272 
17 32 30 70 102 121 259 150 272 489 162 392 595 5 423 431 38 722 774 22 727 754 190 740 1004 114 750 915 83 907 1012 80 1123 1220 8 1175 1184 44 1427 1483 33 1478 1528 6 1512 1519 4 1520 1525 3 1536 1540 
15 110 118 252 204 244 483 95 340 464 138 444 627 24 670 699 16 880 903 29 1013 1049 50 1046 1115 173 1096 1330 246 1192 1496 84 1216 1323 145 1303 1493 55 1335 1413 14 1460 1478 27 1487 1520 
12 22 16 43 65 70 155 123 104 284 43 321 382 241 697 991 214 969 1272 168 1125 1393 7 1255 1264 53 1428 1508 11 1484 1498 5 1490 1496 2 1538 1541 
11 23 57 87 144 78 269 136 290 484 100 710 869 168 723 968 57 797 866 84 914 1028 48 1071 1133 170 1093 1364 193 1301 1543 19 1521 1541 
10 175 62 288 224 222 529 129 925 1112 180 946 1207 212 1009 1300 86 1124 1237 65 1254 1338 116 1300 1445 53 1344 1408 2 1478 1481 
9 93 14 167 157 95 300 175 100 355 63 168 262 33 405 444 117 495 650 118 790 954 220 799 1078 108 959 1127 
12 261 155 454 89 190 302 143 246 466 44 258 317 12 332 347 207 333 597 64 830 914 213 1005 1305 22 1180 1207 163 1218 1420 29 1390 1433 7 1517 1526 
13 102 98 218 184 192 433 81 289 397 76 316 414 139 439 616 99 469 596 126 494 660 54 737 813 47 931 994 132 982 1154 68 993 1078 30 1209 1244 169 1218 1436 
