10 117
12 86 12 106 123 76 212 11 86 98 49 292 348 212 327 569 115 707 833 6 842 849 151 849 1009 200 886 1104 69 923 1000 141 979 1132 89 1214 1311 
10 177 311 500 218 360 594 150 453 621 114 533 658 10 648 659 47 747 798 221 830 1080 13 900 914 136 1074 1227 173 1109 1306 
15 153 56 230 199 80 300 118 124 259 18 345 365 60 460 528 61 465 532 12 631 644 160 845 1026 125 890 1021 49 1012 1065 4 1015 1020 174 1047 1241 8 1153 1162 48 1245 1296 2 1312 1315 
10 144 138 300 195 207 430 62 209 276 202 486 711 18 500 519 214 511 741 206 741 975 26 829 857 33 1046 1082 5 1059 1065 
16 101 0 107 21 13 36 203 22 232 42 235 282 35 254 294 30 258 290 146 321 480 173 465 664 70 565 640 195 718 931 224 758 1010 102 831 940 142 987 1143 7 1080 1088 3 1250 1254 9 1316 1326 
12 57 7 67 38 25 66 133 84 233 91 166 265 234 224 488 5 296 302 73 320 400 156 390 558 70 524 602 45 538 588 200 925 1145 129 960 1100 
9 190 70 276 222 499 759 152 521 695 205 551 783 21 770 793 229 897 1151 4 952 957 51 1009 1065 101 1060 1173 
11 27 3 33 164 23 212 107 44 162 67 66 140 100 140 250 203 180 398 109 282 405 246 437 690 95 932 1036 231 934 1198 2 1328 1331 
11 211 7 240 184 96 304 121 243 372 108 407 530 162 473 662 241 671 932 10 864 875 14 920 935 13 1046 1060 216 1074 1316 10 1269 1280 
11 227 24 287 121 68 201 141 118 276 136 323 476 36 550 590 207 570 799 78 683 767 78 755 841 192 1127 1333 92 1157 1258 51 1276 1331 
