15 287
13 182 34 289 56 89 176 64 163 245 127 313 482 198 348 635 143 438 648 216 460 723 158 642 886 135 756 913 22 1068 1095 133 1068 1258 136 1175 1358 110 1377 1530 
16 210 309 577 138 517 739 15 538 556 160 742 965 108 749 907 236 812 1107 130 896 1068 32 915 961 141 966 1153 79 979 1100 98 1075 1211 137 1271 1456 27 1323 1357 51 1347 1424 103 1351 1480 80 1418 1521 
15 60 91 180 185 154 417 119 181 323 173 183 459 155 345 556 113 413 563 234 505 817 68 513 616 178 633 924 160 761 992 260 1095 1397 7 1153 1162 113 1355 1478 12 1526 1542 18 1541 1564 
21 194 3 314 71 203 289 49 287 359 32 400 445 78 437 532 85 455 581 228 482 768 95 539 660 50 665 724 220 681 961 120 737 922 57 753 820 82 845 964 148 1098 1319 79 1099 1186 197 1136 1381 64 1182 1259 158 1216 1406 97 1338 1466 75 1463 1557 2 1575 1578 
17 35 79 126 211 141 443 179 155 367 6 211 220 223 235 519 31 320 358 219 530 832 200 566 835 217 601 867 62 734 820 228 795 1066 150 813 993 41 918 968 96 1184 1329 211 1233 1501 20 1465 1491 9 1561 1572 
15 202 3 265 176 38 253 240 239 550 100 393 523 187 551 808 57 567 631 234 651 952 179 802 1037 29 888 920 102 908 1043 107 973 1117 188 1106 1414 46 1240 1307 69 1380 1461 73 1427 1518 
26 59 94 175 36 138 188 14 173 191 149 223 432 55 311 386 46 348 411 7 494 503 15 619 636 209 623 854 138 627 808 182 628 882 96 835 966 142 848 1025 17 916 940 95 953 1081 110 1065 1182 174 1075 1295 6 1083 1090 82 1114 1219 193 1176 1456 50 1246 1311 85 1339 1464 28 1359 1397 13 1414 1430 12 1422 1437 27 1538 1569 
28 67 205 300 91 272 392 259 283 579 46 417 481 59 421 500 29 444 479 83 449 556 31 508 554 166 522 718 179 523 751 48 557 623 138 616 807 56 709 787 115 712 860 138 878 1088 37 1004 1052 179 1099 1313 37 1212 1255 105 1217 1350 34 1254 1301 103 1287 1418 58 1330 1396 30 1378 1411 52 1479 1562 16 1488 1510 58 1505 1577 9 1525 1539 14 1544 1563 
25 26 208 243 144 225 450 95 233 365 101 322 443 56 474 545 137 475 678 148 486 682 172 529 731 82 584 696 101 756 885 22 774 802 210 982 1263 133 1032 1201 47 1042 1109 3 1049 1053 63 1064 1147 67 1094 1195 63 1131 1210 41 1185 1246 248 1197 1482 20 1257 1280 38 1286 1336 17 1478 1498 22 1487 1515 30 1527 1564 
19 80 9 111 231 44 301 12 154 171 271 154 465 232 290 597 4 405 410 194 435 691 114 575 739 248 897 1173 122 992 1164 210 1019 1299 46 1099 1152 174 1125 1361 20 1175 1202 160 1217 1392 148 1275 1462 140 1291 1486 110 1321 1452 35 1502 1550 
17 226 18 325 203 34 277 194 257 542 33 290 332 207 322 592 7 547 555 32 569 605 183 760 982 218 1020 1324 219 1093 1354 128 1101 1276 45 1122 1182 89 1156 1285 175 1256 1474 37 1449 1500 25 1477 1510 42 1521 1579 
20 49 150 219 152 219 427 111 349 487 150 352 541 106 431 566 71 621 707 207 720 1027 218 864 1158 23 921 954 135 1021 1191 137 1026 1210 113 1241 1370 126 1278 1447 64 1302 1383 77 1353 1447 146 1364 1540 5 1375 1382 137 1402 1565 74 1409 1504 4 1566 1571 
15 156 94 293 110 237 393 146 455 688 227 550 794 68 693 790 162 727 925 53 804 880 16 866 889 181 1047 1292 184 1081 1340 137 1131 1333 80 1131 1229 160 1283 1457 177 1320 1564 103 1404 1562 
16 148 259 430 21 278 306 221 326 610 172 402 622 240 550 828 173 604 826 202 637 910 102 656 802 236 880 1182 57 886 957 38 905 956 71 1023 1130 156 1083 1314 34 1204 1253 193 1299 1546 51 1325 1396 
24 98 64 190 46 146 204 19 207 230 66 210 295 55 298 375 70 529 628 186 613 867 138 615 807 34 765 814 182 781 1016 242 881 1194 23 900 931 188 911 1166 207 982 1291 34 1190 1235 116 1289 1437 57 1306 1374 82 1332 1459 40 1390 1447 56 1409 1487 30 1537 1572 25 1539 1574 15 1559 1579 2 1573 1576 
