15 106
7 109 286 445 124 434 652 197 618 839 73 667 809 132 730 929 56 829 936 66 849 955 
6 60 549 686 105 638 832 70 803 997 163 1165 1421 40 1247 1325 44 1258 1327 
9 16 2 24 85 84 204 97 155 361 145 884 1127 21 890 926 141 1055 1267 79 1251 1409 6 1252 1260 10 1338 1353 
5 182 22 322 122 121 307 106 286 489 70 805 900 190 927 1219 
5 150 369 641 189 473 767 207 484 778 53 508 643 47 833 917 
6 95 314 545 137 480 673 50 509 603 169 567 807 149 853 1079 3 1504 1508 
9 151 58 276 46 207 299 175 315 596 30 706 761 99 1030 1156 126 1082 1237 223 1217 1498 116 1330 1522 8 1362 1378 
6 158 522 777 136 525 711 181 848 1090 22 867 906 106 900 1106 61 1251 1354 
8 36 634 700 132 753 1031 59 997 1082 112 1180 1327 36 1229 1276 66 1266 1371 140 1275 1491 26 1454 1508 
8 118 353 485 138 397 669 33 580 640 47 631 777 58 699 770 155 1210 1455 51 1413 1498 7 1523 1532 
7 99 80 222 122 681 920 51 932 1032 60 939 1056 82 1076 1217 91 1247 1403 25 1465 1502 
5 57 113 191 57 234 347 98 557 752 182 946 1253 154 998 1258 
11 99 124 290 158 232 465 185 482 724 141 640 834 79 640 752 69 695 786 27 1148 1189 14 1317 1338 70 1335 1440 7 1496 1510 5 1522 1530 
6 87 95 251 96 408 568 170 839 1123 108 971 1158 120 1186 1410 9 1481 1493 
8 161 17 265 120 245 455 201 269 503 35 472 525 49 597 676 58 865 956 98 1022 1179 14 1475 1502 
