15 62
3 119 765 936 117 791 949 170 800 1021 
5 69 168 259 127 716 892 191 740 978 90 796 916 39 809 857 
6 117 1 162 45 613 679 9 685 696 13 903 918 31 1041 1086 75 1124 1232 
6 53 232 303 2 290 293 39 482 525 76 585 687 138 850 1034 96 1024 1150 
3 114 80 220 124 371 574 64 511 604 
4 146 102 298 156 874 1111 113 1005 1137 81 1091 1195 
2 174 133 343 132 881 1091 
3 88 278 401 16 691 716 89 864 1026 
5 76 216 334 176 244 478 179 427 645 50 469 532 16 547 565 
4 190 241 483 21 625 656 142 934 1153 10 1157 1172 
6 54 113 184 23 284 314 181 765 1010 7 836 844 68 983 1070 50 1093 1158 
4 158 314 539 28 406 444 123 1019 1175 91 1132 1238 
4 106 188 321 103 518 651 51 690 773 162 975 1191 
3 187 530 771 166 576 799 126 778 948 
4 112 526 674 159 575 774 99 942 1072 35 1171 1212 
