10 101
10 88 102 291 47 120 212 165 370 648 68 479 602 136 544 835 195 1083 1408 90 1353 1484 15 1436 1465 47 1591 1658 11 1696 1714 
12 68 72 185 5 193 202 168 476 765 169 601 883 208 638 919 145 798 975 30 1168 1224 90 1222 1376 91 1363 1513 37 1527 1584 98 1537 1693 51 1541 1639 
11 34 200 257 158 217 482 88 602 784 27 750 805 108 947 1092 30 963 1007 195 998 1256 169 1150 1417 203 1245 1575 110 1368 1563 44 1576 1653 
9 138 402 635 80 762 930 160 813 1064 112 815 1004 96 899 1043 50 1129 1199 86 1204 1370 260 1368 1691 162 1390 1663 
11 86 12 228 178 22 318 158 539 777 35 824 877 70 884 1026 89 1216 1378 130 1225 1410 236 1226 1562 63 1390 1498 105 1418 1564 127 1533 1692 
8 166 64 306 147 239 561 181 489 792 181 768 1045 99 1259 1474 186 1505 1728 19 1680 1716 8 1716 1727 
10 93 11 189 166 39 308 112 76 287 48 199 284 179 202 512 112 469 739 30 888 947 44 1079 1164 211 1254 1525 10 1642 1656 
8 196 11 343 33 531 580 191 815 1152 198 919 1255 166 1348 1627 102 1453 1656 106 1475 1607 13 1548 1568 
12 115 29 215 112 480 676 28 607 661 115 996 1197 30 1016 1080 168 1075 1369 54 1087 1179 133 1097 1260 27 1255 1295 64 1401 1535 52 1561 1659 33 1669 1722 
10 105 118 331 49 272 348 177 553 852 193 603 943 141 831 1012 112 995 1173 6 1099 1112 58 1393 1496 25 1423 1475 125 1491 1676 
