10 253
24 5 11 17 258 181 467 110 217 337 256 285 565 238 331 579 67 332 407 206 337 569 169 411 594 203 415 642 156 543 722 76 548 632 229 561 817 238 587 860 38 615 657 165 751 931 255 831 1118 13 871 885 204 934 1153 59 947 1014 41 992 1038 120 993 1126 25 1084 1111 50 1211 1265 2 1286 1289 
28 38 8 50 79 32 120 99 74 186 116 103 232 239 116 380 233 152 408 148 185 351 32 242 276 242 245 516 206 304 531 126 319 454 226 384 626 97 637 740 27 770 800 254 813 1103 168 921 1107 111 993 1119 50 1014 1069 136 1175 1331 123 1231 1370 5 1239 1245 95 1275 1382 47 1346 1397 55 1349 1409 54 1361 1421 44 1395 1445 9 1407 1417 22 1427 1450 
30 97 25 133 120 138 268 121 145 282 270 260 550 213 286 527 166 297 483 210 389 615 109 413 537 57 440 504 138 444 595 68 508 583 75 559 643 54 604 664 228 659 910 268 684 963 133 760 905 101 888 996 6 935 942 174 957 1150 119 973 1110 115 1005 1129 10 1036 1047 24 1169 1194 112 1184 1309 84 1201 1295 169 1263 1449 111 1274 1394 13 1303 1317 22 1348 1371 58 1373 1437 
26 273 6 295 263 18 300 29 41 74 171 115 311 20 247 270 79 338 429 259 384 666 164 539 724 71 633 709 51 638 692 137 664 819 261 699 973 243 725 993 192 745 943 129 778 922 229 844 1096 182 846 1042 123 857 994 247 878 1147 135 904 1054 128 945 1075 247 990 1258 43 1026 1075 42 1194 1240 216 1204 1441 6 1444 1451 
26 218 38 279 114 103 228 207 123 352 52 182 240 65 256 325 149 312 479 231 504 748 194 536 744 42 615 660 229 735 999 12 737 750 243 741 1003 193 761 976 212 811 1039 42 867 915 45 920 969 250 921 1194 42 957 1005 56 980 1042 219 1029 1269 151 1104 1275 183 1165 1363 224 1181 1424 71 1208 1284 3 1323 1327 52 1390 1449 
21 48 42 96 224 49 299 84 171 259 151 190 367 50 296 351 18 333 352 248 416 695 4 479 484 79 673 758 170 754 943 241 768 1042 27 840 869 197 853 1074 173 857 1046 182 949 1155 158 996 1178 170 1000 1201 200 1169 1401 193 1178 1403 86 1193 1287 48 1322 1374 
25 102 41 153 67 83 156 81 129 222 104 291 407 219 577 820 110 593 715 223 752 1003 114 820 952 130 827 976 262 863 1151 6 928 935 217 1069 1309 196 1116 1338 93 1130 1235 95 1138 1244 164 1162 1344 146 1246 1400 156 1257 1426 156 1266 1435 162 1268 1447 77 1290 1379 58 1340 1403 71 1343 1419 57 1351 1413 16 1412 1430 
22 239 100 365 129 103 244 213 184 420 237 231 502 191 260 476 172 338 532 91 358 458 91 430 527 15 484 501 170 655 847 91 822 924 230 853 1123 177 908 1113 34 925 965 90 948 1046 173 1001 1190 248 1011 1293 188 1023 1227 162 1047 1226 46 1317 1367 45 1402 1449 20 1414 1437 
26 241 19 283 208 118 347 233 154 406 25 186 214 194 292 505 231 295 550 10 388 399 178 391 586 239 477 732 199 487 712 237 552 820 67 560 634 67 569 642 173 598 788 146 701 860 79 733 818 59 838 907 193 854 1070 116 872 993 83 947 1036 184 1190 1391 48 1266 1319 119 1298 1432 56 1380 1442 8 1399 1408 27 1410 1440 
25 59 3 69 24 22 49 112 62 191 196 98 308 165 187 372 197 246 476 8 261 270 79 275 361 185 306 510 230 442 694 66 465 538 170 486 680 203 504 734 85 561 655 96 595 700 149 627 791 129 774 916 157 816 997 264 962 1248 222 987 1226 150 997 1161 3 1008 1012 181 1176 1384 2 1341 1344 36 1382 1422 
