15 177
9 164 74 299 242 421 718 145 448 640 188 614 892 167 1059 1269 35 1066 1114 107 1193 1323 75 1305 1399 24 1480 1511 
14 196 42 286 139 51 236 96 58 183 8 114 125 27 458 494 148 562 807 16 575 596 29 666 706 26 682 719 138 697 892 51 876 944 100 1212 1346 62 1302 1384 50 1343 1406 
13 50 76 151 147 417 616 25 437 468 68 474 551 108 489 626 33 704 748 143 907 1068 223 1072 1356 197 1147 1409 155 1197 1404 64 1296 1379 82 1436 1536 7 1493 1501 
11 7 287 295 115 319 484 91 353 482 205 441 714 147 625 824 135 822 1035 210 1042 1312 97 1377 1499 36 1472 1522 13 1501 1516 3 1526 1530 
14 3 109 113 119 158 319 12 171 186 179 321 558 113 358 510 120 474 624 174 568 840 36 588 637 30 690 731 97 766 886 160 998 1199 102 1315 1445 10 1434 1445 19 1504 1528 
13 104 69 214 221 100 359 125 449 611 28 468 502 47 494 556 167 684 899 12 753 768 89 978 1092 67 1034 1137 226 1215 1519 29 1381 1416 105 1391 1530 44 1463 1521 
10 180 77 348 134 306 459 205 326 588 199 650 922 84 973 1091 42 986 1039 163 1181 1405 29 1371 1413 101 1407 1535 28 1472 1511 
16 28 113 150 174 118 375 63 233 315 2 298 301 24 338 367 134 386 575 51 450 510 103 464 612 71 512 611 37 550 595 211 558 802 26 630 662 187 970 1212 6 1098 1105 53 1161 1234 38 1479 1536 
11 42 272 333 74 623 711 220 662 939 152 840 1033 162 930 1187 217 1058 1342 104 1191 1329 100 1305 1435 40 1399 1451 15 1475 1494 2 1526 1529 
11 158 139 378 181 246 511 19 325 350 82 554 646 187 692 951 164 940 1142 192 1185 1417 159 1252 1455 51 1298 1367 39 1371 1423 43 1475 1528 
13 60 65 146 8 220 230 71 304 388 222 319 622 210 842 1141 163 858 1063 38 962 1013 151 1141 1322 148 1183 1367 67 1215 1307 76 1288 1383 48 1311 1380 3 1528 1532 
7 232 22 326 112 164 343 207 282 562 66 300 399 246 402 700 78 405 492 165 504 719 
13 7 25 33 33 327 374 124 328 509 74 433 529 46 506 566 140 717 897 187 791 1053 164 867 1078 138 905 1081 137 1044 1202 144 1181 1366 8 1437 1448 2 1533 1536 
13 195 32 271 56 307 383 126 328 485 170 331 514 220 360 650 65 591 672 208 642 900 26 667 704 93 736 858 151 963 1183 15 1100 1119 80 1387 1479 2 1496 1499 
9 154 17 216 117 28 182 68 163 246 191 601 871 206 912 1164 104 1075 1237 130 1184 1381 170 1206 1434 12 1439 1454 
