10 254
23 113 70 194 179 93 302 110 267 390 246 295 582 110 309 432 239 337 607 11 365 377 183 420 626 131 471 612 258 485 777 102 544 664 46 558 614 50 584 640 77 598 685 127 979 1122 44 1033 1083 222 1162 1404 49 1203 1256 70 1206 1281 76 1220 1304 264 1228 1518 75 1311 1395 122 1381 1518 
21 88 42 141 255 88 373 12 264 277 157 598 775 200 619 859 143 655 818 275 668 968 58 668 731 71 688 769 195 836 1050 64 892 961 249 978 1265 65 978 1049 267 986 1274 192 1079 1300 224 1094 1353 102 1111 1223 263 1137 1431 231 1255 1513 22 1337 1362 6 1352 1359 
24 4 16 21 16 246 263 77 269 354 67 385 462 283 433 733 223 474 738 202 483 704 18 521 541 123 588 723 265 683 970 136 748 895 175 862 1060 80 907 997 55 992 1052 119 1004 1131 71 1011 1093 210 1059 1289 265 1085 1380 115 1192 1320 261 1221 1519 214 1223 1449 222 1262 1501 54 1342 1400 131 1374 1521 
19 193 21 241 90 35 140 162 173 348 239 181 437 72 181 257 160 208 383 142 375 543 98 420 534 141 467 626 267 541 836 71 616 693 261 717 1006 191 772 1005 178 796 1001 74 964 1045 74 998 1080 184 1138 1347 254 1171 1452 51 1302 1357 
32 226 0 253 230 201 448 177 214 419 235 216 473 82 231 324 74 384 465 191 418 630 148 456 627 262 458 745 70 494 572 120 507 637 27 581 609 64 662 731 21 669 691 182 680 887 89 707 805 185 766 968 42 824 870 59 963 1026 170 963 1138 22 979 1004 121 1063 1194 6 1095 1102 46 1107 1157 150 1194 1373 126 1233 1372 231 1274 1519 47 1280 1329 5 1378 1384 9 1397 1407 67 1433 1507 23 1486 1511 
33 52 2 61 192 13 228 260 93 389 115 97 227 172 296 487 80 323 410 10 324 335 80 358 450 36 383 421 168 431 617 123 451 585 85 463 555 89 478 579 196 490 711 48 491 545 32 559 595 35 625 662 72 630 708 191 670 879 244 678 946 103 744 851 155 928 1091 131 931 1070 116 941 1062 22 985 1009 66 1036 1112 56 1040 1103 142 1045 1200 38 1252 1292 173 1255 1447 172 1308 1494 95 1388 1495 24 1472 1497 
18 137 33 188 203 54 277 233 75 336 176 247 450 30 332 365 215 490 729 216 644 891 15 662 678 168 816 999 246 861 1145 241 900 1171 61 950 1016 215 956 1195 178 979 1173 234 1037 1291 232 1047 1316 168 1147 1346 63 1405 1471 
27 128 91 239 253 128 404 237 155 404 35 213 251 27 283 311 161 393 580 163 513 697 106 515 632 204 558 786 63 563 635 90 584 687 122 615 751 59 694 762 104 705 815 223 757 1002 107 770 885 20 814 835 81 905 999 163 959 1140 92 1003 1102 215 1066 1297 141 1210 1365 205 1260 1486 151 1288 1463 46 1329 1376 170 1330 1511 101 1390 1505 
30 269 14 302 2 34 37 243 45 315 224 51 297 97 61 172 40 72 117 21 141 164 49 236 289 129 258 406 213 364 595 63 372 440 240 394 662 68 443 520 92 468 570 229 695 952 37 712 754 112 787 909 62 895 962 94 955 1062 29 981 1012 54 986 1045 202 1079 1313 16 1184 1201 238 1204 1476 130 1207 1354 120 1220 1347 176 1328 1512 107 1329 1446 27 1357 1386 7 1506 1514 
27 79 23 108 140 66 224 242 86 350 236 180 437 235 287 548 216 450 686 188 493 695 238 570 830 276 665 961 229 674 923 104 702 819 107 731 851 224 732 982 39 745 787 163 751 930 114 768 894 87 802 896 48 823 877 144 887 1041 95 959 1064 147 997 1158 141 1006 1157 66 1309 1384 30 1326 1360 55 1332 1389 108 1353 1470 20 1498 1520 
