10 51
9 8 105 114 47 245 302 43 290 344 102 441 570 35 564 611 48 817 875 79 1128 1240 57 1155 1225 37 1178 1229 
5 149 377 587 190 454 704 31 762 801 45 812 868 12 1280 1295 
3 154 32 233 96 173 307 193 578 818 
4 147 369 566 49 708 777 163 869 1103 109 895 1030 
6 53 332 397 96 508 633 104 515 655 6 818 826 141 838 1016 59 870 942 
5 55 341 409 182 387 621 30 447 490 216 894 1143 122 1096 1271 
4 35 57 108 30 109 150 112 569 707 137 1017 1234 
9 75 466 567 98 493 612 13 775 790 18 780 808 30 906 944 122 1071 1227 127 1117 1284 47 1167 1226 49 1223 1285 
3 100 26 163 138 57 237 159 507 729 
3 96 405 529 165 776 1021 165 928 1161 
