15 48
2 65 201 320 85 465 636 
5 29 607 661 45 880 967 25 905 961 87 958 1122 2 1374 1378 
3 97 239 412 48 704 808 18 1240 1276 
4 93 387 622 14 527 554 162 550 817 15 610 634 
4 3 291 295 171 349 589 135 745 961 71 787 886 
3 95 513 655 50 658 746 178 717 965 
2 100 464 640 157 1108 1358 
3 67 384 526 154 582 844 100 1223 1362 
5 187 386 635 4 410 416 83 1092 1222 76 1115 1253 16 1322 1345 
2 135 71 275 114 1122 1325 
4 65 459 549 78 513 624 50 805 926 68 1168 1263 
3 68 87 202 163 190 426 189 508 766 
3 105 295 479 139 397 585 16 939 986 
3 101 462 634 155 966 1198 8 1223 1237 
2 84 139 323 108 1173 1378 
