10 119
19 59 17 79 178 179 364 3 198 202 159 415 590 207 466 691 93 491 592 34 543 579 70 558 636 9 663 673 182 784 987 15 835 852 12 944 958 41 999 1045 37 1080 1121 196 1082 1297 70 1131 1212 10 1204 1215 109 1210 1332 3 1343 1347 
8 77 125 207 197 218 448 236 452 723 68 703 778 166 711 887 212 895 1123 86 908 1004 179 931 1135 
16 79 52 142 130 96 242 86 166 263 49 261 315 27 266 295 138 269 427 36 296 337 111 378 498 226 427 688 94 826 930 73 836 915 54 1175 1234 50 1227 1284 47 1246 1297 12 1345 1358 3 1353 1357 
11 31 24 58 53 30 91 98 126 234 69 297 374 162 329 510 219 389 636 117 810 938 214 937 1178 47 1120 1172 131 1213 1353 32 1286 1324 
12 41 193 236 35 392 431 83 506 597 243 530 798 184 635 845 225 753 1010 16 851 870 132 1025 1169 77 1091 1177 34 1142 1179 84 1159 1254 6 1334 1341 
11 132 73 226 211 128 361 50 245 300 2 322 325 59 347 411 73 430 512 206 497 737 256 957 1225 180 1133 1325 116 1215 1343 21 1331 1354 
10 58 173 237 176 310 502 90 574 678 173 718 910 193 725 944 201 866 1100 4 1017 1022 143 1088 1251 36 1134 1173 20 1205 1226 
12 179 243 435 18 306 326 200 323 539 152 424 591 193 527 733 125 604 746 11 887 899 36 895 935 150 911 1079 69 953 1031 38 1083 1126 150 1167 1338 
13 59 73 139 29 99 131 70 148 224 173 211 395 90 276 376 14 368 383 226 486 750 37 547 588 27 777 806 156 947 1121 125 985 1125 242 1090 1354 26 1239 1266 
7 100 101 214 229 329 583 24 332 359 106 423 547 113 454 575 173 705 909 174 789 999 
