10 103
8 92 105 228 156 125 370 191 129 391 95 560 722 137 628 796 3 897 901 239 1114 1385 108 1209 1346 
15 12 52 67 171 209 443 130 274 436 60 297 373 63 483 564 61 496 577 96 598 714 116 645 786 47 732 786 83 756 885 31 788 825 52 843 914 62 896 975 54 975 1035 114 1016 1185 
8 206 175 455 25 229 262 124 276 439 147 298 494 213 438 715 141 442 643 86 964 1084 115 978 1124 
10 26 8 44 83 26 131 185 433 692 98 453 591 47 502 567 181 617 866 205 688 949 174 971 1195 179 1114 1337 80 1333 1427 
8 98 92 205 203 158 435 124 325 512 85 416 546 241 585 869 92 813 942 56 896 976 160 1161 1373 
8 88 188 321 207 227 504 67 645 737 189 746 1007 24 910 942 124 920 1075 161 973 1207 33 1048 1095 
12 208 462 726 49 518 579 223 577 856 110 656 800 98 712 833 125 818 993 27 860 894 110 872 1026 96 1176 1294 4 1248 1253 70 1316 1410 67 1333 1416 
12 141 26 219 151 34 219 159 34 251 55 160 238 55 193 277 203 269 513 78 291 404 55 823 896 36 960 1005 39 1011 1069 45 1215 1266 89 1250 1367 
12 92 225 347 132 527 689 54 607 678 38 633 684 131 801 1029 179 886 1108 6 913 921 223 953 1236 147 1059 1252 25 1292 1326 16 1414 1435 20 1423 1451 
10 64 55 160 183 293 514 104 423 581 124 493 647 23 555 580 77 622 723 152 791 999 55 996 1069 220 1060 1349 53 1351 1422 
