15 160
12 17 57 106 97 397 612 17 561 589 32 604 654 237 878 1199 192 1108 1412 27 1128 1189 152 1341 1620 270 1345 1652 18 1352 1379 110 1511 1730 36 1708 1764 
6 105 149 315 158 886 1185 182 894 1230 106 1058 1249 109 1283 1574 50 1311 1396 
14 3 115 120 124 154 374 48 221 294 5 290 299 194 592 907 59 685 835 166 706 967 106 781 998 104 870 1120 10 1058 1071 7 1333 1353 39 1386 1450 40 1572 1637 52 1576 1657 
11 27 309 363 141 322 570 61 592 703 10 632 649 55 800 907 197 1052 1374 163 1090 1400 38 1092 1169 92 1147 1293 84 1212 1335 47 1582 1649 
13 5 159 169 156 180 411 82 289 450 254 605 949 35 705 754 120 948 1127 29 1008 1086 63 1077 1196 118 1130 1313 78 1182 1288 128 1402 1611 147 1575 1771 15 1742 1764 
10 123 54 232 145 77 345 208 139 427 73 212 366 51 371 440 104 470 646 7 624 635 105 710 910 115 748 899 134 1132 1360 
14 33 198 245 25 488 526 19 646 669 124 821 980 128 828 1006 77 1043 1150 61 1047 1174 181 1177 1496 86 1213 1387 146 1307 1521 93 1440 1687 79 1609 1765 17 1714 1747 4 1765 1772 
13 72 153 253 135 243 477 176 251 548 21 448 496 226 1167 1500 61 1201 1297 93 1266 1404 93 1339 1480 94 1523 1751 70 1586 1670 87 1638 1765 3 1648 1654 15 1708 1736 
9 88 321 485 210 501 802 169 510 813 146 624 919 199 1244 1541 10 1315 1332 129 1447 1630 54 1546 1672 56 1613 1699 
10 210 16 325 96 130 271 36 369 429 162 648 926 63 659 791 153 973 1273 132 1397 1690 20 1417 1458 7 1569 1584 53 1670 1761 
11 182 340 672 35 595 644 85 711 838 197 733 1068 14 1065 1086 131 1200 1395 105 1263 1528 159 1351 1588 55 1523 1619 80 1524 1634 5 1586 1593 
10 154 353 544 132 374 577 214 406 707 12 414 431 72 460 613 151 532 773 28 793 844 216 1040 1378 120 1095 1364 5 1714 1720 
10 89 37 179 177 87 399 91 160 342 153 542 763 122 809 1043 200 887 1204 70 1265 1367 113 1522 1690 16 1564 1591 9 1719 1731 
10 113 5 197 134 117 362 99 185 349 118 701 897 50 783 882 103 801 970 69 1029 1162 54 1282 1385 47 1420 1508 101 1561 1725 
7 133 167 473 51 442 555 137 621 888 164 777 1090 158 882 1181 63 1340 1443 16 1728 1750 
