15 84
8 41 69 124 55 78 149 54 247 318 33 593 641 80 722 847 3 956 960 72 1162 1255 68 1196 1281 
3 144 81 285 85 277 418 123 279 443 
5 175 142 377 189 186 413 65 252 342 45 376 431 45 1227 1291 
6 94 80 204 167 290 478 49 807 873 211 829 1091 37 1136 1192 2 1348 1351 
5 18 347 372 26 716 752 82 1042 1171 148 1123 1330 53 1246 1314 
6 162 110 337 49 191 254 154 363 616 130 608 771 33 627 671 18 1257 1282 
4 126 250 436 112 665 814 56 1155 1242 39 1210 1260 
9 49 2 67 89 127 259 26 562 597 82 917 1027 9 1077 1088 132 1088 1281 46 1209 1277 16 1300 1322 20 1323 1349 
4 166 291 525 84 599 709 95 823 959 39 1300 1350 
5 26 351 384 185 595 832 172 672 907 46 831 893 4 1338 1343 
7 89 240 367 67 288 372 52 534 612 61 701 769 59 778 869 39 1262 1310 15 1294 1316 
5 145 81 293 71 542 623 61 627 703 54 700 778 151 714 896 
5 106 42 174 100 640 773 51 885 956 147 947 1157 14 1238 1255 
5 167 156 384 9 373 384 150 818 1038 8 1108 1117 4 1225 1230 
7 16 77 98 86 160 269 62 448 534 125 481 647 32 572 611 88 671 780 61 1006 1084 
