15 444
32 240 69 333 11 109 121 107 179 294 190 187 398 187 208 404 153 347 517 25 392 418 171 601 791 258 613 895 264 655 949 85 680 774 203 713 936 109 713 836 255 721 990 56 774 835 36 799 838 254 809 1077 102 852 961 182 879 1080 94 908 1012 94 1030 1133 77 1034 1118 193 1041 1250 5 1108 1114 292 1155 1471 270 1192 1507 14 1227 1242 28 1322 1354 92 1362 1464 61 1392 1456 45 1393 1442 9 1534 1544 
28 201 38 265 98 75 185 118 90 222 143 147 306 195 227 443 224 231 493 278 284 600 75 308 392 183 382 584 245 400 673 171 476 658 133 587 738 196 796 1016 253 813 1090 27 905 933 31 926 959 19 961 982 133 972 1115 170 1053 1239 49 1116 1169 167 1128 1307 133 1285 1428 9 1323 1333 171 1372 1563 13 1462 1476 25 1489 1517 19 1502 1522 15 1536 1552 
27 72 62 140 269 73 387 144 186 344 175 334 527 216 452 694 179 541 733 184 545 747 210 549 771 181 561 758 137 589 735 282 621 925 42 705 751 180 756 955 187 770 973 187 817 1018 75 855 937 101 864 979 14 881 897 171 999 1187 81 1094 1184 251 1183 1471 167 1184 1366 78 1260 1348 10 1325 1336 149 1326 1486 50 1361 1418 13 1395 1409 
22 203 62 281 202 123 357 207 140 370 204 208 430 210 362 602 268 611 924 81 617 706 267 667 955 93 736 837 169 766 955 83 791 882 232 1093 1348 234 1098 1359 6 1117 1124 229 1134 1389 258 1199 1482 281 1203 1509 79 1285 1373 103 1303 1416 16 1369 1387 69 1384 1456 97 1439 1553 
25 51 57 113 166 165 350 69 222 298 265 327 618 146 360 517 271 438 723 161 518 701 171 643 837 197 664 884 63 741 812 262 770 1068 188 851 1060 74 976 1059 163 981 1158 154 1006 1172 106 1006 1123 3 1024 1028 127 1058 1196 240 1116 1379 179 1267 1465 172 1271 1473 232 1313 1572 172 1369 1560 49 1429 1484 2 1449 1452 
35 178 46 240 183 141 340 72 142 223 23 189 213 281 255 562 255 368 642 9 378 388 173 411 597 199 429 648 258 443 730 254 482 748 3 501 505 132 565 712 50 647 703 271 653 945 39 714 756 94 724 830 72 768 844 146 847 1002 241 962 1226 251 1025 1293 74 1063 1148 117 1157 1282 3 1187 1191 74 1233 1312 82 1274 1365 49 1286 1341 156 1296 1469 65 1318 1392 151 1377 1544 130 1403 1554 7 1461 1469 28 1481 1512 27 1491 1520 63 1494 1563 
26 245 197 465 28 338 369 40 356 400 100 404 514 206 427 658 63 614 684 228 676 931 260 676 975 135 768 921 108 789 911 261 819 1097 235 868 1123 118 881 1017 128 955 1093 116 1002 1127 138 1067 1224 42 1145 1191 189 1147 1362 279 1160 1468 7 1192 1200 237 1217 1474 67 1246 1321 84 1314 1409 197 1331 1543 50 1374 1427 2 1557 1560 
35 102 101 208 212 223 458 98 244 349 141 275 433 219 402 642 39 469 510 267 496 788 134 507 642 77 531 618 15 565 581 6 784 791 275 785 1085 237 861 1130 105 964 1081 123 1011 1148 174 1038 1234 123 1042 1177 170 1096 1281 232 1097 1349 275 1140 1439 71 1153 1233 257 1183 1468 109 1200 1313 189 1286 1485 170 1349 1538 75 1352 1434 57 1371 1434 132 1392 1536 86 1407 1502 33 1413 1448 41 1495 1539 36 1498 1537 31 1511 1545 38 1536 1578 6 1553 1560 
33 68 48 124 26 80 108 25 119 146 42 120 167 258 203 490 195 240 462 148 319 482 76 405 491 5 407 413 39 417 459 221 553 790 194 626 843 154 664 836 120 679 810 268 732 1024 107 792 914 272 865 1159 265 867 1169 224 881 1132 24 918 944 136 985 1131 137 1053 1207 186 1121 1328 34 1201 1238 3 1220 1224 122 1230 1367 32 1235 1271 72 1302 1382 58 1305 1366 122 1342 1481 16 1488 1505 13 1543 1557 23 1552 1577 
32 112 96 218 152 100 272 111 122 243 15 145 161 83 169 261 140 222 373 235 224 475 125 374 520 160 389 568 250 429 709 221 514 763 138 554 706 151 560 735 121 608 738 8 634 643 235 655 913 266 745 1027 127 788 927 139 832 976 111 976 1094 171 982 1172 206 1069 1308 51 1146 1203 162 1228 1402 225 1255 1503 49 1320 1372 81 1328 1421 23 1355 1379 51 1379 1435 15 1379 1395 54 1392 1449 62 1482 1548 
29 190 290 499 121 312 446 95 327 429 41 441 486 206 463 694 266 466 766 183 472 670 168 665 857 217 701 938 22 765 789 23 770 794 195 776 998 79 927 1016 240 954 1212 230 1013 1269 82 1053 1140 122 1074 1206 266 1109 1400 124 1137 1278 125 1177 1318 134 1221 1370 212 1256 1498 141 1416 1571 80 1416 1501 45 1451 1502 38 1510 1552 16 1557 1574 13 1561 1575 4 1572 1577 
31 64 15 82 284 46 351 24 70 95 205 182 417 88 200 301 255 291 574 139 307 457 210 330 559 181 378 579 174 386 581 69 392 471 61 419 485 173 526 718 90 588 688 151 646 813 245 658 932 32 772 807 127 777 913 93 1022 1120 178 1120 1314 73 1126 1210 207 1129 1361 238 1151 1410 182 1292 1500 24 1397 1423 115 1445 1570 18 1470 1491 20 1472 1493 42 1505 1551 7 1533 1541 14 1566 1581 
29 213 10 249 282 17 329 273 62 368 62 78 147 253 206 474 13 261 275 201 566 793 120 634 766 118 641 771 100 644 753 207 648 883 110 733 849 125 780 918 93 793 898 11 862 874 194 905 1133 35 1048 1087 121 1104 1233 228 1142 1391 260 1190 1485 77 1283 1367 79 1334 1419 152 1418 1581 46 1442 1493 85 1449 1544 51 1521 1577 11 1537 1549 14 1546 1562 2 1569 1572 
30 191 182 389 217 281 526 78 329 416 201 362 583 140 416 570 195 492 709 47 506 558 25 515 544 155 590 770 239 603 872 206 637 861 164 754 933 64 965 1035 138 982 1131 106 1036 1159 275 1078 1385 84 1116 1213 190 1208 1418 92 1266 1364 12 1266 1279 240 1273 1534 74 1294 1373 92 1360 1462 58 1393 1457 81 1395 1484 82 1400 1492 10 1506 1517 52 1525 1581 24 1543 1569 20 1557 1579 
30 224 7 246 210 14 247 95 70 172 251 180 449 90 258 356 242 344 612 79 350 439 245 364 638 199 407 623 45 520 569 189 560 771 193 561 779 149 605 770 96 609 720 143 632 791 265 712 1007 226 742 992 58 977 1040 113 1131 1254 184 1148 1346 142 1184 1335 8 1215 1224 134 1313 1465 41 1388 1432 5 1395 1401 74 1452 1534 43 1468 1515 65 1480 1552 48 1481 1534 11 1545 1557 
