15 166
15 216 173 514 147 337 606 97 371 514 32 472 524 35 643 706 135 783 1084 29 898 943 90 1130 1228 41 1163 1241 16 1219 1241 73 1294 1488 50 1304 1396 19 1596 1635 10 1652 1666 12 1657 1675 
10 49 143 219 50 147 222 59 261 356 173 1193 1509 176 1323 1656 150 1350 1578 41 1355 1436 118 1427 1709 22 1661 1704 3 1714 1718 
11 215 678 1001 100 696 859 69 775 880 121 804 989 60 970 1107 147 1041 1278 4 1135 1142 181 1406 1682 135 1481 1703 72 1494 1625 6 1673 1683 
14 87 246 400 99 272 419 162 625 899 123 770 952 181 1002 1232 25 1159 1196 51 1219 1290 85 1238 1361 132 1286 1499 30 1411 1459 110 1435 1660 51 1542 1630 25 1607 1646 48 1616 1702 
8 75 202 366 154 274 523 167 474 786 38 517 603 240 701 1042 192 721 1030 86 979 1125 59 1275 1419 
11 151 91 356 73 219 331 167 482 808 171 771 1042 44 836 916 165 911 1136 133 1299 1507 84 1454 1571 149 1472 1705 5 1525 1532 22 1655 1688 
11 264 86 418 49 219 309 7 258 271 104 299 509 68 839 962 90 1000 1135 40 1060 1139 211 1340 1659 162 1409 1633 85 1476 1635 67 1496 1623 
11 74 59 170 127 381 642 157 909 1234 20 1159 1199 56 1170 1262 84 1189 1344 210 1191 1473 84 1262 1413 30 1447 1490 75 1554 1677 4 1701 1706 
10 75 465 601 186 562 876 176 571 883 169 677 926 65 713 851 146 972 1260 124 1351 1568 44 1538 1603 8 1635 1650 4 1688 1695 
11 99 137 348 159 251 525 166 284 526 70 289 403 94 673 803 212 829 1169 74 1038 1163 2 1242 1245 48 1462 1579 37 1652 1707 16 1672 1700 
11 171 260 593 102 285 465 50 337 416 25 376 424 187 397 682 64 440 565 76 648 783 16 749 782 111 756 972 155 961 1206 51 1516 1605 
12 111 1 171 136 443 716 92 468 674 25 864 922 9 930 941 81 1097 1231 77 1099 1255 48 1291 1373 74 1293 1433 75 1447 1563 127 1535 1719 25 1574 1615 
9 262 167 502 159 483 792 135 518 776 145 914 1206 97 1453 1618 99 1530 1688 98 1537 1663 34 1653 1718 18 1672 1703 
9 220 58 344 94 222 364 124 237 422 127 307 550 51 688 779 142 746 997 191 865 1184 109 1219 1408 84 1560 1705 
13 36 235 321 31 296 348 55 569 660 218 685 1023 126 729 962 81 879 1014 60 945 1036 129 982 1229 19 1068 1091 104 1133 1305 27 1303 1351 72 1488 1609 10 1673 1690 
