15 108
6 63 7 102 156 135 397 119 440 646 216 586 908 148 1112 1322 11 1588 1603 
5 137 121 410 113 582 830 178 780 1067 90 1049 1218 42 1069 1140 
6 48 360 436 195 793 1113 207 797 1106 10 957 972 106 1171 1348 168 1384 1629 
8 22 168 201 204 375 703 31 400 461 251 493 820 52 565 663 121 646 867 103 900 1070 55 1357 1443 
6 90 1 117 225 17 319 99 200 387 56 750 858 155 1070 1374 171 1363 1598 
9 22 103 139 16 136 159 180 575 827 193 930 1223 53 1088 1150 66 1158 1295 111 1424 1589 81 1467 1628 44 1539 1629 
8 55 151 249 71 322 414 129 343 525 33 370 423 170 575 817 174 701 987 214 957 1262 4 1636 1641 
5 122 781 1032 147 921 1193 90 1161 1318 61 1344 1518 8 1637 1653 
9 53 46 143 81 47 203 57 294 389 10 477 493 53 500 592 5 761 768 93 797 972 124 905 1126 217 1045 1310 
11 71 148 264 42 215 277 90 241 377 14 355 389 128 444 658 63 519 625 55 1133 1227 78 1224 1347 53 1293 1389 24 1610 1645 12 1637 1657 
8 98 805 958 143 807 1065 73 932 1058 196 1017 1307 32 1286 1346 90 1419 1576 9 1599 1616 9 1649 1661 
7 28 55 102 123 616 826 93 730 893 80 1069 1188 91 1223 1380 99 1341 1494 195 1357 1651 
10 107 218 403 11 442 461 69 699 807 38 887 956 9 1046 1060 15 1144 1165 193 1247 1541 140 1270 1483 134 1398 1577 103 1432 1576 
5 77 336 490 104 1027 1223 115 1067 1349 61 1074 1178 164 1357 1571 
5 189 49 363 65 474 599 120 848 1053 65 1151 1254 179 1158 1464 
