10 287
25 237 2 270 14 16 32 268 38 330 74 70 148 52 101 157 148 115 286 141 230 386 112 241 366 120 462 595 115 662 788 199 861 1089 257 862 1151 198 878 1097 96 933 1040 260 979 1267 164 1128 1303 210 1169 1395 91 1197 1293 144 1209 1369 240 1224 1491 142 1272 1433 91 1399 1502 76 1457 1540 62 1486 1553 13 1525 1539 
32 9 22 32 276 30 336 95 180 285 36 211 251 89 223 322 43 398 445 43 400 446 203 472 696 2 495 498 166 568 754 256 574 857 102 637 748 11 660 672 247 691 959 54 705 765 167 724 911 7 729 737 192 747 962 52 749 807 197 809 1031 175 882 1085 225 883 1136 138 897 1054 14 944 959 249 986 1263 18 1090 1109 26 1121 1151 133 1232 1382 185 1279 1480 100 1408 1515 43 1477 1527 9 1558 1568 
28 38 43 86 144 77 239 64 89 160 159 96 265 36 133 171 198 157 380 113 181 311 24 193 219 9 330 340 256 363 644 272 365 668 244 397 659 173 445 636 21 479 501 195 522 737 206 627 873 15 668 684 248 686 957 175 862 1056 59 914 979 81 960 1052 212 988 1227 84 1120 1213 84 1136 1228 228 1283 1524 73 1366 1449 64 1391 1462 56 1507 1570 
31 141 16 172 69 102 179 17 188 207 277 272 580 53 306 366 41 339 385 256 379 672 37 386 427 104 429 544 206 438 671 254 466 742 42 555 601 124 625 764 48 626 679 267 707 1008 11 711 723 114 727 855 196 770 987 33 802 837 266 929 1216 60 936 1003 222 1057 1315 287 1061 1374 81 1314 1404 28 1330 1359 82 1340 1431 169 1374 1555 57 1411 1474 52 1414 1472 42 1521 1568 18 1547 1567 
25 281 24 334 71 58 135 228 63 335 6 113 120 4 132 137 145 148 312 11 306 318 42 322 369 216 393 640 140 587 747 14 635 650 158 734 915 139 816 966 198 874 1101 106 966 1081 177 970 1166 268 972 1264 191 996 1198 132 1059 1210 122 1079 1215 118 1111 1243 280 1185 1492 123 1296 1433 6 1492 1499 52 1510 1568 
29 161 29 204 155 89 260 219 91 335 37 101 142 214 160 398 198 227 456 96 384 487 169 407 591 249 413 691 175 447 641 132 493 633 206 586 810 180 587 771 63 637 707 228 662 913 217 683 927 46 822 872 40 835 879 75 889 972 184 930 1137 176 956 1144 24 1008 1034 12 1060 1073 256 1198 1479 125 1203 1337 134 1268 1427 35 1377 1416 47 1454 1505 16 1529 1546 
29 245 55 329 162 69 261 195 244 470 171 245 434 170 262 448 223 300 564 119 353 485 225 361 604 16 370 387 54 398 457 15 407 423 126 413 550 104 440 551 112 862 993 147 867 1037 186 870 1080 48 931 984 29 934 967 5 949 955 80 957 1046 17 984 1003 17 1072 1090 46 1079 1128 241 1141 1408 263 1180 1473 242 1194 1473 65 1428 1499 37 1519 1560 22 1549 1573 
32 185 130 340 271 144 449 18 206 225 64 281 352 220 294 531 100 335 443 208 335 558 158 422 592 68 449 523 12 452 465 159 458 629 120 557 693 109 572 689 172 632 816 98 695 805 184 758 959 171 773 961 138 774 925 20 826 847 167 851 1034 86 868 963 202 989 1207 201 1042 1259 67 1055 1128 16 1074 1091 112 1087 1211 209 1133 1365 91 1210 1309 150 1250 1421 92 1411 1514 112 1412 1530 85 1453 1549 
23 124 2 141 120 196 332 184 214 428 116 231 365 240 243 510 261 322 616 179 485 684 141 617 781 166 795 984 288 815 1124 138 882 1036 101 908 1015 136 937 1086 141 938 1091 5 979 985 202 1034 1253 254 1079 1359 19 1082 1102 89 1139 1236 133 1161 1313 196 1257 1474 147 1295 1467 31 1439 1471 
33 213 67 304 58 68 132 210 94 326 67 123 195 198 179 396 164 217 402 244 323 588 78 352 440 263 379 675 138 420 569 24 432 458 214 503 730 80 506 593 70 535 613 67 566 639 176 605 797 124 651 790 53 672 731 19 725 745 79 794 882 111 975 1094 78 989 1074 137 1032 1191 106 1111 1231 187 1232 1440 61 1277 1346 228 1293 1539 96 1318 1424 136 1349 1496 37 1424 1464 19 1469 1489 24 1537 1565 6 1564 1571 
