10 104
12 133 146 312 117 312 455 42 382 453 80 398 496 121 435 594 75 442 543 143 657 838 44 769 826 179 1118 1379 175 1201 1421 76 1307 1401 17 1359 1387 
11 24 208 239 207 367 643 138 395 568 115 403 545 182 459 710 188 541 785 148 640 843 86 746 867 27 921 952 134 1061 1219 98 1153 1274 
7 179 167 430 137 425 617 238 461 752 150 698 898 78 839 938 212 1082 1358 112 1147 1322 
6 131 134 319 107 236 390 174 754 1036 170 1045 1262 212 1143 1424 111 1223 1363 
10 211 58 337 109 259 400 142 593 767 106 703 839 204 722 996 125 766 928 172 1159 1376 9 1167 1179 121 1206 1384 77 1299 1400 
9 7 61 70 79 87 215 106 308 461 171 361 612 92 443 572 149 695 893 165 990 1236 56 1058 1124 168 1215 1433 
15 61 35 127 35 43 93 23 58 91 86 119 249 62 131 219 77 561 661 161 568 754 144 885 1077 146 886 1086 76 1062 1165 73 1109 1213 173 1237 1431 4 1405 1410 14 1452 1469 2 1467 1470 
9 73 44 137 118 176 346 148 477 722 137 625 811 51 890 952 157 905 1082 50 1056 1133 69 1109 1195 158 1193 1407 
10 154 304 507 151 435 631 218 509 760 189 548 809 141 806 985 78 962 1062 7 1181 1191 131 1209 1398 108 1329 1457 19 1378 1404 
15 113 41 179 51 105 167 40 106 163 71 385 468 142 460 642 18 471 493 156 486 713 49 784 852 220 843 1110 182 967 1238 49 1096 1158 95 1137 1260 36 1217 1265 108 1240 1380 16 1294 1316 
