15 152
7 165 99 285 158 104 295 207 223 457 158 763 930 229 787 1050 52 907 965 44 1277 1324 
8 191 161 375 258 350 625 159 752 938 240 758 1019 114 995 1125 136 1201 1355 131 1236 1373 87 1288 1387 
9 107 180 299 171 404 594 236 672 938 236 725 988 156 760 929 101 761 874 27 867 896 237 943 1203 149 1104 1268 
9 64 19 90 217 34 275 219 162 408 141 525 684 243 554 827 111 841 967 123 1204 1339 76 1289 1373 19 1331 1352 
9 145 3 163 180 11 208 248 23 293 241 269 528 38 792 834 212 823 1065 233 896 1152 100 1002 1112 125 1245 1391 
12 66 0 72 174 81 271 125 432 566 186 435 637 8 577 586 32 611 646 144 669 830 41 832 879 4 995 1000 239 1073 1343 190 1136 1345 127 1197 1342 
15 57 216 277 18 400 420 227 492 727 198 556 774 68 639 712 225 639 892 52 733 788 154 800 975 218 1038 1275 98 1172 1282 32 1228 1263 4 1285 1290 55 1304 1362 17 1351 1369 12 1352 1365 
9 204 252 473 68 295 373 19 453 474 87 453 546 225 688 944 211 848 1088 90 889 991 146 955 1117 250 1123 1382 
10 13 161 175 172 182 373 218 255 497 80 350 436 165 433 610 129 452 599 219 456 704 54 487 546 130 587 729 59 1063 1130 
9 24 9 36 121 250 387 130 261 411 112 406 535 154 521 693 34 585 622 42 887 934 218 890 1137 203 982 1213 
9 172 15 214 232 309 569 242 376 632 105 449 566 43 470 518 142 583 743 48 794 847 184 886 1089 42 1002 1047 
12 260 151 422 208 207 434 86 403 501 138 650 800 219 663 904 251 694 966 104 778 891 73 1021 1099 85 1045 1141 142 1054 1205 93 1068 1171 24 1120 1147 
10 86 80 172 244 105 378 243 313 577 212 357 599 151 622 788 222 717 962 218 858 1096 119 957 1088 27 1348 1378 9 1367 1377 
12 151 276 447 165 400 580 30 421 452 142 596 749 11 604 616 203 726 952 3 729 733 43 784 830 245 1103 1371 88 1130 1227 136 1184 1343 44 1209 1256 
12 212 274 500 58 459 522 220 486 735 163 521 713 165 839 1028 115 1006 1136 110 1109 1231 28 1180 1212 78 1302 1390 17 1315 1333 8 1367 1376 4 1387 1392 
