10 84
9 61 134 235 55 263 376 28 279 328 52 606 681 141 693 974 74 717 836 113 847 989 34 933 980 17 943 972 
5 72 177 370 98 262 421 68 422 532 94 437 603 181 842 1098 
11 108 117 257 59 467 580 44 837 921 118 938 1131 37 1092 1161 172 1093 1332 64 1101 1204 14 1221 1246 20 1328 1359 3 1432 1438 2 1433 1437 
11 53 149 256 97 258 418 129 444 701 127 611 779 10 727 745 27 897 936 152 977 1264 5 1330 1339 28 1400 1450 5 1426 1434 7 1446 1460 
8 77 205 360 150 350 641 96 800 1034 35 966 1018 12 1181 1205 25 1211 1239 80 1279 1424 13 1420 1438 
6 86 40 162 52 83 163 154 365 639 83 664 895 15 1175 1200 24 1360 1398 
7 127 397 636 81 489 650 174 715 975 36 1022 1091 189 1045 1335 7 1105 1113 105 1289 1425 
7 49 169 259 29 231 273 72 364 496 35 400 477 153 717 932 176 1010 1266 85 1161 1334 
11 186 59 346 39 367 440 37 374 430 15 464 489 21 566 600 37 793 878 139 856 1048 6 928 936 58 1000 1088 183 1114 1343 4 1304 1309 
9 10 74 88 170 133 398 8 147 158 162 615 892 90 619 735 125 647 879 25 667 703 192 1068 1328 40 1384 1445 
