10 164
11 137 512 693 5 512 518 229 602 929 38 638 689 155 650 855 215 986 1263 113 989 1153 216 997 1336 243 1049 1354 175 1113 1361 173 1458 1706 
16 23 12 50 81 15 111 185 59 306 214 78 371 174 166 458 124 306 474 32 336 385 165 653 866 157 832 1034 110 855 993 228 1087 1399 32 1158 1200 167 1301 1523 61 1565 1647 30 1582 1623 19 1602 1625 
18 123 149 313 227 285 568 126 325 494 190 504 766 30 529 567 6 561 568 201 629 963 13 775 791 252 921 1245 6 1013 1020 126 1083 1253 207 1326 1647 105 1502 1642 118 1530 1679 88 1563 1670 53 1668 1732 13 1705 1723 33 1708 1751 
19 88 29 170 149 66 317 228 70 334 110 258 410 75 292 388 153 721 951 220 825 1143 31 843 882 54 915 989 137 1169 1345 20 1296 1320 227 1314 1613 52 1381 1453 89 1452 1568 75 1456 1556 39 1483 1532 21 1586 1611 14 1738 1756 2 1757 1760 
20 38 72 131 28 101 138 86 137 251 30 193 231 92 278 427 128 330 492 235 462 776 4 470 475 6 481 489 169 490 722 208 497 759 75 803 905 25 950 979 98 1022 1150 36 1175 1227 111 1283 1438 192 1365 1648 123 1382 1538 95 1578 1705 109 1592 1740 
13 191 20 270 128 160 342 61 397 475 188 625 874 109 797 949 168 820 1053 223 1274 1586 227 1340 1621 162 1352 1594 98 1431 1560 71 1454 1550 98 1590 1747 66 1651 1742 
17 179 51 272 12 76 92 165 104 288 213 142 445 233 268 596 295 474 821 252 615 929 63 631 715 157 816 1012 239 1081 1373 82 1261 1366 160 1424 1650 194 1458 1735 14 1579 1598 76 1603 1694 15 1669 1686 15 1713 1733 
21 202 43 302 173 127 371 125 173 353 308 322 673 24 454 494 227 597 913 154 624 843 79 705 801 59 838 915 57 992 1064 65 1258 1350 36 1369 1415 255 1434 1751 119 1464 1631 86 1601 1727 89 1614 1728 6 1655 1662 20 1665 1698 8 1700 1711 37 1714 1759 2 1759 1762 
16 76 43 140 165 82 304 124 221 389 300 303 648 123 453 602 114 636 779 128 879 1074 252 1039 1365 5 1041 1047 274 1072 1411 159 1074 1265 247 1152 1486 216 1185 1447 175 1243 1466 29 1294 1334 161 1366 1577 
13 185 16 280 250 501 823 13 632 647 213 664 963 137 765 953 150 1043 1260 177 1123 1345 211 1161 1445 169 1240 1477 62 1261 1348 159 1306 1522 37 1576 1625 61 1608 1685 
