15 165
11 12 37 50 227 258 497 150 382 553 142 397 565 27 454 485 88 467 566 65 470 540 186 516 717 22 636 660 236 795 1051 245 850 1122 
7 51 261 316 235 341 602 199 580 807 59 705 768 179 730 945 58 749 817 251 927 1210 
14 91 252 356 18 337 356 197 354 577 111 369 495 3 489 493 174 710 903 66 838 912 136 1024 1179 120 1099 1240 9 1267 1277 122 1280 1414 21 1402 1425 8 1432 1441 12 1440 1453 
10 199 116 339 137 412 560 225 494 739 224 746 1001 194 839 1060 137 895 1049 94 955 1054 35 974 1013 3 1257 1261 23 1433 1458 
15 12 99 112 117 151 283 216 265 501 110 369 487 123 432 562 64 485 555 149 539 705 224 599 848 38 811 854 3 879 883 147 890 1054 254 1129 1404 129 1185 1324 22 1365 1390 11 1444 1456 
11 137 7 160 118 286 413 21 580 602 120 739 878 91 1061 1161 107 1069 1190 27 1119 1149 225 1167 1425 80 1217 1304 145 1289 1454 123 1304 1445 
15 169 198 383 167 325 508 226 367 623 21 394 417 191 607 822 100 678 785 155 891 1064 5 1080 1086 21 1094 1117 14 1100 1115 85 1108 1205 151 1144 1306 16 1437 1454 4 1441 1446 3 1457 1461 
8 202 34 273 101 281 391 127 312 451 238 347 612 52 694 750 212 985 1208 180 1140 1342 128 1257 1396 
10 106 193 304 78 426 514 180 545 754 144 659 810 199 720 936 80 805 895 207 960 1198 230 1124 1374 32 1248 1283 2 1353 1356 
9 127 442 583 180 470 671 65 537 609 255 541 823 211 689 926 128 704 849 95 881 987 201 1127 1349 58 1336 1399 
11 121 173 302 255 325 614 114 366 489 132 514 659 140 543 703 51 734 789 143 753 905 199 818 1043 93 879 982 27 1192 1220 58 1397 1459 
13 95 152 255 75 390 472 95 466 571 259 523 811 61 779 847 44 788 835 89 866 965 12 948 961 116 957 1086 106 997 1113 109 1045 1165 247 1088 1361 41 1380 1426 
10 262 204 494 240 306 564 83 530 623 101 585 698 106 745 861 64 957 1026 212 967 1203 249 1012 1282 48 1363 1415 21 1437 1460 
13 264 9 300 39 127 170 32 191 227 49 195 246 118 250 377 102 692 800 149 830 998 238 833 1087 198 911 1126 35 938 977 94 1188 1293 138 1221 1371 48 1368 1421 
8 197 11 231 56 303 364 208 450 672 258 833 1123 186 943 1157 27 957 987 62 990 1060 167 1084 1276 
