15 421
25 117 82 214 28 125 158 105 151 276 8 217 226 250 267 541 242 408 670 236 493 744 294 638 965 162 653 834 190 705 915 93 782 886 124 786 923 12 825 838 50 860 914 131 875 1025 234 1005 1265 95 1061 1172 197 1155 1382 57 1196 1259 244 1214 1489 216 1252 1484 142 1303 1462 101 1364 1475 67 1433 1508 41 1513 1561 
29 41 45 88 74 52 133 97 73 180 162 138 315 272 211 525 220 286 532 279 316 617 60 500 568 126 606 744 286 617 939 37 742 783 136 743 891 75 744 827 137 749 899 290 750 1064 255 927 1210 144 937 1098 161 1048 1222 12 1054 1068 120 1154 1280 221 1167 1425 125 1292 1426 54 1302 1358 207 1313 1536 43 1365 1412 120 1442 1577 61 1498 1564 27 1545 1573 16 1618 1635 
28 119 48 175 192 56 279 230 69 325 172 111 296 113 114 234 132 131 276 73 143 221 243 162 445 210 169 397 245 199 463 52 206 262 27 526 556 280 526 841 106 605 720 48 647 700 294 655 981 147 815 973 129 844 987 192 856 1066 36 939 980 7 1090 1098 52 1133 1188 247 1163 1438 95 1389 1497 137 1497 1646 68 1518 1595 21 1570 1594 24 1613 1639 
25 58 1 65 203 17 237 154 115 284 69 224 304 113 296 421 274 351 657 256 378 662 271 412 724 183 563 766 31 584 618 291 686 992 10 993 1004 267 1008 1301 221 1068 1306 212 1129 1361 87 1279 1375 298 1296 1625 235 1391 1648 119 1410 1543 178 1417 1623 18 1436 1456 104 1437 1558 140 1508 1657 96 1541 1651 14 1592 1607 
26 117 21 154 276 25 333 244 107 377 314 452 784 195 457 678 248 486 753 118 491 631 190 507 721 82 584 676 95 691 799 76 791 875 231 867 1136 21 934 956 153 1061 1240 287 1151 1457 153 1169 1344 5 1244 1250 218 1283 1519 52 1384 1442 132 1457 1601 166 1472 1654 93 1516 1619 43 1532 1578 45 1551 1600 41 1558 1603 72 1558 1638 
26 255 93 394 54 180 239 84 194 281 64 263 331 70 343 420 131 411 552 108 501 624 52 521 578 168 556 740 287 598 908 119 663 798 280 736 1049 225 755 1015 4 779 784 100 913 1021 270 960 1265 53 1010 1070 69 1052 1131 172 1081 1266 297 1174 1503 61 1187 1255 247 1198 1472 200 1234 1453 180 1257 1449 152 1321 1486 26 1613 1642 
30 273 100 396 130 265 409 110 292 412 225 310 564 161 372 554 161 376 555 265 380 669 8 450 459 58 470 538 130 474 624 59 498 560 74 500 580 104 527 643 163 537 709 287 641 950 247 674 952 200 690 906 7 881 889 89 918 1014 18 928 948 198 1008 1227 4 1054 1059 91 1074 1171 49 1091 1146 124 1114 1251 177 1131 1330 54 1281 1339 179 1447 1652 32 1575 1610 22 1627 1651 
27 32 19 56 253 56 354 248 118 389 211 158 389 94 214 318 271 254 554 26 291 319 212 296 524 285 347 654 126 354 495 19 381 401 263 422 706 53 452 510 104 819 936 169 857 1050 186 871 1074 24 1032 1057 290 1203 1528 95 1333 1440 63 1378 1447 153 1423 1597 170 1428 1617 75 1516 1598 58 1559 1623 39 1614 1658 34 1620 1657 10 1644 1655 
31 140 94 248 248 109 385 112 154 274 184 254 457 134 255 408 196 374 593 65 389 459 120 398 526 107 424 539 126 461 600 263 497 800 263 590 863 191 664 880 41 760 803 16 797 814 58 844 907 29 849 880 102 883 999 91 964 1065 259 985 1271 77 1023 1107 46 1096 1144 159 1103 1279 123 1365 1498 72 1405 1483 181 1426 1628 95 1462 1572 151 1480 1653 77 1513 1598 77 1554 1638 11 1559 1571 
31 294 42 364 274 80 388 247 116 389 257 229 498 266 244 539 98 325 433 146 331 494 215 391 620 60 431 498 234 464 712 222 465 708 292 467 777 21 496 519 100 535 646 69 595 672 279 613 925 63 619 691 69 830 907 24 1011 1036 86 1055 1147 120 1208 1338 159 1255 1431 210 1323 1545 7 1396 1404 74 1451 1534 50 1481 1536 70 1510 1587 92 1516 1615 24 1554 1581 88 1555 1662 3 1645 1649 
28 55 252 314 201 278 495 102 410 521 109 456 576 211 461 699 295 563 876 44 586 637 260 669 958 185 771 972 168 784 969 153 826 991 22 832 856 154 889 1067 276 931 1246 26 934 963 69 945 1019 174 1047 1241 191 1071 1284 24 1073 1098 229 1091 1349 189 1116 1326 216 1307 1547 68 1329 1402 10 1448 1459 23 1498 1522 82 1498 1594 65 1500 1573 3 1658 1662 
31 246 18 280 216 65 307 197 70 284 205 136 349 87 151 247 273 200 489 180 249 437 63 324 393 201 386 606 192 409 618 174 426 627 26 475 502 75 558 641 4 584 589 100 600 711 153 674 846 3 710 714 235 846 1105 237 889 1150 285 1056 1371 186 1084 1303 284 1092 1416 64 1134 1207 64 1321 1393 225 1383 1635 4 1428 1433 48 1531 1583 77 1562 1645 18 1562 1581 32 1623 1658 15 1625 1641 
31 7 9 17 63 36 111 242 118 387 204 193 425 23 221 247 131 276 417 116 302 427 250 317 601 70 421 501 257 442 722 276 478 787 184 479 675 50 508 563 208 553 773 6 962 969 27 973 1003 211 992 1229 294 1002 1333 22 1097 1121 103 1198 1315 189 1215 1423 7 1299 1307 176 1372 1564 204 1381 1607 89 1414 1512 90 1442 1541 47 1453 1504 35 1607 1646 37 1612 1653 20 1617 1638 3 1646 1650 
24 258 51 339 123 65 205 95 106 215 279 118 426 36 270 308 308 355 679 67 496 569 103 504 616 196 506 721 188 842 1051 255 952 1233 155 1039 1214 227 1060 1313 232 1184 1425 218 1263 1507 189 1317 1543 53 1343 1403 218 1394 1635 88 1447 1544 118 1485 1618 95 1506 1608 76 1527 1611 93 1544 1645 6 1655 1662 
29 138 17 170 219 159 406 151 192 348 268 281 578 102 284 397 196 361 586 130 490 629 70 501 579 134 535 678 228 721 965 197 756 977 125 845 976 163 873 1053 136 1004 1153 184 1024 1229 125 1060 1193 278 1265 1577 6 1274 1281 166 1283 1472 232 1287 1535 277 1306 1603 295 1328 1651 161 1354 1537 50 1470 1523 107 1488 1606 46 1534 1582 21 1579 1601 37 1608 1648 5 1639 1645 
