15 44
4 85 0 135 139 476 689 30 1218 1264 82 1323 1450 
2 55 757 905 192 896 1138 
1 120 1066 1351 
3 166 429 681 39 629 708 154 642 902 
2 142 1000 1242 86 1133 1288 
2 68 36 175 171 146 392 
6 16 97 127 42 264 340 28 299 342 6 458 466 78 679 808 51 1281 1361 
3 7 542 553 103 570 760 168 1183 1443 
4 27 380 427 77 459 595 54 1188 1295 80 1231 1370 
2 64 1049 1164 97 1241 1431 
4 98 363 505 99 1181 1379 71 1272 1373 8 1348 1359 
2 150 170 433 31 896 971 
5 16 13 47 121 131 303 88 372 551 20 1212 1246 46 1389 1461 
2 132 712 910 163 1070 1306 
2 129 1026 1253 169 1051 1334 
