15 253
15 93 119 226 37 280 328 198 329 608 132 339 507 117 362 498 105 602 753 208 719 1008 220 788 1098 142 788 995 233 811 1119 29 961 1005 64 1027 1113 220 1275 1637 42 1610 1673 82 1740 1840 
15 53 141 211 103 193 343 229 493 792 111 502 651 255 539 892 270 576 930 174 591 803 124 613 788 107 860 1004 200 877 1136 55 912 990 252 912 1220 97 1136 1260 162 1552 1789 88 1728 1859 
16 280 78 434 194 91 357 3 204 208 6 262 269 251 349 703 199 426 691 49 695 754 284 895 1254 203 1149 1437 55 1166 1246 104 1228 1367 207 1362 1636 129 1477 1663 241 1537 1839 68 1693 1785 28 1771 1808 
19 267 15 347 97 17 141 90 119 244 104 200 331 70 252 334 23 327 358 270 752 1103 125 797 983 30 908 950 183 1099 1380 181 1296 1528 32 1359 1403 260 1388 1742 157 1530 1753 181 1568 1807 39 1678 1740 43 1758 1815 52 1781 1840 36 1812 1857 
17 105 21 150 94 143 276 17 358 379 22 527 556 181 656 896 239 746 1095 56 754 827 18 769 795 275 1267 1628 135 1275 1455 274 1485 1847 158 1524 1771 152 1567 1771 141 1601 1779 176 1621 1842 35 1703 1747 19 1828 1851 
16 44 69 131 257 137 498 211 298 594 107 339 483 160 589 789 88 658 770 45 766 833 114 884 1021 116 964 1110 195 1013 1273 24 1110 1146 245 1219 1564 197 1404 1689 218 1481 1758 55 1688 1761 41 1783 1840 
14 203 91 343 31 98 139 226 320 611 129 411 642 16 503 523 237 701 1032 255 1108 1431 125 1115 1275 178 1286 1518 123 1350 1559 140 1366 1550 127 1433 1580 177 1481 1723 84 1599 1711 
17 224 252 570 232 306 601 82 350 454 70 497 582 20 563 592 70 659 755 251 737 1080 82 766 877 220 1057 1351 175 1113 1362 148 1136 1311 167 1321 1549 300 1385 1739 241 1465 1739 21 1492 1523 133 1645 1812 72 1655 1746 
16 235 3 284 145 224 438 243 299 595 63 318 402 170 353 600 226 389 688 224 409 745 172 873 1101 229 1078 1348 102 1187 1310 261 1214 1567 111 1472 1618 75 1681 1787 2 1843 1846 3 1844 1848 4 1854 1860 
21 260 333 650 54 401 473 6 497 504 86 521 623 192 575 819 296 646 1010 208 696 941 94 745 899 124 835 994 3 856 860 217 868 1201 18 874 900 93 896 1023 254 987 1322 196 1073 1338 176 1386 1609 42 1642 1689 15 1679 1698 26 1811 1846 21 1814 1841 11 1837 1849 
16 150 77 259 159 231 420 73 239 336 69 291 378 164 554 756 206 597 905 97 721 855 224 768 1063 223 856 1143 76 1057 1151 241 1086 1369 275 1108 1474 197 1161 1453 177 1575 1792 141 1599 1790 82 1671 1781 
18 125 13 203 155 48 274 67 78 169 123 247 408 9 398 409 36 611 660 274 912 1252 196 1007 1235 219 1051 1327 221 1203 1542 9 1288 1301 211 1296 1604 77 1467 1572 48 1483 1552 108 1526 1663 154 1541 1736 6 1606 1614 123 1647 1819 
19 262 172 540 8 184 194 6 290 297 216 457 731 174 590 826 145 681 885 159 1092 1338 264 1196 1552 96 1213 1353 106 1222 1368 123 1415 1589 47 1456 1516 43 1522 1577 133 1622 1795 17 1629 1648 106 1655 1797 38 1677 1724 14 1726 1743 59 1770 1842 
17 39 262 314 70 392 491 53 430 509 251 457 789 197 543 778 98 619 743 215 878 1176 42 885 929 38 914 964 210 961 1246 208 1173 1473 156 1228 1438 85 1244 1349 174 1310 1526 247 1397 1737 146 1541 1743 45 1637 1697 
17 87 65 185 244 385 704 245 474 827 50 500 570 175 602 840 210 934 1206 126 1098 1254 6 1111 1118 16 1163 1182 130 1236 1401 72 1336 1439 214 1372 1641 210 1479 1807 214 1527 1825 169 1618 1830 19 1646 1671 16 1842 1859 
