15 173
11 102 13 130 9 66 76 187 138 344 171 297 486 84 340 440 183 371 576 118 705 838 17 771 790 97 897 1009 100 1076 1188 53 1164 1222 
8 239 158 406 56 241 303 206 285 508 177 413 614 214 585 829 146 613 776 141 754 922 12 1113 1126 
12 133 30 178 178 135 334 33 282 316 100 300 415 209 381 613 36 628 667 124 679 818 3 808 812 165 810 991 34 931 969 197 934 1146 2 1223 1226 
12 134 86 239 49 176 230 213 397 637 42 439 484 204 664 893 149 855 1024 67 880 952 74 945 1026 60 1050 1118 55 1161 1219 21 1183 1205 31 1200 1234 
11 125 313 456 164 526 709 158 531 710 108 643 758 163 704 870 34 758 793 102 811 919 216 826 1061 84 829 925 176 927 1125 84 1083 1174 
13 109 61 179 109 61 183 76 282 363 58 300 365 127 375 514 105 603 720 73 668 749 177 848 1048 222 990 1227 62 1056 1125 139 1076 1223 95 1118 1221 34 1163 1199 
10 68 82 155 117 122 255 191 143 367 21 278 301 75 370 450 94 636 743 212 858 1100 60 900 969 34 926 964 60 1089 1156 
9 186 94 308 205 501 728 115 579 705 175 651 849 93 825 928 9 835 845 107 868 983 125 937 1080 144 983 1148 
11 73 86 168 119 122 252 98 144 253 198 228 449 95 669 770 128 717 860 153 743 908 107 860 979 175 892 1080 45 923 975 81 1114 1205 
10 155 73 240 148 85 254 35 131 169 189 302 513 89 320 419 169 621 813 182 697 894 180 725 927 28 829 859 42 973 1018 
11 164 160 351 144 222 386 150 240 402 28 357 387 40 366 410 193 410 618 211 489 723 133 571 719 75 861 943 14 1194 1209 14 1195 1210 
12 101 7 115 172 35 229 218 398 625 63 495 566 177 529 729 155 677 849 96 683 790 20 787 809 172 913 1103 27 1051 1080 59 1141 1209 11 1204 1216 
14 188 34 242 109 161 277 121 176 300 177 195 396 206 536 763 185 661 859 92 721 823 30 888 921 11 963 975 16 964 982 76 1067 1150 17 1106 1124 63 1110 1180 58 1144 1208 
15 20 5 26 53 67 128 174 88 283 40 258 301 180 299 498 125 498 637 55 547 607 83 568 663 20 595 616 22 681 704 130 721 868 98 742 847 10 913 924 142 979 1142 72 1009 1085 
14 44 25 71 135 112 262 70 221 299 75 270 351 82 282 370 154 312 490 11 315 327 25 370 398 65 752 824 205 828 1057 95 830 937 190 862 1072 34 1166 1204 28 1202 1232 
