10 114
16 168 35 301 83 53 228 63 137 256 63 193 277 70 195 322 36 392 442 66 403 530 89 434 563 111 572 766 16 606 643 41 715 792 19 765 791 5 1147 1156 112 1324 1467 83 1442 1610 2 1699 1702 
12 71 316 457 25 350 387 135 351 622 175 497 780 169 835 1076 62 927 1012 182 1231 1542 100 1301 1485 7 1308 1320 49 1589 1670 10 1608 1627 15 1615 1636 
8 143 11 240 180 309 650 95 361 613 92 864 1057 165 987 1292 18 1340 1373 5 1380 1387 25 1571 1606 
10 64 178 276 225 239 569 120 458 642 208 507 764 68 847 980 157 1086 1352 59 1203 1303 126 1238 1519 70 1528 1671 62 1613 1702 
10 126 120 378 85 159 326 208 266 573 98 312 494 277 421 755 32 435 482 143 842 1155 214 1256 1594 15 1387 1408 17 1671 1697 
16 98 254 421 197 423 651 78 514 637 19 582 617 107 614 820 93 667 845 110 887 1071 113 1065 1335 10 1146 1160 19 1160 1189 66 1224 1325 11 1262 1279 6 1430 1442 97 1518 1650 16 1636 1660 15 1672 1706 
13 79 163 287 16 237 269 92 531 666 101 549 721 30 600 647 55 690 800 86 691 880 23 708 756 33 781 829 166 1009 1278 75 1204 1334 153 1324 1609 8 1662 1682 
10 223 27 339 71 76 201 62 155 288 146 230 438 81 648 786 200 771 1078 108 810 1039 33 880 929 129 1298 1551 46 1600 1681 
9 160 15 254 128 188 420 117 520 682 123 825 1120 152 895 1111 132 943 1136 132 1248 1451 150 1397 1696 6 1507 1518 
10 26 393 431 62 411 564 168 445 698 120 466 770 70 504 652 2 906 909 113 1002 1155 120 1240 1513 84 1367 1637 15 1481 1507 
