10 77
6 4 218 224 137 573 830 79 903 1044 157 1021 1322 77 1144 1285 13 1485 1503 
8 188 102 396 168 212 448 113 450 628 35 527 584 91 585 728 60 894 1000 53 1017 1083 19 1045 1081 
8 127 104 289 137 140 367 91 292 454 187 585 829 16 690 714 192 847 1125 79 882 1014 2 1126 1130 
8 47 282 343 59 449 562 13 879 897 195 882 1175 87 894 1039 93 1132 1298 163 1138 1408 20 1466 1509 
7 155 69 315 145 115 351 77 384 526 167 489 720 3 812 816 96 913 1055 29 1155 1216 
7 171 131 379 104 150 402 89 242 375 51 693 771 66 754 875 132 1144 1401 31 1367 1424 
7 165 199 491 50 311 373 84 370 491 118 488 655 168 496 760 132 570 772 45 1013 1080 
11 73 93 242 129 139 302 42 151 222 80 338 461 171 378 615 77 542 679 110 695 858 75 967 1079 64 1000 1102 12 1441 1455 18 1485 1508 
10 47 109 174 155 128 363 235 149 417 10 345 363 63 823 963 93 825 978 105 955 1164 123 1269 1441 20 1413 1438 19 1449 1479 
5 50 125 234 129 506 722 122 556 807 73 1240 1366 86 1344 1486 
