15 178
7 217 231 475 214 345 583 114 462 591 168 467 662 161 729 908 184 1111 1317 15 1331 1347 
12 115 61 193 167 295 476 171 304 491 93 312 417 227 436 673 179 484 674 104 505 618 78 607 693 66 662 737 67 805 877 31 983 1017 125 1082 1227 
10 33 120 155 110 598 716 197 651 872 175 688 881 198 728 948 78 918 1004 205 920 1148 65 923 995 100 1154 1265 123 1198 1335 
10 177 74 268 75 160 241 86 215 311 12 323 336 175 395 582 189 601 816 175 681 871 94 929 1035 225 942 1195 177 957 1158 
11 201 0 220 100 24 133 215 38 278 192 75 302 6 163 170 46 664 713 91 733 835 200 833 1052 155 847 1016 36 913 951 18 1328 1348 
13 43 261 308 63 303 371 4 375 380 246 381 645 235 405 661 6 428 435 131 695 841 98 824 936 215 918 1162 208 1103 1333 88 1164 1258 55 1225 1286 34 1303 1339 
14 211 25 260 211 129 359 191 198 410 46 445 495 50 491 547 132 823 962 19 889 910 175 894 1083 181 896 1093 213 1046 1270 165 1088 1271 48 1182 1234 11 1186 1198 7 1335 1343 
16 89 28 126 203 31 249 7 101 109 42 217 263 237 288 555 115 380 510 211 407 643 28 408 438 96 487 591 140 590 742 3 623 627 48 663 715 113 718 844 66 1183 1251 26 1298 1325 5 1328 1334 
12 250 34 304 211 50 285 233 92 353 217 209 440 39 342 387 54 561 620 118 578 701 51 679 737 46 716 768 125 717 858 133 844 992 142 1121 1277 
9 174 67 266 43 160 206 179 343 543 209 459 694 77 520 606 214 573 816 110 723 847 116 876 1003 116 1140 1262 
10 220 29 275 138 188 336 117 258 390 129 321 465 241 819 1083 105 952 1071 172 1079 1263 25 1161 1189 86 1169 1264 90 1209 1315 
11 101 66 181 144 112 269 154 173 340 12 259 272 118 466 599 105 612 727 141 847 1005 44 946 995 111 957 1087 228 978 1230 99 1156 1266 
14 98 134 242 169 151 347 85 218 309 45 296 346 125 457 593 21 711 734 117 742 870 241 984 1246 173 992 1187 57 1059 1122 7 1164 1172 88 1168 1267 16 1208 1225 30 1313 1346 
15 27 176 206 145 178 336 43 235 280 10 352 363 205 415 639 126 487 620 68 658 732 36 748 788 196 810 1023 177 936 1130 176 1065 1256 130 1071 1210 192 1075 1287 59 1167 1232 11 1315 1327 
14 17 47 65 103 84 198 81 91 179 29 280 312 229 286 538 127 567 707 237 830 1087 248 836 1100 42 857 903 76 935 1022 75 1006 1088 90 1156 1258 44 1267 1317 11 1288 1300 
