15 173
9 83 137 264 86 203 336 202 267 545 38 400 439 212 771 1049 15 783 803 48 801 866 193 1106 1373 20 1308 1334 
13 153 105 293 38 124 176 20 344 376 103 524 672 157 826 1049 152 874 1061 95 887 1003 58 930 1005 113 979 1129 83 1146 1255 66 1203 1280 42 1232 1297 16 1327 1347 
13 123 42 201 174 62 300 79 195 294 32 211 252 99 227 340 158 425 627 62 518 592 4 560 565 104 655 781 81 793 910 132 980 1155 103 1073 1200 79 1233 1338 
13 167 275 509 51 376 444 162 406 622 53 484 548 44 498 557 92 649 759 60 748 832 17 816 838 83 953 1053 216 982 1250 40 1085 1140 61 1169 1267 16 1301 1322 
9 48 70 137 130 141 323 197 629 898 197 921 1169 91 949 1064 181 953 1176 127 1049 1212 94 1111 1230 49 1299 1360 
12 171 209 438 162 272 474 157 498 688 182 636 869 164 654 877 253 739 1008 22 788 818 5 869 875 38 957 1005 65 1062 1140 44 1092 1154 140 1207 1398 
9 147 370 597 115 371 521 164 398 639 34 424 464 40 532 595 200 656 912 29 734 771 188 759 1009 168 1187 1405 
10 154 108 305 87 143 249 142 461 633 163 675 922 17 692 717 157 920 1135 112 1069 1224 36 1131 1174 172 1136 1380 135 1166 1327 
15 94 98 205 129 361 529 83 419 524 135 430 602 46 523 587 28 563 607 166 589 812 208 698 960 72 731 833 134 740 905 55 1123 1195 57 1204 1269 8 1258 1267 5 1357 1363 5 1397 1403 
12 126 13 198 50 22 97 66 155 264 103 165 284 22 407 435 48 562 638 150 628 808 183 816 1086 148 929 1110 29 1161 1193 108 1182 1330 27 1350 1383 
10 113 247 399 217 268 519 210 370 612 77 735 851 106 741 878 53 931 1006 146 1055 1237 145 1116 1309 100 1254 1401 28 1358 1398 
12 90 99 213 173 431 702 111 453 595 141 523 728 179 685 925 30 748 788 34 986 1033 79 1078 1191 36 1155 1200 41 1211 1261 14 1308 1328 8 1397 1407 
12 202 257 497 95 432 549 26 536 568 182 579 806 170 779 999 3 831 835 113 898 1064 88 970 1080 167 970 1182 213 1119 1388 15 1261 1282 4 1293 1298 
11 196 10 265 143 159 367 143 268 446 171 354 608 48 484 544 199 696 946 29 833 879 128 861 1033 91 1141 1255 32 1188 1232 24 1372 1408 
13 44 39 94 59 47 128 51 56 131 79 413 515 99 751 890 221 809 1091 213 1098 1379 80 1222 1313 32 1238 1276 42 1250 1309 78 1297 1400 16 1338 1362 43 1345 1405 
