10 174
15 181 216 464 34 360 407 184 411 681 85 467 585 254 470 772 202 700 1012 103 841 970 145 932 1142 59 980 1068 119 989 1180 141 1149 1347 50 1501 1580 12 1577 1596 25 1582 1614 8 1613 1622 
17 273 111 434 220 141 430 112 190 343 13 216 230 213 263 535 162 544 778 16 609 629 134 640 828 111 755 914 107 1083 1226 121 1150 1313 137 1339 1522 102 1343 1483 39 1345 1395 144 1429 1613 104 1450 1601 8 1609 1619 
23 66 23 114 98 125 269 133 158 323 236 258 555 36 303 359 61 333 410 37 354 398 71 390 482 283 415 716 36 442 487 74 491 604 134 492 685 203 503 768 234 595 859 34 949 987 98 1147 1292 80 1183 1292 36 1230 1273 58 1255 1352 65 1420 1515 47 1451 1511 56 1536 1604 9 1599 1612 
18 234 62 337 199 82 371 13 83 99 198 106 362 184 175 427 281 525 850 56 662 732 101 773 916 186 792 1032 46 906 966 8 936 946 33 960 1008 138 1108 1283 67 1262 1345 215 1287 1553 13 1410 1427 78 1456 1566 108 1478 1624 
17 187 164 422 247 196 510 106 240 366 90 241 343 92 366 488 203 474 769 213 481 748 24 481 515 253 576 868 34 695 735 52 721 788 192 991 1246 200 1126 1431 232 1134 1429 56 1330 1402 13 1594 1608 6 1604 1611 
16 165 16 247 235 81 392 168 227 434 270 712 1028 74 885 982 156 934 1139 172 957 1186 97 963 1079 77 987 1083 28 1031 1068 27 1185 1226 33 1202 1248 153 1280 1511 206 1313 1567 159 1314 1527 62 1535 1617 
18 246 131 446 169 248 466 19 363 387 89 420 533 52 456 523 78 463 556 213 505 791 164 918 1149 101 961 1086 28 1027 1059 134 1081 1271 172 1124 1384 211 1155 1425 129 1280 1456 38 1292 1342 42 1500 1555 8 1549 1559 4 1604 1609 
15 97 101 229 209 225 497 194 320 617 46 480 539 23 501 534 43 823 882 182 947 1168 182 957 1223 133 1070 1248 207 1178 1464 179 1204 1447 74 1288 1401 191 1343 1594 64 1397 1489 68 1426 1511 
20 167 144 370 37 318 364 27 349 382 161 362 570 50 417 481 10 583 595 113 679 809 77 698 801 100 860 998 174 907 1141 8 943 955 173 1069 1307 162 1071 1299 183 1195 1456 138 1342 1505 41 1364 1416 72 1393 1502 88 1397 1522 104 1491 1618 19 1526 1551 
15 92 25 145 23 289 326 221 374 681 223 541 851 127 578 756 187 603 891 127 624 814 103 739 877 241 964 1244 39 1161 1209 196 1193 1444 149 1409 1602 98 1464 1597 17 1493 1512 2 1622 1625 
