15 159
17 23 64 95 20 72 100 44 88 145 62 105 186 76 185 293 41 192 244 32 386 428 40 663 717 114 705 852 193 774 1015 100 805 945 143 939 1131 212 1064 1334 246 1210 1522 69 1471 1556 44 1507 1563 5 1542 1548 
10 177 245 463 9 267 277 147 366 566 211 402 683 92 827 937 18 834 860 235 1074 1382 135 1074 1259 123 1104 1281 91 1507 1631 
8 208 120 389 200 415 672 113 551 708 208 872 1161 250 906 1216 38 1154 1206 167 1252 1459 127 1413 1596 
13 143 7 202 29 55 90 130 146 340 21 196 222 229 455 741 31 784 830 129 817 982 75 849 942 79 1061 1158 127 1220 1391 191 1391 1636 68 1551 1638 33 1597 1645 
11 216 77 382 177 403 602 29 686 727 119 918 1081 152 981 1169 68 1103 1188 222 1205 1471 132 1356 1565 89 1370 1516 90 1470 1583 10 1630 1643 
10 72 215 332 4 231 236 67 670 755 140 1026 1202 158 1110 1340 104 1246 1398 129 1251 1415 232 1259 1578 148 1361 1550 78 1523 1623 
11 226 119 446 50 132 205 141 148 340 168 414 631 5 958 965 84 1037 1140 232 1253 1582 173 1273 1489 195 1369 1626 31 1491 1527 29 1606 1650 
7 170 17 231 180 36 288 209 46 328 88 895 1031 176 920 1164 218 1326 1610 44 1508 1570 
10 6 159 167 280 194 522 85 378 501 14 636 654 212 666 965 119 939 1112 141 972 1160 111 1116 1258 168 1228 1466 75 1553 1654 
10 164 262 474 124 594 753 109 756 906 199 1187 1453 238 1260 1570 150 1386 1624 87 1420 1541 30 1608 1647 11 1609 1623 7 1614 1623 
9 85 99 214 182 149 377 115 152 307 135 323 493 113 368 524 143 428 621 162 1018 1256 198 1160 1400 121 1462 1616 
8 240 148 428 117 820 958 224 1052 1373 250 1066 1384 174 1166 1395 60 1267 1354 220 1329 1591 92 1406 1543 
9 216 47 331 264 138 453 236 468 767 213 557 858 179 877 1131 64 1200 1275 87 1366 1485 42 1555 1609 27 1585 1620 
15 26 22 56 25 83 125 84 528 668 2 749 752 141 758 943 46 766 833 44 850 916 99 850 977 7 1006 1015 174 1067 1327 68 1081 1178 135 1274 1466 13 1402 1419 12 1443 1460 72 1557 1647 
11 46 17 79 134 95 280 136 235 408 90 426 547 80 481 583 143 905 1101 55 938 1012 195 958 1239 23 971 1005 151 1300 1512 180 1319 1549 
