15 50
3 26 646 694 118 878 1106 18 1019 1051 
3 38 50 120 90 263 420 118 1053 1212 
4 110 545 686 148 893 1129 6 1177 1186 24 1292 1333 
4 89 87 220 3 173 178 38 569 629 93 1084 1247 
3 57 686 769 152 740 980 9 1244 1264 
4 68 150 271 63 335 464 68 969 1061 14 1249 1273 
4 20 403 433 78 489 612 83 508 646 100 936 1112 
4 21 290 327 43 670 736 169 1052 1312 56 1233 1312 
2 64 566 701 147 617 837 
3 25 1027 1081 182 1046 1315 20 1248 1282 
3 98 25 183 70 1000 1132 120 1060 1250 
4 95 421 654 48 586 662 79 1169 1285 7 1280 1291 
2 133 425 634 62 672 789 
2 96 775 943 156 881 1104 
5 23 124 170 17 612 646 137 1019 1227 26 1291 1337 4 1338 1346 
