10 264
30 264 4 283 250 7 295 124 29 167 121 63 192 195 148 362 102 158 272 223 284 527 81 321 412 168 363 543 46 384 434 202 390 610 156 508 680 54 540 600 53 579 636 44 762 809 180 799 998 18 802 821 5 842 848 244 848 1121 155 872 1046 136 933 1078 8 1053 1062 13 1061 1075 99 1167 1273 137 1189 1350 78 1274 1359 62 1280 1351 99 1360 1471 47 1387 1439 17 1448 1466 
18 152 131 304 136 238 391 141 256 412 151 333 506 240 355 624 30 366 398 189 387 601 148 478 643 163 553 737 219 557 803 216 681 925 197 705 910 61 810 878 205 849 1087 178 1019 1218 173 1083 1278 258 1136 1419 85 1219 1314 
25 46 27 78 86 60 158 95 95 199 69 163 242 231 166 419 2 179 182 205 223 440 216 246 488 228 334 587 247 388 660 206 419 638 244 441 716 53 477 536 55 517 578 257 576 870 185 578 788 74 582 663 172 1022 1214 20 1026 1048 49 1109 1162 163 1155 1334 184 1250 1453 64 1300 1370 107 1315 1436 21 1437 1462 
27 30 19 52 49 158 210 263 214 502 31 246 281 136 274 429 28 296 326 233 299 564 29 335 366 201 335 554 14 416 431 128 470 618 59 550 613 94 679 785 20 687 709 53 704 764 251 786 1062 243 807 1069 213 823 1058 241 915 1179 224 919 1173 256 980 1252 40 1148 1193 172 1148 1336 113 1159 1286 173 1255 1438 13 1356 1370 76 1380 1466 
30 223 54 302 95 84 188 14 152 167 244 165 445 13 199 213 113 229 359 115 234 359 87 258 356 260 404 688 86 418 516 130 569 721 60 640 705 11 697 709 47 771 822 37 779 821 12 843 856 99 846 955 51 849 904 55 862 924 96 869 975 216 909 1158 65 954 1024 111 966 1091 70 1043 1122 36 1089 1129 206 1147 1371 90 1154 1257 217 1181 1419 83 1335 1428 32 1433 1467 
30 255 52 330 282 105 396 13 119 133 248 201 467 186 432 629 127 439 581 58 439 506 8 473 482 223 522 769 7 556 564 255 587 870 83 715 812 212 753 989 55 778 837 130 893 1041 163 894 1081 242 929 1199 151 969 1136 177 986 1175 77 1024 1111 259 1043 1325 128 1096 1237 100 1128 1240 48 1137 1191 18 1173 1193 47 1258 1312 47 1316 1369 45 1338 1387 55 1361 1418 33 1390 1425 
22 262 5 297 144 130 289 215 159 400 25 167 195 39 201 244 249 320 605 165 367 550 30 415 449 114 488 615 177 491 687 174 496 692 178 531 740 140 579 736 80 753 840 109 841 961 39 842 886 273 871 1165 234 988 1249 75 1103 1186 258 1148 1435 100 1270 1377 17 1420 1438 
21 67 42 117 102 96 209 235 110 391 200 230 459 261 244 519 171 427 620 249 528 802 113 591 726 178 655 846 141 655 809 215 858 1104 217 886 1133 157 897 1066 150 940 1102 244 944 1215 107 1043 1164 60 1304 1372 45 1348 1399 58 1349 1412 17 1454 1472 6 1459 1466 
30 208 8 237 249 52 327 53 82 142 49 121 174 112 350 472 261 371 659 94 434 534 131 474 618 14 504 519 9 530 540 153 548 720 247 597 874 253 686 961 24 705 731 63 768 840 173 791 982 184 868 1068 43 897 941 121 900 1041 80 909 996 183 1021 1223 60 1074 1136 155 1080 1250 116 1305 1437 26 1342 1371 55 1349 1413 16 1372 1390 57 1389 1453 34 1390 1428 57 1395 1459 
31 54 38 97 182 59 266 21 83 106 205 95 324 31 153 186 104 171 285 66 203 277 115 207 334 92 210 308 240 211 477 160 347 525 244 366 635 4 409 414 48 425 480 20 473 494 235 516 780 239 523 792 187 657 864 242 724 995 31 797 830 154 854 1021 251 856 1138 2 940 943 14 1018 1033 28 1082 1115 64 1135 1200 18 1340 1360 32 1360 1396 15 1365 1381 74 1378 1460 53 1387 1445 
