10 77
5 60 381 549 180 681 974 109 700 891 9 817 831 169 1065 1314 
6 73 177 312 103 853 1071 141 907 1143 48 1068 1163 64 1078 1227 29 1402 1450 
10 256 548 836 46 563 657 32 650 712 86 675 849 15 730 753 59 746 845 189 793 1083 179 863 1092 2 1465 1468 19 1490 1528 
8 181 131 427 26 260 325 124 765 958 165 786 1002 62 845 938 156 1019 1240 17 1101 1130 35 1243 1313 
7 135 62 284 63 119 223 167 446 720 62 839 931 59 1001 1129 21 1374 1416 40 1412 1467 
6 39 241 298 71 263 416 91 332 452 162 556 831 82 1109 1249 86 1248 1420 
3 149 316 597 141 709 1004 75 1294 1488 
12 81 221 375 164 364 613 95 401 551 21 519 559 45 558 644 88 661 840 17 705 740 20 1021 1048 50 1041 1102 2 1224 1227 24 1367 1404 48 1373 1463 
10 127 91 288 71 246 350 54 422 507 87 911 1031 94 1115 1263 132 1134 1292 10 1230 1244 96 1339 1503 55 1430 1530 15 1475 1496 
10 148 54 317 12 150 171 115 193 347 149 338 600 40 804 877 56 873 973 98 1346 1500 42 1465 1532 14 1477 1500 5 1506 1514 
