10 422
39 151 34 194 88 97 193 286 127 444 137 131 279 291 184 511 221 200 446 297 401 739 283 494 809 150 496 656 97 546 654 218 555 801 176 616 808 292 652 954 253 703 973 41 710 754 266 713 1012 288 723 1047 272 770 1082 191 787 990 134 800 947 140 877 1035 69 967 1043 213 995 1241 300 1001 1336 234 1022 1288 203 1055 1274 38 1126 1169 113 1137 1261 65 1146 1219 5 1301 1307 25 1312 1339 155 1403 1574 84 1462 1555 26 1475 1504 179 1492 1688 40 1536 1582 94 1588 1688 24 1668 1694 10 1679 1690 
33 225 51 300 317 166 506 154 199 376 142 264 425 275 296 600 221 300 547 46 338 390 77 368 450 211 413 648 212 418 664 254 472 763 109 502 617 276 524 831 272 529 836 58 537 602 84 598 694 207 614 848 282 641 962 277 686 996 45 776 826 167 797 978 87 828 925 119 856 985 280 866 1183 98 911 1023 116 981 1106 198 1071 1290 163 1079 1271 304 1143 1468 171 1236 1427 245 1377 1647 133 1521 1669 20 1632 1653 
51 58 58 124 100 58 169 284 96 401 101 101 216 197 122 337 55 152 213 127 197 338 222 224 470 287 238 553 132 318 465 70 364 438 268 430 724 173 460 647 226 546 800 133 620 767 277 665 978 233 671 931 270 745 1046 89 769 866 169 789 979 267 813 1119 61 831 899 12 875 888 225 890 1142 206 897 1121 277 902 1198 114 934 1054 54 993 1053 95 997 1097 98 1000 1106 23 1034 1059 193 1051 1269 171 1057 1244 128 1109 1255 170 1139 1321 68 1162 1236 161 1185 1352 228 1243 1493 149 1262 1432 47 1274 1329 108 1349 1462 6 1447 1454 17 1534 1553 93 1543 1641 52 1600 1654 3 1606 1610 7 1656 1664 7 1669 1677 17 1686 1705 2 1702 1705 2 1703 1706 
44 279 27 346 121 28 158 21 124 146 229 127 381 189 141 356 70 196 272 58 228 294 24 269 296 32 303 338 197 349 568 85 400 497 247 432 702 97 442 548 267 501 793 265 519 823 248 529 818 111 559 683 209 625 851 189 700 905 87 727 824 34 736 773 108 750 870 176 775 972 298 828 1156 145 887 1040 27 959 990 252 971 1255 200 976 1202 202 981 1206 184 1003 1199 280 1052 1351 98 1079 1195 164 1137 1329 110 1174 1300 65 1288 1359 106 1319 1439 119 1350 1476 169 1446 1626 79 1511 1599 108 1519 1637 68 1587 1660 34 1589 1626 21 1652 1674 11 1668 1680 
45 279 30 349 171 89 281 240 101 372 253 122 395 314 130 471 68 155 232 206 190 419 9 246 256 252 255 551 115 268 399 169 271 455 15 299 315 206 313 551 8 379 388 20 390 411 114 394 523 217 519 763 178 528 721 46 529 578 34 535 573 86 541 638 226 620 888 115 672 797 151 672 836 187 759 963 3 788 792 49 788 840 123 832 968 24 866 892 91 932 1034 304 1004 1337 231 1045 1295 156 1045 1214 86 1161 1254 84 1181 1273 297 1228 1560 246 1230 1516 100 1282 1394 17 1492 1511 141 1494 1651 62 1570 1637 28 1633 1663 7 1661 1669 11 1692 1704 2 1703 1706 
46 39 3 45 200 57 270 167 81 269 238 82 339 301 135 456 34 279 317 18 306 326 120 307 441 214 352 592 248 445 719 277 463 754 158 467 633 189 502 713 125 513 654 45 513 561 235 616 876 170 620 810 48 663 714 52 692 749 277 695 1014 73 705 788 215 825 1074 68 829 901 169 835 1021 120 903 1036 37 934 974 167 991 1174 139 1010 1170 194 1071 1288 269 1110 1420 101 1120 1233 51 1161 1218 80 1199 1288 230 1228 1496 170 1253 1451 82 1304 1398 82 1393 1483 74 1489 1569 47 1571 1625 101 1571 1679 96 1585 1696 36 1596 1635 18 1602 1621 36 1645 1686 20 1679 1701 2 1698 1701 
37 222 140 384 119 189 325 58 248 314 106 267 384 251 314 581 303 403 739 232 461 711 246 466 728 176 478 675 248 499 774 25 528 555 282 549 864 186 584 787 148 600 759 37 611 651 120 642 775 243 686 968 165 721 905 271 751 1051 188 764 977 9 796 806 277 813 1130 229 820 1071 114 860 988 171 876 1063 178 878 1073 58 912 976 305 1031 1367 279 1046 1374 21 1082 1104 142 1124 1278 256 1127 1408 304 1224 1551 10 1228 1239 49 1250 1302 12 1282 1295 36 1287 1328 
42 182 11 219 67 53 127 27 80 109 268 256 547 152 291 456 71 359 437 183 385 584 70 474 553 246 479 745 205 481 714 287 481 806 283 576 892 116 604 734 203 631 848 285 646 952 116 669 799 208 672 904 261 680 979 107 730 857 229 750 1005 91 835 934 73 907 986 182 998 1203 311 1032 1371 256 1036 1312 235 1138 1401 45 1159 1209 209 1222 1455 104 1266 1383 249 1301 1575 108 1302 1420 140 1427 1579 158 1450 1628 204 1456 1678 134 1484 1632 5 1516 1522 9 1548 1558 107 1556 1676 94 1577 1682 29 1590 1622 24 1608 1635 8 1666 1675 
40 174 27 213 227 32 294 246 61 342 46 119 168 66 134 210 126 166 308 307 241 582 67 249 321 63 277 347 231 370 620 172 373 571 276 602 902 201 627 850 67 634 707 259 638 921 267 647 942 202 657 887 203 660 881 55 664 721 143 790 951 230 793 1050 39 829 871 148 938 1097 32 939 976 192 1036 1237 288 1056 1387 4 1079 1084 180 1090 1291 194 1144 1361 56 1146 1207 182 1198 1402 322 1316 1655 206 1364 1589 213 1392 1623 119 1403 1532 197 1423 1644 71 1483 1563 68 1557 1635 47 1612 1667 4 1631 1636 
45 268 16 322 22 23 48 164 62 240 57 84 147 232 115 373 73 268 350 52 333 393 233 336 590 203 354 589 304 393 730 66 567 638 109 629 742 152 690 858 153 693 858 221 709 945 34 732 769 140 746 898 239 785 1044 204 786 1014 242 801 1077 12 828 841 64 847 917 131 869 1021 266 877 1164 160 891 1069 287 930 1256 232 975 1224 261 996 1283 48 1022 1077 244 1052 1333 219 1092 1336 9 1133 1143 178 1200 1395 224 1221 1473 136 1246 1394 85 1266 1360 16 1283 1300 75 1563 1645 73 1608 1689 14 1649 1664 43 1655 1703 6 1677 1684 26 1678 1706 19 1684 1704 4 1692 1697 
