15 108
5 64 436 592 25 681 721 80 761 913 107 779 983 63 1172 1303 
8 9 11 24 93 286 420 20 473 503 128 481 675 145 544 776 47 615 708 5 1004 1012 93 1148 1359 
8 113 15 199 127 231 459 70 987 1094 125 1137 1334 44 1194 1284 16 1368 1391 23 1375 1408 2 1398 1401 
5 81 84 220 56 199 290 91 380 542 160 647 884 142 939 1197 
6 8 661 673 116 765 1017 71 778 912 35 817 879 202 887 1152 97 1238 1397 
9 147 106 379 16 159 186 53 312 405 15 322 345 186 372 643 55 499 589 48 631 711 7 1011 1024 110 1155 1364 
6 155 150 402 85 163 354 35 328 382 7 763 776 122 1023 1270 6 1400 1408 
9 37 95 176 61 101 193 160 135 404 31 323 374 19 510 544 59 783 887 138 817 1002 19 954 993 32 1018 1084 
7 32 33 96 149 80 334 184 202 480 8 742 754 14 1086 1123 96 1133 1292 13 1269 1302 
6 79 60 259 199 135 371 80 299 407 83 309 417 112 633 806 182 930 1195 
8 8 10 27 118 251 435 78 351 485 167 354 623 86 635 768 10 648 663 39 746 817 26 1350 1392 
8 182 240 496 164 249 486 27 303 354 66 327 400 123 824 1032 79 1086 1233 32 1365 1410 11 1384 1408 
7 45 145 241 157 560 823 150 904 1116 5 934 941 137 973 1208 7 1294 1307 41 1323 1388 
8 58 97 195 50 404 491 24 629 696 169 709 960 51 774 875 12 952 970 9 1171 1190 64 1242 1374 
8 57 151 237 7 182 196 53 348 450 68 565 705 96 986 1119 23 996 1037 98 1136 1284 40 1283 1404 
