10 119
19 6 93 100 5 426 432 16 539 557 83 769 860 128 837 977 51 867 921 217 1015 1249 102 1022 1134 63 1073 1142 104 1078 1197 18 1081 1100 36 1086 1129 98 1088 1194 28 1107 1138 15 1114 1130 111 1118 1238 86 1130 1223 46 1227 1279 7 1278 1286 
8 228 193 448 224 294 551 79 491 580 184 508 714 38 532 573 18 563 582 233 645 897 34 921 958 
13 74 37 116 209 53 274 93 106 212 32 211 246 138 225 376 122 434 566 171 485 682 39 517 561 126 557 693 91 862 962 114 1037 1163 37 1167 1208 7 1187 1195 
11 157 236 407 124 273 413 200 394 620 210 494 723 220 552 794 37 686 724 55 712 772 91 1094 1197 116 1104 1231 98 1189 1294 7 1287 1295 
11 230 7 256 73 48 132 127 294 433 8 322 331 143 446 611 79 544 630 55 577 639 220 882 1127 131 1058 1204 45 1223 1272 9 1285 1295 
8 94 72 178 187 317 534 187 334 542 155 543 713 194 764 986 22 929 953 95 936 1045 28 1258 1288 
12 210 283 505 26 287 315 33 313 351 123 362 507 95 519 624 27 597 627 80 609 696 166 838 1024 97 874 982 165 885 1070 24 889 915 117 976 1107 
9 203 183 406 101 241 350 171 553 748 89 656 753 173 740 935 231 887 1140 68 910 983 235 1024 1282 18 1105 1124 
13 216 22 265 110 101 223 214 104 340 75 115 198 83 173 260 43 203 249 31 209 242 68 539 612 21 652 675 6 703 710 184 958 1175 19 1132 1153 56 1212 1273 
15 137 42 194 144 152 315 35 220 258 227 316 570 82 413 507 118 519 644 57 936 1002 165 948 1132 61 1056 1123 14 1121 1136 15 1198 1214 6 1213 1220 7 1232 1240 16 1275 1292 5 1283 1289 
