15 150
11 168 13 298 202 65 383 128 149 422 151 374 630 107 451 662 43 726 794 22 939 982 55 1000 1078 48 1079 1159 33 1138 1199 9 1763 1777 
9 46 237 313 169 654 1019 154 1021 1288 178 1111 1374 57 1134 1225 91 1182 1369 63 1186 1296 55 1374 1487 39 1528 1625 
15 82 57 190 43 287 348 103 297 505 64 318 441 116 334 522 48 814 898 124 846 1011 39 896 965 124 988 1145 12 1071 1104 100 1105 1275 215 1385 1701 74 1402 1528 9 1513 1525 19 1816 1846 
8 220 43 402 35 138 204 235 515 879 40 687 753 204 750 1078 22 771 806 155 1097 1352 202 1315 1658 
8 121 458 741 76 593 764 146 807 1129 145 998 1251 41 1182 1253 137 1429 1699 47 1630 1720 20 1701 1748 
10 219 248 552 162 710 984 198 1163 1484 156 1275 1600 186 1355 1584 42 1444 1512 128 1559 1778 130 1581 1791 16 1715 1743 24 1722 1750 
8 142 250 550 271 255 608 148 670 923 22 692 738 14 1053 1083 129 1073 1265 90 1123 1276 195 1398 1769 
12 23 22 68 19 67 107 197 106 384 48 193 275 6 310 318 132 496 775 177 785 1095 4 889 895 237 922 1247 243 1125 1433 121 1538 1771 12 1770 1791 
14 39 37 96 178 144 514 248 307 613 26 379 413 257 626 997 84 747 934 174 915 1192 17 1286 1313 51 1501 1607 69 1635 1751 3 1674 1679 78 1741 1857 17 1770 1810 3 1854 1858 
10 44 196 290 178 608 845 120 633 857 125 715 948 6 729 737 127 831 1124 124 1065 1289 105 1215 1337 117 1474 1643 49 1639 1716 
8 62 5 92 200 204 575 167 296 567 79 446 645 175 811 1099 5 888 898 163 1505 1828 2 1838 1841 
8 134 840 1078 110 931 1138 198 1003 1343 104 1134 1310 133 1210 1451 79 1307 1422 168 1323 1638 25 1547 1609 
10 178 49 313 209 108 385 20 126 156 167 359 693 169 1004 1324 215 1022 1291 177 1084 1378 22 1276 1320 111 1291 1478 2 1747 1750 
9 169 242 564 245 249 592 70 415 519 159 752 1034 174 865 1135 64 1096 1204 147 1218 1466 68 1239 1348 6 1762 1774 
10 216 232 561 123 373 534 40 522 594 129 579 873 139 695 925 132 1190 1390 115 1448 1693 65 1537 1634 103 1644 1821 23 1726 1767 
