10 414
44 79 48 131 137 51 201 170 52 247 19 65 86 5 75 81 192 154 364 19 176 197 137 201 353 64 294 364 7 317 325 172 344 532 235 381 643 269 446 751 106 462 579 173 474 675 124 494 629 172 505 693 202 518 725 211 602 843 10 603 614 131 646 801 263 691 986 272 832 1134 106 848 964 215 854 1086 163 905 1089 139 919 1075 134 925 1075 181 981 1177 6 1014 1021 89 1036 1138 279 1133 1437 149 1224 1395 68 1283 1360 231 1304 1561 71 1334 1417 16 1372 1390 153 1386 1560 27 1450 1480 88 1452 1547 80 1462 1549 36 1470 1511 2 1577 1580 5 1604 1610 
41 75 37 117 134 38 185 47 105 156 91 108 206 233 114 370 125 117 259 132 178 323 74 208 288 44 219 270 161 257 431 190 264 468 163 293 470 262 484 778 248 613 890 290 618 937 125 628 768 302 642 960 83 689 776 157 821 994 134 873 1026 40 889 932 268 915 1212 262 991 1292 114 1046 1178 188 1091 1299 59 1159 1223 131 1170 1316 103 1172 1282 83 1180 1277 238 1210 1478 210 1236 1473 282 1239 1554 173 1251 1451 287 1255 1578 32 1536 1571 56 1541 1602 48 1560 1613 20 1581 1604 36 1583 1624 3 1599 1603 9 1609 1619 
39 120 1 139 272 15 307 104 66 182 289 87 397 125 110 256 252 236 510 240 301 566 256 311 594 266 348 637 94 388 491 86 411 504 245 448 718 162 538 716 179 564 759 39 644 686 34 680 718 142 680 833 228 711 973 175 862 1057 120 896 1027 89 902 1001 114 963 1090 250 1013 1303 93 1053 1159 41 1060 1106 106 1067 1186 277 1105 1402 243 1147 1407 208 1198 1426 206 1212 1440 169 1293 1481 102 1304 1418 16 1327 1344 133 1344 1490 175 1383 1576 89 1384 1486 86 1425 1514 42 1553 1599 32 1578 1612 
40 40 36 81 143 49 208 114 85 214 142 124 278 79 193 278 258 196 487 66 235 310 87 272 367 104 307 426 255 373 663 59 394 456 110 438 558 265 458 763 238 523 792 29 538 569 240 644 926 294 735 1047 106 791 908 262 810 1101 56 810 874 268 836 1153 272 884 1183 81 928 1014 93 948 1050 123 957 1086 195 968 1184 133 1030 1180 56 1070 1132 230 1083 1337 46 1110 1157 171 1167 1355 196 1208 1431 269 1282 1592 166 1313 1503 48 1330 1383 33 1405 1443 19 1497 1518 18 1520 1539 68 1529 1604 14 1587 1602 
39 127 39 174 195 99 318 14 158 174 206 168 399 128 193 340 46 274 323 260 340 632 130 396 532 277 397 716 92 403 503 108 463 579 295 491 815 236 593 864 255 635 917 105 663 778 40 679 722 168 695 882 62 720 789 224 727 989 243 861 1137 200 861 1082 62 864 932 178 877 1071 70 937 1015 164 958 1136 189 1058 1260 140 1148 1309 116 1160 1289 57 1160 1224 128 1190 1327 108 1191 1311 250 1206 1488 280 1283 1597 62 1290 1358 46 1495 1546 65 1512 1583 20 1553 1574 21 1576 1598 10 1604 1615 
42 280 8 316 110 43 164 212 83 327 247 148 433 146 203 365 239 255 521 224 282 543 156 295 470 213 319 558 93 330 435 165 439 617 166 502 688 150 599 764 221 615 859 45 623 671 30 731 764 29 763 794 32 795 830 190 873 1097 53 896 955 37 952 993 20 954 976 81 960 1047 132 1039 1183 139 1046 1200 140 1099 1258 104 1150 1261 145 1151 1311 155 1173 1351 169 1198 1385 41 1238 1281 280 1245 1547 265 1312 1605 55 1341 1404 30 1349 1382 160 1374 1557 206 1379 1609 77 1395 1477 165 1430 1601 38 1469 1512 35 1557 1595 13 1563 1577 
37 229 58 322 246 63 339 241 142 417 34 197 234 152 343 511 288 355 675 40 406 448 94 431 533 8 446 455 180 455 666 294 461 779 260 559 856 69 604 681 266 643 944 16 693 710 73 785 868 184 823 1025 256 824 1112 13 860 874 151 881 1056 222 911 1151 252 995 1265 234 1001 1271 197 1003 1223 205 1066 1283 267 1070 1366 156 1074 1248 31 1139 1173 91 1140 1239 234 1335 1595 132 1346 1495 14 1494 1509 34 1528 1565 28 1553 1583 18 1564 1584 16 1572 1589 43 1579 1625 
48 10 5 16 135 24 172 196 31 255 216 130 369 284 135 445 38 174 215 89 308 404 29 313 345 48 313 366 263 332 627 13 381 395 259 383 661 66 447 518 56 467 530 33 473 508 74 490 573 35 507 547 72 530 610 3 558 562 207 562 794 157 577 749 23 578 604 299 612 929 67 670 742 234 695 947 165 730 911 282 766 1080 82 783 876 205 823 1056 79 827 918 206 890 1123 12 934 947 91 1007 1105 260 1058 1348 256 1081 1362 62 1104 1175 68 1199 1275 209 1238 1465 221 1276 1523 54 1288 1349 184 1290 1494 67 1327 1398 137 1345 1505 49 1425 1479 50 1479 1532 30 1589 1622 13 1592 1606 2 1612 1615 
40 296 92 411 289 104 415 124 292 426 165 293 469 291 295 603 256 312 599 32 328 364 259 380 661 46 392 443 160 397 576 258 420 702 92 456 558 211 465 697 82 501 591 93 501 601 243 625 881 152 811 984 134 861 1004 255 867 1150 151 895 1066 244 908 1188 122 991 1125 226 997 1237 98 998 1110 91 1032 1137 183 1046 1251 70 1051 1127 122 1100 1232 220 1142 1382 114 1176 1305 174 1327 1520 233 1329 1595 103 1411 1527 137 1441 1593 110 1479 1605 78 1482 1566 30 1507 1539 81 1518 1609 64 1522 1593 6 1540 1547 
44 67 22 95 269 41 345 137 45 199 77 148 234 272 189 505 273 199 500 108 212 334 240 320 591 216 350 590 35 507 544 88 520 615 9 554 564 4 601 606 278 717 1021 13 746 761 186 789 1000 62 789 857 154 802 972 89 926 1027 283 932 1233 256 1009 1295 16 1010 1028 95 1026 1132 139 1133 1290 184 1143 1356 295 1162 1481 198 1167 1383 118 1196 1319 177 1205 1398 114 1223 1349 74 1252 1333 190 1295 1501 182 1321 1520 154 1333 1504 106 1348 1474 117 1415 1539 39 1421 1465 72 1441 1519 163 1445 1624 67 1458 1529 63 1531 1598 10 1555 1566 29 1564 1597 13 1593 1607 
