15 665
35 328 24 392 226 68 321 180 75 276 194 114 334 246 177 452 9 198 208 190 237 452 92 288 392 90 465 570 199 516 731 226 564 818 321 572 920 247 653 918 275 698 1004 222 704 950 205 716 933 154 758 930 264 960 1253 226 1043 1300 131 1146 1292 256 1174 1453 244 1198 1482 283 1205 1506 147 1226 1397 67 1318 1392 264 1338 1621 201 1412 1642 270 1412 1708 255 1446 1738 144 1528 1685 247 1548 1836 61 1683 1752 132 1704 1850 31 1813 1847 8 1847 1856 
47 197 37 260 224 59 308 257 99 375 223 118 361 135 125 276 327 132 488 216 218 451 127 281 418 225 282 523 241 363 635 289 444 771 31 448 483 115 574 700 212 629 876 32 657 692 339 682 1038 74 689 772 30 716 750 201 740 965 250 755 1036 177 829 1027 327 833 1189 90 848 950 146 873 1036 269 940 1238 219 1013 1254 115 1020 1146 18 1036 1056 254 1101 1381 7 1212 1220 290 1217 1536 209 1288 1516 79 1356 1441 224 1382 1620 34 1393 1429 77 1407 1496 181 1432 1632 268 1445 1756 164 1482 1670 34 1582 1620 27 1588 1616 16 1620 1638 36 1691 1730 10 1797 1808 23 1826 1851 15 1839 1855 3 1852 1856 
39 250 0 276 346 20 383 116 41 173 199 48 273 295 96 432 71 111 190 35 137 176 227 147 399 118 158 284 186 254 460 192 346 561 270 379 688 333 381 732 51 406 463 158 524 697 51 681 737 269 685 978 189 761 977 172 796 989 109 908 1025 57 923 989 261 931 1218 253 1054 1336 112 1085 1213 162 1086 1267 230 1120 1383 118 1166 1293 293 1258 1582 65 1287 1358 269 1366 1666 57 1392 1457 252 1443 1726 118 1514 1647 191 1529 1735 247 1547 1829 173 1590 1783 101 1710 1820 123 1711 1846 72 1716 1800 
44 313 33 376 238 69 323 289 158 482 164 320 505 46 359 410 300 379 728 36 412 452 326 415 785 265 518 826 125 561 695 71 572 648 128 588 726 178 599 800 266 607 900 22 627 651 52 714 769 131 758 908 45 812 862 211 830 1068 336 833 1199 182 834 1035 66 857 927 71 876 955 259 998 1291 153 1006 1178 279 1061 1376 30 1068 1102 327 1069 1434 5 1114 1120 57 1114 1177 111 1119 1240 206 1251 1478 313 1308 1655 138 1411 1561 297 1523 1843 106 1640 1766 84 1673 1766 138 1694 1851 61 1706 1774 70 1716 1798 32 1721 1756 36 1761 1802 40 1773 1817 19 1837 1857 
46 211 33 259 53 40 99 232 46 303 65 83 156 19 172 192 27 275 303 197 349 566 62 448 515 287 465 781 41 500 543 145 551 706 38 554 596 269 583 891 318 714 1079 51 743 800 278 746 1050 103 785 900 332 813 1173 21 822 844 265 844 1167 119 929 1063 278 931 1251 318 938 1280 39 940 983 89 1101 1198 314 1173 1517 55 1186 1248 334 1192 1560 65 1253 1323 137 1256 1411 219 1279 1530 169 1334 1519 6 1386 1393 222 1397 1635 316 1425 1779 56 1431 1490 240 1442 1709 203 1485 1711 48 1560 1613 200 1572 1797 30 1612 1645 18 1629 1648 197 1641 1861 12 1761 1774 25 1805 1832 20 1834 1856 
44 257 12 305 155 12 191 215 29 271 314 61 422 219 93 343 13 108 122 157 280 454 15 292 308 320 382 739 20 425 446 199 431 655 334 440 809 43 581 630 32 594 630 327 624 986 297 642 960 92 734 836 261 910 1193 257 976 1270 317 1036 1382 191 1066 1280 99 1091 1202 205 1110 1337 270 1119 1419 7 1146 1154 175 1148 1345 236 1163 1432 14 1252 1267 22 1268 1291 157 1329 1499 316 1341 1694 319 1372 1717 254 1376 1638 233 1384 1634 52 1422 1479 12 1438 1451 144 1495 1651 104 1620 1733 172 1646 1838 17 1655 1673 16 1696 1713 104 1710 1828 15 1813 1830 5 1833 1839 
44 303 128 448 132 145 292 228 209 462 334 212 583 310 240 564 103 279 391 35 361 401 42 362 409 232 438 695 173 443 636 296 453 784 214 469 715 151 478 648 136 553 707 197 567 788 218 575 806 238 794 1062 50 858 915 78 876 964 230 968 1230 333 978 1337 65 992 1061 226 1035 1282 262 1039 1327 193 1050 1275 204 1083 1304 298 1105 1441 120 1124 1258 325 1204 1563 195 1252 1466 57 1263 1326 181 1358 1557 104 1411 1529 83 1422 1514 252 1450 1713 184 1459 1665 9 1515 1525 187 1602 1808 142 1638 1790 46 1672 1722 25 1795 1822 30 1813 1846 38 1820 1861 5 1849 1855 
52 110 70 192 151 100 268 245 110 380 84 115 209 35 218 258 193 296 515 40 323 365 161 324 505 173 326 511 223 350 592 15 367 383 86 374 472 188 375 577 228 401 663 209 414 643 173 448 642 263 524 825 268 535 825 149 535 697 154 557 727 310 563 909 102 618 731 168 641 824 169 650 834 31 733 767 228 756 1022 124 764 903 236 893 1158 128 918 1061 305 1001 1341 99 1063 1172 52 1094 1151 267 1110 1405 100 1142 1247 139 1187 1339 237 1348 1620 201 1392 1614 50 1566 1620 11 1566 1578 166 1625 1808 161 1643 1826 100 1745 1852 17 1749 1767 91 1760 1858 45 1782 1834 7 1783 1791 30 1792 1825 8 1795 1804 27 1805 1834 19 1823 1844 20 1839 1860 5 1854 1860 
38 67 43 118 103 98 214 223 212 461 148 217 380 187 227 440 140 266 420 308 363 715 159 405 579 308 437 781 72 518 598 155 540 709 303 585 932 37 683 724 172 760 952 164 788 969 173 813 1007 310 816 1164 135 870 1017 39 894 935 308 895 1242 308 911 1262 163 934 1110 120 934 1070 202 1106 1330 210 1116 1362 298 1121 1455 9 1125 1135 149 1128 1294 209 1149 1380 22 1182 1207 288 1417 1728 203 1444 1664 73 1544 1625 117 1578 1711 234 1585 1854 157 1610 1785 62 1790 1860 12 1823 1836 
51 121 90 231 25 95 123 212 150 377 224 162 410 146 171 333 280 188 498 93 243 346 173 287 474 39 299 340 205 336 564 71 339 419 14 366 381 286 398 708 327 434 788 175 496 701 298 504 835 81 522 612 27 553 582 94 601 705 308 607 945 183 694 893 69 797 872 17 799 817 40 811 853 155 954 1128 290 959 1278 226 1074 1328 5 1093 1099 209 1121 1350 222 1124 1372 310 1132 1456 234 1155 1416 176 1181 1374 102 1194 1313 189 1231 1437 31 1233 1266 89 1283 1375 213 1341 1575 238 1366 1639 26 1386 1414 246 1397 1679 257 1569 1857 130 1597 1744 162 1625 1796 63 1659 1728 48 1709 1764 17 1747 1765 93 1757 1857 41 1775 1820 13 1799 1813 9 1844 1854 
45 83 20 115 16 25 43 9 43 53 223 50 293 23 77 102 326 82 440 123 104 239 169 143 341 12 144 157 33 160 197 260 210 521 55 361 420 228 408 668 328 476 835 63 518 589 248 580 857 12 613 626 256 628 908 291 725 1051 6 744 751 169 773 970 162 876 1061 193 907 1119 305 932 1268 201 975 1198 62 980 1051 314 986 1344 136 994 1143 226 999 1249 64 1092 1164 130 1137 1280 147 1248 1416 127 1264 1410 218 1307 1552 103 1347 1456 21 1409 1432 94 1410 1515 48 1441 1494 314 1451 1819 87 1732 1830 60 1751 1819 81 1756 1844 40 1793 1839 8 1795 1804 22 1835 1859 
43 181 1 211 138 8 152 106 11 128 32 36 70 329 122 480 175 132 324 59 151 215 267 183 491 88 238 328 237 262 534 91 302 405 123 322 459 69 362 439 221 398 644 313 430 787 186 437 652 161 454 625 302 470 803 249 478 753 18 524 543 11 529 541 99 587 691 89 800 900 128 840 985 237 900 1169 39 989 1033 304 989 1313 293 1005 1339 143 1012 1168 327 1068 1425 268 1123 1412 138 1179 1339 149 1226 1392 315 1253 1611 95 1394 1501 271 1394 1702 71 1417 1493 175 1461 1649 141 1473 1632 57 1513 1576 61 1633 1699 59 1783 1846 38 1791 1833 
39 185 3 206 16 38 55 142 100 254 125 206 345 93 221 324 336 225 592 45 231 280 99 276 383 277 363 684 48 391 441 83 445 533 272 503 809 190 600 814 89 676 777 238 682 943 223 710 950 282 836 1145 260 930 1239 159 994 1170 294 1050 1398 282 1069 1406 68 1072 1148 270 1093 1399 241 1192 1463 29 1195 1226 186 1313 1518 164 1316 1498 198 1340 1559 270 1378 1687 272 1433 1734 185 1465 1679 66 1469 1542 80 1516 1603 90 1551 1651 132 1579 1726 62 1723 1790 64 1748 1818 45 1781 1832 17 1817 1836 
51 98 25 134 255 63 351 280 64 383 280 77 380 218 113 351 245 122 396 40 132 176 142 143 301 9 158 168 56 181 240 262 197 480 244 213 477 276 246 540 184 294 493 199 538 767 114 562 686 273 632 939 31 635 669 277 640 950 69 643 716 318 664 1023 341 664 1023 57 704 767 320 742 1083 148 840 1008 118 873 1001 7 896 904 219 925 1168 79 928 1015 31 966 1000 113 1011 1139 287 1045 1359 151 1182 1341 101 1191 1301 111 1213 1347 111 1244 1369 172 1443 1637 73 1452 1535 224 1466 1724 63 1509 1579 107 1529 1651 216 1537 1773 156 1541 1709 189 1600 1802 46 1674 1726 9 1688 1698 28 1793 1824 40 1803 1846 27 1807 1836 29 1820 1853 4 1836 1841 
47 91 19 120 295 71 395 200 128 347 102 154 267 115 164 293 319 192 549 168 227 410 225 260 520 171 361 554 140 427 579 59 472 538 273 547 853 239 621 898 134 621 776 294 647 963 84 698 789 278 724 1050 227 729 984 331 746 1112 71 814 890 72 894 972 122 914 1053 150 960 1115 172 1024 1210 227 1080 1344 106 1150 1267 32 1155 1190 255 1159 1446 26 1208 1236 216 1465 1699 210 1466 1690 101 1466 1579 55 1468 1529 12 1477 1490 127 1479 1616 200 1501 1726 170 1533 1721 144 1535 1690 111 1591 1715 207 1628 1852 40 1648 1691 92 1689 1791 25 1739 1767 64 1740 1810 11 1827 1839 15 1835 1851 7 1852 1860 
