15 260
19 236 60 380 163 105 338 27 120 152 238 258 558 174 270 544 166 393 604 125 420 566 196 726 996 95 850 985 78 1106 1190 166 1115 1328 86 1152 1268 29 1259 1295 149 1411 1606 61 1453 1548 2 1468 1471 110 1577 1715 44 1603 1658 37 1635 1684 
15 130 201 362 230 232 550 250 532 848 217 689 978 68 705 789 80 871 987 171 893 1153 46 1081 1140 137 1185 1358 169 1188 1419 231 1311 1621 73 1386 1492 133 1509 1678 36 1555 1598 4 1709 1714 
20 30 211 249 116 271 411 30 340 383 180 395 654 124 450 603 103 478 599 208 593 880 45 633 688 151 683 883 126 769 930 43 890 936 94 892 1018 47 908 983 274 910 1250 121 1116 1304 130 1182 1356 89 1206 1344 26 1278 1310 64 1518 1604 84 1563 1674 
18 182 102 375 116 139 271 212 186 479 238 221 553 78 312 414 210 343 627 16 419 441 67 880 962 236 954 1258 24 967 998 92 1023 1149 138 1047 1213 113 1052 1192 122 1103 1276 50 1411 1484 58 1525 1613 5 1700 1706 7 1707 1716 
15 190 47 314 11 48 62 67 56 141 91 87 213 174 95 326 26 401 437 26 410 446 210 587 886 203 666 946 116 902 1046 243 922 1240 240 1082 1399 107 1085 1235 97 1105 1256 172 1446 1669 
16 244 110 443 44 137 197 19 164 189 34 268 322 231 565 854 207 718 987 169 817 1052 59 831 907 169 857 1093 69 998 1089 258 1175 1492 245 1208 1531 160 1226 1427 35 1441 1493 76 1590 1697 63 1597 1681 
17 51 15 79 218 71 361 86 119 282 38 131 184 178 194 443 70 283 371 241 341 664 208 391 682 159 510 743 201 634 872 196 745 986 51 1013 1080 144 1146 1317 16 1302 1324 100 1341 1465 144 1380 1577 14 1589 1609 
12 41 105 157 185 137 439 199 210 541 62 247 345 35 255 297 261 456 792 241 621 937 147 644 847 53 802 877 266 829 1156 172 1168 1412 204 1268 1544 
15 240 98 399 153 127 328 127 271 428 119 282 473 17 481 501 123 551 717 188 770 1014 215 775 1072 47 960 1025 16 974 996 152 1010 1232 107 1180 1355 154 1253 1441 53 1284 1356 153 1449 1663 
21 74 135 228 82 260 366 225 307 587 28 317 352 177 415 653 80 424 524 26 479 523 128 484 635 248 524 858 92 725 847 81 998 1105 72 1000 1102 224 1035 1290 6 1158 1165 214 1163 1450 293 1229 1562 132 1290 1464 49 1300 1364 51 1488 1556 169 1492 1709 71 1622 1720 
17 157 19 223 128 108 279 195 210 499 178 266 505 158 478 683 227 524 813 69 531 617 72 684 800 77 716 811 84 1031 1146 98 1132 1256 93 1167 1294 52 1379 1445 186 1405 1642 190 1451 1675 134 1457 1657 10 1625 1636 
16 239 14 321 183 237 478 261 242 563 49 251 324 125 308 474 213 325 618 83 457 571 5 592 599 244 634 950 135 738 905 150 926 1131 149 1250 1473 184 1394 1630 44 1429 1488 82 1480 1587 69 1587 1676 
20 99 39 163 59 67 161 3 86 90 78 303 399 149 338 531 102 394 531 93 574 675 174 706 947 116 749 892 96 753 903 124 789 955 21 886 913 57 1224 1299 217 1278 1595 204 1309 1608 112 1321 1475 55 1506 1579 36 1631 1683 18 1692 1716 12 1693 1709 
17 128 75 233 49 272 337 258 388 706 178 528 790 5 698 704 181 751 976 166 837 1050 229 920 1251 92 1022 1164 32 1023 1062 156 1059 1277 71 1073 1159 149 1094 1263 164 1271 1471 55 1304 1368 225 1314 1600 211 1352 1608 
22 175 68 280 97 81 201 36 166 217 133 179 366 200 216 482 189 241 473 272 297 612 161 373 579 4 501 506 84 643 737 73 740 840 8 769 780 130 883 1043 80 1144 1262 9 1179 1193 132 1234 1384 139 1243 1463 162 1396 1593 163 1423 1625 82 1494 1612 17 1642 1664 6 1686 1694 
