10 74
7 58 15 104 72 83 207 85 268 435 59 671 773 10 883 900 77 904 1006 89 966 1154 
7 138 45 242 67 385 518 104 475 653 63 498 639 109 586 776 33 940 990 13 1414 1439 
8 51 12 98 28 61 99 48 393 473 47 465 532 185 470 756 109 847 1062 78 1133 1247 16 1410 1433 
5 89 6 142 31 84 139 92 282 444 137 351 566 104 735 995 
6 97 300 484 186 559 817 190 667 927 31 1136 1187 47 1304 1426 23 1321 1355 
8 7 86 98 84 123 281 83 543 672 176 615 888 115 646 841 24 1020 1082 96 1037 1192 80 1074 1182 
5 35 355 401 195 388 664 177 618 881 112 627 822 70 653 799 
7 30 66 110 57 235 419 160 340 622 23 689 721 184 839 1123 55 1325 1424 2 1447 1450 
9 90 387 524 67 447 601 28 521 562 84 547 677 68 789 893 97 915 1057 53 1088 1155 75 1285 1408 2 1441 1444 
12 164 98 338 31 287 334 69 531 657 75 725 863 47 775 856 49 938 1023 9 1082 1094 21 1177 1209 99 1237 1363 57 1332 1437 52 1347 1428 8 1401 1413 
