10 45
3 129 19 179 46 396 478 201 1012 1276 
4 191 43 305 118 352 516 113 1030 1177 4 1280 1285 
5 45 257 309 20 421 445 90 565 704 187 893 1158 95 904 1035 
5 138 131 303 183 685 925 57 831 900 178 1015 1240 62 1080 1160 
5 67 519 602 20 716 742 81 869 976 145 958 1157 51 1126 1201 
6 68 71 155 84 309 413 185 932 1199 136 1026 1196 8 1205 1216 12 1341 1355 
4 149 595 802 42 1021 1076 131 1043 1218 38 1170 1221 
6 106 23 161 86 131 235 112 426 588 13 563 580 167 659 871 66 879 960 
4 166 330 572 107 657 788 16 746 769 135 1142 1358 
3 177 13 222 102 189 344 129 994 1177 
