15 49
5 63 41 172 5 592 601 6 1015 1026 77 1073 1197 39 1082 1143 
2 116 334 528 88 817 985 
2 70 32 163 93 946 1109 
3 125 311 533 16 356 386 127 767 952 
3 58 384 496 70 1068 1204 5 1228 1238 
4 46 264 340 41 396 459 80 861 979 40 1003 1084 
2 130 909 1110 72 1058 1190 
4 114 0 171 113 20 180 113 665 815 76 1044 1143 
3 66 220 336 138 465 634 83 621 765 
3 91 144 301 15 309 340 51 691 789 
5 3 337 341 64 670 781 11 786 807 122 1018 1202 15 1208 1227 
3 87 129 293 49 732 802 76 1070 1223 
4 46 15 97 37 236 319 76 682 801 30 1025 1077 
4 152 133 327 64 273 376 113 428 608 5 1133 1141 
2 127 891 1113 59 1107 1193 
