10 163
20 3 12 16 27 122 154 57 128 203 124 280 435 39 330 374 16 351 373 139 397 597 190 590 825 84 591 698 71 697 786 100 895 1026 157 909 1121 127 927 1113 216 1025 1289 99 1094 1226 223 1214 1519 121 1401 1550 126 1401 1574 112 1456 1599 103 1493 1645 
15 113 95 257 229 194 502 166 279 505 251 518 833 91 704 843 246 838 1160 179 877 1098 179 943 1199 229 1127 1440 44 1493 1559 50 1517 1602 99 1533 1647 21 1572 1594 37 1572 1625 3 1642 1646 
16 136 8 222 16 25 44 23 44 76 265 80 380 26 111 139 11 433 450 211 536 845 113 605 771 131 807 981 145 988 1178 162 1039 1266 217 1191 1463 125 1247 1416 87 1252 1382 206 1294 1570 30 1537 1578 
16 129 152 341 40 188 236 160 189 400 111 198 348 110 375 527 85 457 563 35 553 602 134 603 789 163 963 1207 153 1023 1256 209 1171 1444 57 1200 1287 131 1341 1514 145 1464 1643 41 1548 1601 43 1565 1621 
22 21 164 195 144 208 400 114 208 357 88 253 366 161 341 585 15 405 423 63 504 585 9 534 544 122 642 799 256 653 941 78 659 763 98 671 775 80 679 800 147 1063 1251 73 1082 1172 93 1097 1219 50 1166 1237 219 1168 1455 218 1366 1636 131 1458 1644 6 1501 1510 2 1597 1600 
19 126 19 173 167 67 301 225 70 392 106 124 263 97 204 328 136 497 668 17 505 528 210 786 1030 250 957 1266 240 977 1277 80 1030 1135 63 1154 1245 75 1252 1348 165 1305 1557 207 1355 1576 135 1450 1631 99 1453 1587 25 1546 1580 5 1615 1621 
16 98 140 295 127 196 396 139 306 534 14 456 475 209 482 745 118 534 686 176 549 767 36 712 760 107 742 903 137 827 1027 145 853 1059 26 1053 1094 31 1061 1102 16 1185 1206 172 1343 1571 133 1442 1611 
14 233 68 385 159 89 296 246 111 431 228 535 820 99 542 664 212 549 811 250 1162 1479 162 1187 1424 264 1189 1483 187 1264 1537 69 1412 1508 54 1452 1516 29 1512 1549 4 1643 1648 
14 96 15 160 38 84 129 22 164 197 239 179 503 170 321 532 31 330 369 205 679 965 234 796 1114 81 933 1046 223 1065 1345 150 1220 1436 186 1314 1585 86 1416 1548 13 1624 1642 
11 77 92 195 177 209 491 94 228 356 27 304 342 137 311 502 159 639 850 194 899 1197 235 981 1301 197 1001 1291 176 1221 1470 48 1262 1324 
