15 401
27 243 78 354 118 192 328 193 223 441 50 231 286 192 277 483 248 277 546 86 319 415 225 388 630 23 505 529 65 612 684 113 612 738 34 678 715 78 717 801 31 738 773 128 804 947 143 831 989 217 874 1109 68 880 959 80 909 999 243 981 1248 100 1039 1147 154 1057 1223 174 1102 1296 61 1199 1269 44 1280 1331 24 1329 1355 32 1346 1381 
28 195 8 228 183 26 232 202 64 294 158 200 366 134 225 385 200 261 481 198 402 615 95 406 508 211 437 668 245 453 722 5 468 474 52 732 790 112 743 867 161 799 982 21 854 877 108 886 1003 28 894 924 64 967 1041 65 979 1052 225 1060 1303 53 1075 1134 138 1113 1263 27 1304 1333 19 1311 1332 78 1311 1397 35 1354 1393 13 1357 1371 21 1386 1409 
28 218 34 284 42 74 119 125 75 218 85 192 287 20 227 249 125 249 393 12 378 391 186 470 669 238 536 810 127 546 683 154 565 733 112 640 764 157 764 942 137 894 1049 159 913 1084 101 924 1036 192 991 1214 9 993 1003 247 1001 1265 36 1096 1136 53 1113 1172 10 1192 1203 81 1210 1300 140 1251 1409 63 1299 1367 29 1342 1372 9 1400 1410 3 1405 1409 
26 249 54 336 117 67 199 209 102 335 213 175 407 165 238 413 255 262 542 88 479 577 34 529 566 106 543 656 185 645 855 117 662 793 29 701 733 145 712 870 244 917 1177 61 922 991 126 967 1103 211 1002 1235 25 1045 1072 42 1096 1143 186 1106 1316 192 1130 1347 9 1147 1157 25 1219 1246 5 1316 1322 3 1367 1371 3 1386 1390 
20 153 7 178 244 56 327 108 57 173 201 59 276 201 253 487 82 259 352 5 320 326 233 368 624 218 519 772 218 578 823 159 594 773 27 625 654 24 744 770 76 764 848 153 824 988 160 835 1008 99 879 986 222 976 1225 180 1159 1371 90 1225 1323 
30 55 36 99 145 73 236 23 135 159 228 160 424 28 193 225 160 279 461 43 295 342 64 296 369 224 333 569 244 340 619 169 414 607 81 508 592 46 529 578 104 542 658 18 546 566 22 617 641 90 618 713 79 660 745 162 679 864 2 698 701 159 722 901 77 774 861 223 887 1136 121 911 1037 129 922 1059 173 1182 1372 86 1243 1339 4 1270 1275 47 1292 1341 2 1347 1350 
30 240 2 267 157 23 194 24 30 57 152 31 189 84 41 137 123 150 285 217 157 407 142 244 403 39 351 392 60 376 441 87 446 546 28 457 487 12 526 539 91 529 633 80 536 628 157 576 748 250 601 875 259 629 905 163 870 1048 31 928 961 33 945 981 170 1001 1198 68 1117 1191 163 1140 1321 47 1190 1244 15 1195 1211 43 1238 1284 59 1264 1330 10 1348 1359 20 1382 1405 
26 99 21 133 72 95 178 138 183 342 29 208 240 171 233 420 123 261 395 67 286 362 110 363 487 192 391 599 111 393 514 196 468 689 148 491 668 95 508 613 186 564 770 136 697 853 48 715 767 72 726 804 100 739 854 10 846 857 180 1058 1260 231 1125 1388 129 1194 1337 27 1239 1269 22 1265 1289 45 1337 1384 11 1396 1409 
30 215 55 287 231 71 324 98 79 185 115 87 210 219 109 355 212 139 370 35 145 184 77 229 317 171 251 449 40 292 337 81 393 483 230 417 678 25 445 472 4 461 466 53 489 551 226 541 790 154 623 792 57 638 702 51 691 750 11 788 800 40 821 866 72 879 960 198 879 1096 139 989 1138 8 1161 1170 18 1202 1222 41 1225 1270 127 1251 1395 40 1349 1394 7 1391 1399 
28 98 13 120 116 113 243 44 152 201 144 154 309 12 175 188 220 197 437 154 204 380 175 244 432 241 285 547 151 299 463 30 389 422 205 390 622 54 441 500 231 452 713 209 601 819 139 705 853 55 834 898 261 875 1153 123 917 1059 28 1014 1044 248 1129 1401 173 1149 1338 201 1164 1378 12 1346 1359 38 1347 1388 2 1392 1395 3 1392 1396 3 1402 1406 
22 176 140 324 145 177 343 171 186 382 185 189 396 106 225 345 107 387 502 240 490 759 109 507 627 208 645 887 104 686 799 227 700 959 113 745 879 229 801 1063 182 1012 1210 111 1022 1144 7 1025 1033 135 1253 1395 73 1327 1406 6 1330 1337 45 1349 1402 13 1371 1385 15 1385 1401 
29 62 75 141 121 118 257 57 126 189 138 195 348 177 264 469 214 271 512 77 301 388 8 332 341 133 352 500 67 432 505 156 453 638 27 539 567 116 559 692 167 638 825 54 639 699 2 719 722 96 768 877 35 890 928 212 896 1140 89 942 1038 64 1067 1138 241 1071 1337 132 1085 1229 72 1098 1173 49 1189 1245 93 1209 1313 19 1296 1317 15 1346 1362 17 1388 1406 
22 197 21 243 157 77 252 204 137 353 224 195 452 216 240 480 74 286 370 216 349 589 121 390 524 149 461 629 96 516 623 204 517 733 41 528 573 86 830 924 12 836 849 206 875 1098 246 919 1193 165 928 1107 107 1011 1129 91 1159 1259 161 1167 1349 126 1204 1345 123 1229 1362 
31 99 13 121 118 33 162 14 57 72 221 58 298 32 167 202 177 276 463 171 492 672 161 532 708 57 611 676 136 640 789 62 703 770 132 765 916 63 786 854 45 791 842 50 804 858 31 850 884 208 863 1095 122 879 1018 118 882 1015 227 936 1179 215 962 1204 195 1023 1244 98 1031 1137 205 1142 1375 97 1151 1262 32 1180 1216 100 1202 1315 44 1286 1334 68 1292 1366 8 1325 1334 29 1366 1396 
24 62 110 180 57 148 209 88 243 335 23 309 334 194 343 566 69 357 434 216 371 623 20 464 487 144 477 651 87 540 637 209 617 860 169 714 910 134 749 895 77 882 963 232 900 1151 218 916 1163 148 933 1099 46 998 1050 205 1077 1299 105 1177 1290 34 1236 1272 44 1266 1316 24 1383 1409 3 1404 1408 
