10 81
7 192 292 575 85 702 898 146 807 1043 50 1035 1103 154 1190 1392 15 1194 1235 9 1525 1540 
13 29 65 106 142 89 330 29 206 255 81 449 550 12 474 498 58 580 667 215 599 875 81 675 776 118 786 1005 13 1222 1242 9 1378 1390 4 1521 1526 18 1532 1561 
6 102 53 240 82 402 543 103 418 563 31 579 628 83 1207 1370 172 1283 1566 
6 139 60 299 160 191 466 106 451 676 63 1118 1226 3 1206 1212 18 1495 1533 
7 86 483 634 9 565 575 81 644 819 172 762 1046 160 806 1065 114 964 1104 18 1527 1562 
8 168 137 384 123 589 762 45 630 706 69 667 794 24 1137 1168 165 1219 1490 104 1278 1438 54 1472 1560 
8 41 131 200 122 550 811 17 961 990 152 971 1255 133 1007 1189 46 1205 1267 41 1390 1465 8 1560 1571 
8 50 361 467 117 697 963 26 979 1030 75 1004 1128 23 1086 1127 31 1110 1159 154 1238 1464 72 1422 1549 
9 168 460 761 12 474 498 241 533 820 134 535 784 62 540 633 34 846 909 100 847 1028 68 1461 1570 19 1526 1557 
9 93 1 123 43 8 89 57 25 117 150 575 880 28 1222 1263 64 1225 1344 108 1238 1426 60 1349 1449 10 1363 1381 
