10 169
15 42 142 193 243 202 526 143 335 498 122 402 590 81 463 567 123 564 753 57 565 639 37 679 730 76 801 895 246 837 1151 206 991 1281 51 999 1075 262 1004 1333 195 1206 1491 142 1226 1412 
15 249 50 379 53 192 256 120 231 405 117 370 522 12 401 418 167 480 714 224 587 906 112 621 753 108 859 989 216 867 1146 179 974 1216 121 1007 1184 135 1505 1679 72 1609 1699 57 1629 1704 
17 158 20 231 22 46 71 137 65 265 49 431 498 83 453 570 16 511 531 164 580 789 23 824 855 185 860 1151 67 1057 1156 28 1111 1152 202 1122 1387 85 1137 1272 136 1149 1343 8 1169 1180 32 1311 1352 179 1430 1684 
25 153 1 188 173 9 216 87 13 132 91 26 140 279 34 369 129 35 203 40 72 124 60 199 283 56 341 427 92 498 610 177 502 750 121 639 792 71 736 832 86 784 893 141 994 1194 136 1006 1198 32 1099 1141 53 1469 1533 103 1493 1642 50 1537 1603 4 1552 1557 75 1592 1691 17 1610 1632 18 1637 1659 8 1686 1695 
15 72 56 146 149 130 338 223 135 426 117 161 310 241 220 553 159 256 476 30 453 488 142 476 655 216 531 832 209 657 927 99 735 877 72 888 997 129 1223 1404 195 1366 1595 4 1694 1699 
16 18 194 217 166 292 523 189 303 545 107 435 591 25 498 533 255 528 849 191 568 830 178 610 831 200 721 1003 68 824 909 183 895 1151 122 1000 1155 93 1033 1169 205 1217 1469 58 1307 1379 17 1439 1461 
14 93 21 136 206 219 507 217 289 542 170 296 534 194 393 630 192 545 812 152 733 926 197 747 984 196 865 1105 91 865 983 121 976 1151 239 1190 1509 75 1218 1314 9 1656 1667 
17 35 6 47 183 9 234 98 19 155 233 41 357 148 136 345 169 173 377 152 207 441 39 985 1042 210 1067 1344 122 1183 1333 134 1270 1460 37 1289 1336 103 1424 1571 104 1482 1661 34 1565 1606 46 1593 1655 24 1675 1706 
16 232 146 457 229 268 566 188 275 511 169 300 534 197 586 918 11 602 615 162 668 867 103 680 812 95 867 1000 8 1010 1021 123 1140 1307 42 1282 1340 3 1413 1417 42 1484 1543 173 1492 1700 116 1563 1700 
19 190 46 288 195 196 471 276 222 551 168 252 467 143 506 717 160 578 784 253 831 1155 177 865 1067 69 991 1080 39 1012 1072 124 1136 1281 69 1251 1349 224 1287 1578 301 1295 1628 8 1436 1446 60 1500 1570 15 1573 1591 4 1624 1629 8 1678 1689 
