10 54
7 9 337 349 82 463 593 38 538 586 64 723 800 18 726 755 137 1153 1339 77 1206 1300 
4 124 244 392 179 535 760 225 1000 1261 123 1166 1336 
4 89 269 396 200 782 1050 9 985 996 64 1178 1267 
6 95 675 798 94 782 913 44 811 878 60 828 906 109 1048 1196 2 1337 1340 
4 182 182 425 40 502 553 56 922 1004 130 926 1093 
6 167 124 339 26 298 334 48 467 534 5 608 614 174 693 912 7 1330 1338 
5 72 154 246 51 502 573 120 815 974 165 1085 1297 12 1325 1340 
6 70 72 176 149 121 313 94 544 675 33 839 879 18 1145 1165 6 1317 1325 
6 80 489 597 34 768 814 206 889 1138 191 929 1174 77 1155 1249 17 1262 1284 
6 192 585 851 67 915 997 16 976 997 99 977 1086 33 1151 1189 87 1190 1301 
