15 431
36 190 89 291 135 143 304 44 167 215 3 172 176 200 289 514 40 341 386 155 398 574 64 456 525 111 523 639 62 546 612 135 653 804 171 690 874 284 691 992 131 748 898 142 824 981 282 877 1172 102 924 1033 137 945 1103 69 989 1062 49 1016 1070 124 1021 1160 169 1063 1243 118 1074 1203 151 1121 1290 134 1143 1286 146 1247 1401 216 1296 1534 18 1322 1342 56 1385 1447 41 1395 1441 15 1404 1420 64 1405 1476 41 1432 1478 50 1455 1508 30 1501 1533 21 1505 1528 
32 272 9 307 103 49 167 109 77 197 248 102 372 92 168 272 16 225 242 208 359 586 9 415 425 243 421 691 67 485 561 44 519 567 249 649 918 2 793 796 138 799 949 219 826 1069 130 892 1040 113 951 1074 201 1166 1402 134 1172 1316 218 1187 1429 15 1204 1220 226 1223 1467 43 1305 1353 58 1309 1374 74 1333 1412 112 1397 1516 43 1413 1460 42 1438 1486 59 1450 1515 23 1493 1518 20 1493 1515 26 1502 1531 
26 8 63 72 36 80 119 151 179 346 244 324 585 135 358 511 202 414 640 12 436 449 28 548 579 79 612 696 95 666 773 222 841 1093 194 849 1057 236 872 1129 256 905 1186 8 1081 1090 149 1085 1253 6 1115 1122 259 1123 1408 114 1124 1252 101 1147 1261 151 1164 1338 36 1194 1234 251 1207 1490 228 1220 1471 174 1265 1460 46 1336 1388 
28 253 64 346 141 117 268 189 121 333 237 152 415 136 232 377 42 243 289 81 406 492 186 413 617 32 425 459 39 437 480 167 483 674 82 590 682 65 707 779 106 721 844 40 730 776 70 855 930 118 962 1091 278 983 1285 170 1082 1274 264 1090 1397 19 1175 1196 23 1252 1276 194 1266 1479 190 1279 1485 111 1294 1416 49 1400 1455 57 1442 1506 28 1477 1508 
25 172 3 203 214 39 278 222 88 324 219 226 466 4 279 284 121 306 438 85 356 447 154 411 582 167 631 810 121 633 765 69 650 729 29 669 701 223 692 958 121 723 864 179 792 991 120 806 935 70 898 976 128 1002 1149 152 1137 1303 50 1193 1251 177 1199 1393 147 1206 1374 59 1283 1351 188 1330 1534 16 1511 1528 
27 7 32 40 154 245 415 111 278 399 53 301 359 159 382 561 211 410 638 186 469 672 176 548 740 175 578 763 128 583 727 36 612 652 144 832 996 235 861 1125 44 1015 1063 122 1093 1228 206 1150 1373 240 1157 1421 144 1163 1322 197 1185 1399 102 1191 1303 184 1192 1405 262 1226 1508 170 1312 1497 25 1341 1368 44 1346 1397 84 1444 1536 2 1509 1512 
34 19 18 38 136 34 184 55 118 177 61 148 216 249 159 433 171 166 356 86 199 293 237 326 583 156 373 546 84 393 487 11 468 480 42 552 599 147 636 799 205 695 929 13 708 722 126 760 899 252 790 1061 169 822 1011 59 846 912 225 1020 1271 120 1083 1210 146 1159 1319 88 1188 1288 149 1203 1369 27 1260 1289 24 1263 1290 11 1342 1354 51 1355 1412 59 1366 1435 121 1376 1514 72 1442 1517 6 1450 1457 60 1452 1519 43 1481 1529 
31 133 9 159 165 25 208 105 82 198 71 185 264 280 225 526 10 251 262 197 292 510 69 500 578 178 560 761 157 560 734 238 579 837 55 600 662 215 609 850 22 634 658 47 635 688 33 732 771 261 770 1052 248 871 1131 89 1009 1107 195 1021 1235 228 1030 1275 234 1123 1384 63 1158 1227 103 1377 1494 115 1381 1516 40 1425 1470 12 1447 1460 23 1459 1484 20 1477 1499 4 1509 1514 12 1510 1523 
28 222 161 408 261 194 474 219 265 498 124 318 454 132 344 489 6 432 439 223 465 717 20 465 487 216 546 797 62 688 754 120 690 829 258 715 993 56 728 793 16 770 787 75 810 893 70 825 902 36 849 891 254 879 1176 52 989 1048 83 995 1090 245 1092 1359 252 1169 1450 8 1178 1187 96 1258 1362 40 1315 1359 74 1327 1409 91 1430 1527 6 1451 1458 
32 245 66 336 21 193 216 5 226 232 136 252 395 100 343 459 78 374 458 5 391 397 188 415 628 3 471 475 86 475 570 86 611 707 26 624 654 4 627 632 122 693 836 150 778 949 10 841 853 87 850 949 264 905 1197 64 906 977 190 981 1191 60 988 1055 163 1056 1241 196 1083 1300 163 1088 1277 18 1152 1171 224 1293 1536 194 1316 1532 128 1353 1494 39 1396 1439 27 1398 1428 50 1456 1509 30 1499 1532 
28 139 7 160 18 51 71 248 55 336 196 169 389 130 247 383 166 282 471 172 283 470 192 326 541 159 364 540 256 391 679 12 465 478 165 521 701 40 700 741 88 818 913 119 869 1000 111 895 1020 102 927 1041 21 946 969 37 991 1030 114 997 1120 113 1025 1149 206 1031 1264 268 1104 1396 109 1178 1299 125 1242 1382 70 1379 1457 8 1507 1516 9 1519 1529 
23 254 74 367 109 124 247 253 136 420 43 210 256 181 241 445 67 296 372 17 375 393 160 453 636 156 538 710 231 539 798 80 638 727 174 684 873 233 737 1007 202 738 959 212 966 1197 202 1239 1464 161 1339 1519 104 1357 1478 111 1393 1519 47 1445 1495 12 1460 1473 34 1462 1500 3 1513 1517 
29 216 2 240 23 43 68 38 75 118 246 112 389 156 226 403 8 258 267 167 268 449 101 302 412 97 343 448 137 413 564 83 521 610 146 583 749 133 632 782 51 717 775 212 782 1023 136 878 1027 120 971 1105 223 979 1221 206 1052 1288 132 1079 1224 158 1154 1330 85 1328 1420 117 1330 1461 116 1383 1515 58 1399 1460 10 1400 1411 49 1400 1453 14 1409 1424 21 1507 1531 
26 162 50 223 133 50 202 97 85 192 91 135 233 49 152 208 221 270 509 232 493 755 115 496 619 75 519 605 172 567 760 239 648 927 24 716 741 186 746 940 122 775 911 190 867 1075 133 884 1031 13 898 912 155 906 1090 180 1104 1299 3 1143 1147 137 1160 1317 235 1213 1475 188 1264 1474 66 1346 1419 31 1414 1449 15 1510 1526 
26 9 173 183 49 203 257 103 277 395 237 303 576 264 321 605 265 364 661 168 399 581 117 418 549 220 439 682 98 449 556 203 522 757 264 586 876 41 673 719 202 700 934 49 740 793 67 770 846 70 787 865 153 791 955 57 878 940 195 982 1201 68 1003 1074 58 1028 1094 44 1180 1229 139 1196 1352 122 1354 1495 67 1370 1443 
