15 656
37 28 24 55 273 46 351 69 184 259 211 194 437 103 328 441 232 330 601 157 355 534 218 365 604 104 441 554 123 498 636 189 499 716 256 511 790 129 536 683 227 578 828 277 632 938 28 640 672 204 650 883 280 867 1180 85 884 977 63 937 1009 179 981 1184 180 999 1193 278 1050 1356 20 1052 1074 63 1054 1127 49 1062 1117 231 1080 1343 143 1100 1255 23 1174 1199 173 1186 1380 86 1232 1329 206 1252 1481 122 1272 1402 97 1398 1510 50 1408 1464 4 1413 1418 2 1561 1564 
38 259 50 339 171 52 240 194 66 285 267 105 411 101 160 273 260 221 505 53 225 282 30 257 290 42 262 312 31 276 309 270 285 591 66 376 451 125 440 585 67 455 528 190 475 683 192 487 707 109 489 608 158 531 707 220 532 773 138 627 784 146 631 791 179 655 859 262 707 1001 125 739 881 169 753 940 70 784 865 145 795 948 56 843 907 32 843 876 282 933 1240 159 1067 1245 92 1075 1174 164 1131 1310 178 1151 1345 163 1184 1366 110 1206 1333 129 1331 1476 3 1556 1560 
50 272 45 343 65 58 128 3 113 117 190 138 350 64 181 253 148 184 347 93 213 313 218 227 465 223 239 485 121 250 385 40 264 308 20 264 286 169 281 466 184 301 515 5 306 312 218 323 566 260 348 651 152 377 549 25 383 409 199 432 649 41 463 508 175 465 659 29 470 501 29 487 517 106 582 699 193 614 831 150 619 788 244 628 899 225 636 888 22 722 747 98 868 975 222 886 1138 61 886 955 156 891 1058 224 1035 1283 73 1037 1116 9 1046 1056 40 1086 1128 265 1254 1540 55 1304 1363 77 1306 1397 86 1332 1423 96 1349 1459 27 1354 1383 82 1375 1466 61 1402 1470 22 1423 1448 56 1504 1565 37 1522 1563 28 1529 1562 
37 72 29 107 132 47 199 264 81 370 207 93 334 215 97 328 273 100 393 88 102 202 236 118 394 213 326 564 121 514 651 223 542 775 198 546 773 266 590 881 236 591 858 253 622 907 262 628 940 281 652 955 142 695 847 27 740 769 222 744 989 25 783 810 260 786 1081 264 786 1064 225 838 1088 27 954 986 84 990 1083 39 1048 1091 21 1112 1135 112 1170 1289 204 1238 1466 59 1281 1346 14 1397 1412 112 1401 1522 51 1449 1505 38 1459 1500 62 1475 1545 2 1576 1579 
52 178 53 253 65 77 153 186 112 313 244 161 431 63 214 283 252 215 498 150 254 425 187 259 462 89 297 394 157 304 479 152 305 475 9 332 342 78 360 447 139 373 533 150 394 553 74 427 509 103 473 592 105 494 609 227 605 854 180 606 796 122 616 749 166 672 851 49 678 731 16 691 709 242 704 965 14 711 726 96 744 848 175 799 996 119 1002 1138 77 1028 1119 110 1051 1171 183 1065 1269 90 1116 1216 43 1160 1208 256 1180 1458 33 1209 1246 64 1219 1292 23 1222 1248 254 1230 1509 116 1260 1384 170 1304 1494 61 1311 1376 104 1377 1493 96 1435 1547 50 1467 1522 36 1480 1519 79 1488 1576 45 1496 1543 58 1496 1558 41 1515 1560 7 1536 1544 2 1568 1571 
50 81 51 135 181 125 330 278 168 470 231 210 468 282 224 520 196 245 456 91 277 379 21 371 393 154 453 623 66 468 541 206 490 714 60 500 564 146 504 664 231 557 815 83 559 650 36 567 607 40 655 698 245 672 944 255 700 991 106 715 825 73 818 898 75 836 916 188 846 1057 118 903 1030 72 930 1012 77 934 1019 80 959 1047 193 968 1187 40 1007 1053 181 1057 1274 125 1066 1208 105 1071 1187 81 1081 1167 148 1085 1245 92 1163 1261 116 1169 1301 229 1213 1459 36 1235 1275 32 1256 1291 123 1320 1457 119 1345 1479 162 1368 1544 101 1382 1495 105 1399 1518 32 1423 1457 131 1423 1563 49 1454 1509 17 1479 1498 66 1504 1577 16 1561 1578 
39 185 42 251 247 79 359 46 84 133 151 86 249 141 90 249 57 165 227 89 178 277 150 211 374 118 279 414 123 280 417 259 285 580 75 331 414 127 359 497 265 401 707 14 407 422 51 437 493 131 464 613 153 563 731 64 640 709 236 746 1002 152 757 922 141 778 938 202 795 1020 139 817 980 104 832 952 120 884 1020 273 914 1228 53 952 1007 225 1041 1292 140 1077 1225 196 1081 1298 104 1173 1287 120 1261 1399 148 1292 1460 51 1304 1361 175 1372 1572 45 1375 1425 59 1440 1503 8 1496 1505 
39 180 58 258 219 80 343 3 85 89 227 109 364 141 145 302 133 165 307 26 305 333 101 346 455 222 412 670 157 414 593 235 437 702 235 442 701 280 467 767 59 469 533 292 472 779 127 499 640 143 515 672 116 570 693 148 598 762 5 694 700 70 732 807 37 733 774 239 743 998 270 746 1041 148 821 977 226 834 1090 25 945 973 249 955 1242 138 974 1131 275 990 1291 212 994 1226 229 1076 1331 99 1336 1448 54 1351 1414 144 1357 1520 19 1391 1412 61 1400 1466 86 1449 1548 2 1576 1579 
48 150 2 169 65 39 110 248 50 330 134 59 212 151 69 233 29 179 209 13 206 220 230 334 586 159 364 541 150 450 614 131 455 604 139 508 664 7 656 664 184 658 855 253 708 994 43 710 757 96 768 875 6 774 781 79 791 882 35 795 832 220 835 1081 114 888 1013 207 1043 1264 276 1075 1378 149 1078 1251 157 1082 1255 229 1092 1349 231 1101 1349 15 1114 1130 275 1183 1484 221 1211 1450 250 1218 1504 217 1220 1469 29 1245 1275 76 1245 1329 139 1287 1436 173 1326 1505 164 1383 1568 6 1414 1421 98 1452 1556 115 1453 1575 17 1455 1473 54 1462 1523 74 1475 1558 45 1483 1534 75 1486 1570 16 1543 1560 5 1550 1556 
39 178 45 237 260 66 366 221 90 343 25 121 148 90 136 233 150 179 347 209 231 460 128 249 381 280 264 569 48 276 329 143 298 463 201 304 537 259 393 681 248 413 698 92 427 528 153 440 618 31 481 514 107 685 802 183 753 958 237 915 1180 80 975 1060 77 1035 1123 11 1040 1052 72 1079 1158 111 1123 1242 122 1158 1291 217 1230 1476 194 1240 1448 223 1255 1498 136 1264 1423 90 1272 1369 95 1275 1382 153 1277 1444 219 1332 1572 133 1363 1512 150 1364 1536 18 1396 1416 12 1424 1437 67 1484 1557 
45 246 92 374 27 99 128 33 104 141 215 166 405 147 265 433 74 282 367 110 292 413 121 295 427 281 298 598 65 305 376 78 323 407 54 331 390 129 335 479 77 366 448 213 458 692 26 463 491 64 669 744 179 670 860 88 695 792 259 704 988 35 709 749 282 723 1034 33 725 762 231 755 1011 26 775 803 228 825 1079 88 868 965 230 876 1145 149 890 1056 22 969 992 44 1013 1062 275 1090 1401 262 1113 1418 224 1146 1395 82 1216 1309 156 1245 1414 109 1258 1383 8 1310 1319 227 1329 1578 52 1383 1440 79 1409 1498 24 1485 1511 37 1498 1538 22 1500 1524 2 1576 1579 
45 204 1 224 93 50 154 168 57 236 87 85 183 240 170 423 111 335 458 231 357 607 200 379 616 57 381 446 116 392 524 38 428 472 45 431 478 133 436 583 244 506 775 52 561 620 159 611 794 88 655 753 48 711 765 229 722 984 215 747 982 64 751 820 51 849 907 49 858 910 214 865 1107 254 893 1174 260 935 1210 59 971 1039 223 1021 1265 217 1123 1369 277 1132 1423 166 1141 1338 71 1179 1258 39 1196 1237 94 1216 1326 270 1235 1527 244 1250 1517 58 1253 1316 179 1296 1497 45 1319 1368 82 1340 1433 45 1340 1389 97 1466 1567 19 1497 1518 41 1522 1565 17 1540 1559 
43 97 20 124 212 68 303 16 72 89 170 107 294 152 131 301 238 178 449 153 198 362 114 223 352 7 242 250 127 290 428 130 317 465 266 372 661 281 386 701 167 396 585 292 417 731 104 425 546 91 552 648 192 597 814 104 609 721 36 627 665 190 848 1061 237 860 1127 172 956 1142 180 957 1162 155 959 1135 207 979 1218 158 988 1162 231 1006 1259 47 1008 1059 55 1158 1219 170 1198 1383 14 1220 1235 207 1263 1487 73 1303 1384 109 1361 1481 60 1376 1442 71 1397 1475 120 1413 1543 107 1420 1542 48 1486 1537 30 1491 1523 30 1518 1551 13 1561 1575 
52 52 26 83 26 155 183 125 170 308 235 194 450 169 286 470 283 340 653 174 347 540 170 356 548 239 398 658 225 448 691 260 465 750 8 475 484 65 485 558 52 485 546 86 491 588 70 510 587 234 510 768 133 585 732 32 609 644 69 629 708 134 660 804 56 679 738 188 714 928 71 730 804 99 732 840 283 779 1092 63 781 852 230 802 1056 297 820 1135 28 858 889 108 881 996 38 892 933 96 994 1100 13 1071 1085 23 1078 1102 59 1080 1146 25 1099 1125 95 1124 1233 12 1128 1141 232 1177 1443 271 1183 1477 211 1244 1479 86 1314 1407 139 1342 1498 81 1409 1501 13 1417 1432 86 1460 1555 95 1474 1579 61 1509 1577 8 1511 1520 12 1555 1568 12 1563 1576 
42 75 4 87 181 52 245 265 92 379 100 107 221 50 146 203 175 155 345 129 166 305 212 169 405 171 196 380 80 200 289 48 225 278 214 306 546 236 329 596 197 365 578 48 368 418 268 405 706 155 445 621 75 531 611 186 551 755 246 552 838 27 565 593 129 571 716 197 578 790 36 808 848 105 844 958 195 970 1187 117 1040 1171 145 1042 1211 144 1054 1217 214 1146 1387 107 1150 1268 190 1221 1427 52 1306 1364 120 1320 1449 103 1353 1463 179 1368 1570 24 1369 1395 130 1410 1556 110 1440 1562 43 1445 1493 107 1457 1576 19 1500 1521 
