10 174
20 128 27 202 164 29 232 143 58 266 128 118 296 141 210 375 218 346 621 24 346 378 64 602 688 117 705 866 23 835 866 172 945 1183 163 976 1192 72 1065 1167 190 1075 1348 9 1118 1129 63 1205 1289 65 1398 1475 89 1405 1536 69 1626 1720 5 1666 1672 
16 58 56 127 14 118 135 211 157 441 259 427 759 213 542 805 173 610 894 56 647 727 21 658 685 238 915 1257 101 1086 1228 159 1152 1366 72 1275 1369 239 1336 1655 27 1452 1484 87 1457 1560 39 1665 1718 
15 87 22 153 179 25 262 126 26 182 143 46 243 209 771 1057 92 864 982 43 905 956 51 992 1068 135 1006 1203 193 1054 1341 140 1070 1249 20 1099 1126 220 1274 1582 155 1275 1477 121 1314 1498 
20 258 32 321 233 86 388 192 251 519 214 268 548 26 313 345 192 509 751 186 549 820 22 764 799 97 831 948 34 831 876 177 880 1131 55 986 1070 118 1021 1176 168 1117 1330 127 1231 1430 11 1325 1338 91 1435 1540 2 1457 1460 55 1530 1599 65 1549 1635 
19 111 7 156 199 19 324 210 30 293 13 132 147 222 214 487 5 283 290 145 514 702 177 561 801 29 827 860 67 876 966 209 917 1193 56 1045 1122 151 1074 1278 8 1120 1130 157 1234 1424 99 1313 1443 64 1380 1473 150 1389 1595 102 1477 1624 
22 98 139 251 66 202 283 102 202 352 80 223 340 75 266 377 248 350 668 219 367 608 144 442 610 35 469 510 145 671 872 55 864 938 74 938 1042 87 1054 1172 100 1069 1193 103 1081 1216 103 1267 1397 152 1281 1492 160 1386 1626 34 1471 1512 110 1478 1626 45 1660 1722 7 1718 1728 
14 177 134 373 199 172 449 201 184 425 118 440 600 236 490 796 224 502 799 243 654 960 72 835 939 69 1174 1257 13 1226 1241 32 1344 1386 201 1375 1685 214 1447 1728 24 1675 1706 
14 26 32 66 226 72 352 87 250 381 211 282 573 184 294 522 63 329 416 130 332 528 39 351 401 222 391 714 129 538 709 251 618 957 72 965 1082 112 1313 1460 175 1319 1561 
14 56 70 137 171 74 319 266 211 536 146 303 513 176 432 662 16 477 498 51 741 812 192 759 1023 133 1022 1189 126 1061 1262 187 1069 1338 134 1170 1352 191 1259 1517 95 1561 1693 
20 66 140 230 68 533 618 109 543 682 91 548 661 130 567 741 122 696 864 165 784 1022 216 926 1187 239 962 1278 136 1199 1368 211 1208 1475 140 1264 1478 184 1273 1528 50 1458 1516 43 1503 1564 6 1533 1541 22 1535 1567 85 1544 1652 39 1672 1728 11 1680 1693 
