15 264
16 211 20 329 132 55 253 54 66 139 161 310 513 146 345 526 130 376 561 224 491 770 22 619 654 215 688 984 69 966 1052 234 973 1285 94 1232 1374 15 1398 1419 76 1405 1499 188 1487 1746 58 1612 1690 
12 145 53 251 164 270 488 156 301 506 162 533 760 22 546 569 153 559 753 183 757 1046 251 758 1093 55 833 903 292 1068 1417 146 1134 1365 129 1448 1648 
15 116 134 286 87 160 303 120 191 373 114 209 363 243 409 715 132 423 585 230 858 1157 203 909 1189 108 956 1097 249 968 1272 170 1082 1317 115 1291 1450 118 1553 1706 8 1690 1699 11 1751 1763 
19 74 45 136 126 169 349 7 407 416 235 517 823 135 518 702 174 602 856 205 814 1072 234 845 1129 158 863 1103 35 1014 1055 35 1063 1107 180 1086 1329 58 1106 1184 54 1210 1281 60 1245 1320 212 1364 1635 116 1554 1730 45 1707 1764 11 1745 1759 
16 201 15 257 56 70 142 230 298 603 215 326 588 56 336 408 199 397 662 53 646 713 104 710 849 160 733 925 179 742 972 204 811 1079 95 869 1022 155 1100 1316 152 1137 1331 161 1392 1611 38 1634 1686 
16 93 132 268 137 154 358 96 156 272 207 279 539 19 593 629 182 594 856 116 642 800 218 686 999 10 896 909 174 1142 1398 154 1267 1454 170 1382 1618 128 1425 1591 83 1535 1638 18 1701 1725 20 1726 1750 
18 204 44 272 151 110 317 121 139 310 76 176 269 201 195 459 87 221 332 108 401 553 121 422 613 288 545 886 11 888 902 200 901 1179 40 996 1046 133 1047 1207 224 1123 1413 121 1326 1492 76 1381 1477 122 1510 1680 31 1616 1654 
21 186 136 383 237 202 480 207 278 586 130 293 462 135 303 534 65 382 465 34 491 534 125 749 910 170 757 982 68 883 968 17 893 916 156 899 1089 165 1324 1506 105 1355 1494 198 1392 1639 208 1465 1738 33 1509 1549 135 1558 1731 27 1636 1680 32 1669 1711 43 1678 1737 
17 212 361 640 20 391 418 10 423 437 263 652 965 119 684 852 77 700 801 208 743 1014 184 746 1003 36 786 838 185 844 1110 129 1011 1197 12 1106 1122 192 1308 1539 174 1497 1742 147 1515 1730 41 1608 1667 6 1750 1757 
12 187 141 385 232 316 627 138 699 876 268 705 1058 230 759 1110 215 770 1073 56 1090 1178 231 1304 1607 156 1361 1564 105 1562 1699 70 1579 1667 32 1691 1732 
23 17 27 48 151 110 280 151 124 316 135 182 354 192 416 652 170 435 624 110 514 667 130 563 744 135 587 787 97 632 748 43 985 1033 4 1066 1072 232 1265 1554 21 1280 1310 4 1357 1363 127 1425 1581 70 1469 1556 131 1508 1686 136 1512 1709 56 1531 1621 66 1587 1680 96 1609 1737 12 1718 1736 
21 180 39 306 183 86 341 257 188 520 85 210 317 168 232 462 98 442 561 11 486 500 115 520 677 264 593 923 47 734 790 233 934 1197 44 969 1026 90 1107 1258 268 1196 1485 20 1245 1275 118 1265 1426 68 1452 1540 51 1536 1599 139 1594 1769 4 1711 1716 3 1716 1720 
23 256 2 308 30 99 142 202 197 475 200 235 520 20 270 293 22 355 383 200 355 608 23 361 395 43 444 501 55 497 557 7 634 643 22 683 707 180 742 988 44 762 824 130 873 1043 156 984 1196 58 1007 1084 233 1301 1592 109 1309 1427 98 1346 1473 49 1474 1543 44 1510 1564 119 1559 1708 
18 85 347 459 42 476 531 100 533 658 34 598 648 58 601 683 198 735 1003 214 742 1007 191 864 1138 101 869 996 79 928 1023 248 1015 1352 131 1065 1253 8 1079 1090 171 1086 1298 281 1095 1448 121 1116 1260 128 1267 1427 146 1321 1522 
17 221 51 318 166 258 466 143 347 558 244 463 784 42 556 611 106 582 742 115 597 737 168 612 835 239 680 1013 7 740 749 252 1089 1386 22 1280 1310 200 1387 1637 132 1406 1613 103 1417 1570 14 1737 1753 14 1752 1771 
