10 463
36 182 53 252 131 99 243 178 136 339 23 193 218 128 222 363 244 298 569 95 302 408 247 310 590 26 388 416 251 454 735 56 457 522 256 462 756 270 486 794 202 550 764 130 577 723 42 586 631 110 707 828 260 810 1094 237 827 1111 121 828 966 254 834 1105 194 854 1068 158 959 1134 281 973 1286 110 1029 1158 112 1033 1150 260 1056 1354 251 1098 1369 261 1263 1570 79 1314 1403 134 1346 1495 259 1349 1632 187 1495 1697 39 1539 1582 79 1540 1626 83 1616 1706 
63 165 40 228 137 61 219 34 129 165 303 152 481 125 252 390 170 253 436 181 256 454 37 290 331 272 291 588 58 298 362 272 302 594 140 302 464 15 353 369 191 373 584 44 387 434 233 405 651 8 424 433 22 452 476 212 456 697 91 461 560 82 465 557 262 486 764 5 498 504 34 504 541 226 597 844 33 668 704 259 694 993 145 696 853 10 706 717 123 725 859 150 777 941 191 780 984 33 816 852 294 854 1179 170 889 1079 30 911 942 69 925 999 16 948 965 263 964 1254 166 976 1149 76 1015 1098 70 1027 1104 37 1046 1086 49 1082 1135 75 1088 1173 110 1129 1246 34 1228 1266 193 1290 1506 103 1303 1417 62 1323 1390 8 1379 1388 37 1405 1446 49 1455 1508 192 1460 1671 113 1495 1623 148 1495 1661 118 1507 1641 38 1651 1694 35 1659 1699 42 1681 1729 10 1688 1699 17 1696 1715 13 1713 1727 
44 208 58 296 242 66 328 149 73 238 267 135 424 222 158 409 104 199 315 70 259 336 149 267 432 276 283 587 149 337 505 146 480 644 269 530 824 68 626 699 122 657 799 208 731 967 229 735 988 302 759 1089 315 806 1145 123 901 1039 8 932 941 112 982 1113 184 1005 1210 304 1013 1348 160 1058 1228 8 1061 1070 235 1135 1385 73 1158 1237 17 1216 1234 232 1220 1470 20 1234 1256 189 1242 1453 260 1256 1544 86 1259 1358 138 1265 1421 46 1296 1348 201 1297 1527 165 1344 1526 142 1347 1504 21 1472 1496 124 1496 1639 66 1608 1681 33 1660 1696 41 1682 1729 7 1688 1696 
47 71 41 123 68 52 127 146 67 232 23 116 142 149 172 341 179 188 382 159 193 372 177 217 413 173 230 422 283 259 573 283 271 583 9 278 288 59 346 408 286 373 683 89 446 543 69 470 544 33 508 545 44 514 564 160 556 744 114 569 695 127 574 710 93 611 714 207 642 873 188 710 922 122 720 855 194 725 946 279 772 1088 78 822 906 255 843 1118 288 854 1181 163 867 1049 47 870 922 151 881 1045 31 955 990 149 987 1157 47 991 1043 175 1063 1249 103 1132 1243 210 1145 1368 276 1149 1452 237 1226 1487 18 1238 1258 75 1310 1394 77 1341 1422 71 1445 1524 93 1476 1579 133 1527 1674 
50 71 73 149 214 74 323 5 75 81 271 151 459 282 160 464 62 168 239 188 183 388 148 185 346 149 204 368 14 209 224 231 215 471 51 227 284 84 305 395 120 384 511 127 384 534 8 399 408 301 406 747 21 429 452 173 430 619 98 501 608 122 537 669 227 549 798 109 623 744 12 645 658 162 691 874 25 710 738 161 721 909 212 752 989 120 771 904 242 774 1047 294 820 1138 207 900 1139 263 938 1214 82 946 1036 200 999 1223 203 1037 1257 72 1051 1131 211 1117 1345 56 1144 1205 76 1146 1228 10 1235 1246 212 1279 1524 5 1297 1303 135 1314 1460 55 1353 1412 119 1361 1492 25 1595 1621 76 1630 1719 34 1639 1677 30 1668 1702 
49 152 8 177 115 14 138 93 16 122 92 63 166 217 63 312 129 75 217 261 77 359 65 108 181 87 110 207 40 192 236 31 215 249 94 309 413 33 324 359 111 327 449 185 337 534 265 343 648 89 367 466 286 369 680 30 385 420 73 417 497 234 455 716 53 460 517 125 518 655 58 532 596 292 628 951 202 654 883 220 785 1027 12 808 821 202 842 1074 211 865 1096 101 895 1009 83 944 1033 113 946 1075 226 989 1233 137 995 1141 240 1052 1321 45 1081 1130 78 1099 1184 21 1136 1159 305 1181 1516 159 1352 1540 137 1356 1503 266 1372 1679 134 1402 1544 117 1410 1544 26 1615 1645 64 1635 1706 4 1662 1667 32 1668 1703 
46 26 37 64 192 88 302 77 98 187 207 113 340 15 182 199 99 213 324 305 267 597 147 289 444 23 365 391 55 369 428 188 412 622 257 464 753 302 464 800 170 481 662 177 573 765 299 588 932 68 601 678 253 622 905 314 626 967 113 681 810 292 791 1101 94 828 934 275 873 1169 271 885 1191 222 937 1180 35 1014 1053 228 1075 1322 101 1119 1231 21 1125 1147 257 1130 1418 252 1141 1424 174 1154 1341 85 1160 1254 196 1191 1411 11 1372 1384 116 1402 1532 187 1429 1641 126 1452 1595 56 1472 1532 60 1587 1656 20 1603 1625 89 1630 1726 24 1640 1667 49 1667 1721 9 1692 1702 5 1722 1728 
41 123 27 161 229 99 350 25 106 133 261 116 401 308 128 469 91 149 247 260 156 447 310 175 519 231 188 447 221 220 463 45 232 283 271 253 551 160 254 432 79 326 414 152 349 510 277 353 665 152 418 586 206 489 711 34 507 544 190 564 770 169 613 804 186 682 890 258 703 997 262 722 1012 242 746 1007 144 748 908 192 986 1203 119 998 1129 100 1013 1118 143 1195 1350 6 1200 1207 103 1241 1352 112 1284 1412 111 1285 1414 127 1395 1539 141 1497 1653 69 1498 1575 88 1512 1612 192 1515 1728 75 1560 1642 42 1585 1629 
48 75 43 125 228 53 301 243 132 405 114 293 419 90 308 410 90 321 423 188 337 553 93 367 470 34 399 438 305 434 767 184 454 648 156 455 631 306 467 806 202 493 718 282 497 821 102 609 716 104 622 738 277 676 990 84 746 840 248 758 1026 223 767 1024 109 860 980 292 863 1193 91 891 993 22 899 923 112 902 1027 84 952 1044 124 995 1133 86 1008 1104 109 1011 1129 270 1052 1346 61 1066 1133 56 1112 1176 130 1252 1392 243 1263 1535 21 1292 1314 23 1305 1329 248 1351 1615 20 1361 1382 165 1401 1584 86 1413 1508 46 1447 1498 10 1506 1517 109 1531 1652 144 1535 1693 43 1628 1678 25 1633 1659 7 1673 1681 
39 5 23 29 182 69 274 162 94 278 147 124 292 281 159 466 193 174 380 201 263 489 105 299 416 145 363 527 103 451 565 4 472 477 11 485 497 142 546 707 274 590 899 197 639 858 133 674 816 204 687 914 135 725 872 270 781 1081 282 804 1107 256 814 1115 6 820 827 254 823 1098 309 986 1328 139 1016 1171 181 1023 1227 168 1054 1245 237 1068 1328 254 1083 1367 241 1235 1504 34 1248 1288 181 1257 1470 136 1443 1588 136 1451 1598 174 1497 1693 125 1512 1651 63 1562 1633 103 1599 1716 11 1688 1700 
