10 109
10 99 302 471 75 560 682 53 566 674 72 626 727 87 747 901 128 885 1098 71 948 1087 134 1015 1315 121 1402 1617 22 1580 1611 
11 70 288 383 70 363 486 116 514 760 125 682 939 68 900 998 48 945 1028 78 1141 1331 110 1168 1362 67 1463 1577 56 1511 1606 10 1561 1576 
10 49 236 326 45 284 371 198 389 700 161 549 825 159 689 947 34 742 808 145 882 1118 84 982 1132 44 1363 1445 5 1613 1620 
10 165 101 326 170 335 614 142 453 678 27 587 633 114 701 844 133 712 891 177 1039 1344 76 1107 1222 99 1143 1332 112 1143 1290 
11 126 268 490 8 270 284 6 361 370 124 382 637 66 444 550 209 472 766 132 502 680 119 571 796 18 876 905 14 1118 1143 165 1291 1578 
10 38 104 155 128 131 336 166 227 543 128 304 547 94 368 534 26 531 576 97 679 826 127 819 1086 66 836 954 202 1207 1495 
13 104 65 212 318 309 624 124 396 612 21 437 465 103 464 664 127 571 865 35 791 865 7 1052 1070 113 1295 1500 128 1320 1512 17 1342 1381 9 1571 1585 27 1580 1619 
12 48 753 843 75 786 912 95 860 1087 37 910 998 137 975 1241 175 1084 1323 162 1104 1341 52 1412 1503 60 1446 1546 42 1447 1520 10 1480 1493 28 1512 1562 
12 33 74 123 134 146 384 77 276 392 40 680 740 85 711 831 139 853 1119 240 1030 1351 172 1248 1541 57 1497 1609 56 1504 1596 13 1511 1539 6 1613 1624 
10 150 66 306 35 451 512 106 598 828 184 657 945 20 680 704 176 1169 1465 149 1215 1431 9 1351 1369 68 1420 1616 64 1462 1562 
