15 75
5 222 54 329 148 779 990 39 846 896 97 891 1021 68 1356 1446 
5 18 286 309 58 383 451 136 413 594 93 425 557 155 1146 1354 
7 67 47 134 77 362 457 174 682 908 178 857 1089 23 1118 1149 17 1430 1450 4 1453 1458 
5 203 179 410 158 262 480 101 286 431 7 731 739 191 902 1159 
3 171 552 780 183 1123 1354 102 1325 1463 
6 8 43 54 81 292 394 2 572 575 176 868 1112 160 950 1153 8 1249 1261 
4 201 333 557 165 463 726 43 1216 1263 64 1336 1433 
4 165 424 626 180 458 706 48 701 761 100 1302 1449 
4 207 311 572 182 601 823 226 688 969 13 1242 1259 
5 15 317 335 59 795 867 220 850 1117 174 860 1103 50 1207 1272 
5 91 203 314 148 581 784 38 754 799 164 820 1065 48 921 982 
3 95 32 169 183 658 894 186 766 998 
5 58 507 596 81 768 877 44 912 969 177 992 1258 22 1355 1381 
10 25 42 79 48 61 121 42 187 236 31 278 320 111 304 447 49 1086 1153 34 1095 1140 42 1209 1265 66 1352 1449 7 1393 1401 
4 132 98 271 59 418 501 148 483 676 218 608 890 
