10 114
12 34 110 149 32 380 415 48 397 449 159 405 576 138 620 780 65 708 779 213 736 969 64 900 973 121 940 1077 145 959 1122 61 1058 1126 14 1253 1268 
14 8 178 187 159 444 623 21 461 483 27 484 513 54 492 555 228 558 801 108 575 698 60 612 674 177 661 851 183 771 976 13 888 903 97 968 1078 55 1025 1090 2 1192 1195 
10 159 140 316 153 322 493 73 386 467 161 424 606 182 463 674 88 579 672 179 753 948 125 780 923 12 999 1012 15 1240 1256 
11 108 79 196 217 141 391 190 167 378 168 388 572 135 692 833 31 730 765 155 769 933 214 931 1168 146 1074 1232 30 1182 1216 4 1261 1266 
11 92 540 641 97 549 653 144 578 747 143 734 888 8 826 835 225 843 1095 88 930 1024 154 959 1128 181 1075 1274 60 1112 1180 64 1183 1252 
9 218 9 259 42 187 234 224 209 462 129 354 500 216 545 785 91 824 925 45 1134 1184 16 1193 1210 10 1220 1231 
13 211 27 263 5 190 196 90 304 404 135 317 469 105 332 447 178 643 839 211 661 903 107 728 846 14 957 973 102 1016 1131 9 1032 1042 24 1093 1120 66 1150 1222 
12 100 30 139 232 148 395 82 177 272 94 251 352 41 368 411 192 402 614 63 448 516 188 535 751 115 866 1000 195 1058 1264 71 1076 1150 29 1156 1189 
13 124 168 302 33 393 430 61 414 481 46 420 471 100 609 721 124 764 905 100 770 885 216 858 1107 211 872 1117 30 1020 1054 77 1034 1119 12 1158 1171 11 1199 1211 
9 194 108 315 192 210 425 58 334 401 162 480 670 53 586 643 51 656 713 95 671 778 129 702 848 220 953 1189 
