15 75
4 123 276 413 197 380 629 155 817 1006 110 865 1018 
8 66 243 326 15 312 330 131 407 567 27 588 625 74 815 909 36 1130 1181 62 1169 1251 99 1260 1384 
5 15 82 101 53 394 460 129 567 743 33 650 693 112 778 951 
5 195 23 274 74 27 120 20 201 225 145 253 443 57 1247 1321 
7 59 202 283 7 725 734 144 782 980 118 992 1142 111 1198 1326 19 1210 1239 107 1221 1366 
4 68 377 470 139 670 871 84 1124 1238 69 1274 1372 
4 186 68 327 135 1110 1285 88 1175 1288 6 1223 1230 
7 83 153 271 27 267 305 52 277 355 185 856 1120 6 874 883 156 898 1106 9 1313 1325 
5 69 332 425 56 730 802 94 849 1007 68 1145 1234 16 1196 1219 
4 182 19 251 154 423 624 20 454 484 87 1122 1262 
5 35 233 275 118 233 381 49 576 647 91 939 1067 114 1120 1280 
4 136 73 269 142 352 508 84 1067 1184 76 1130 1238 
4 137 182 359 132 858 1032 157 868 1052 76 929 1041 
3 167 266 479 176 695 925 122 921 1112 
6 89 44 168 83 337 439 18 421 451 188 893 1126 89 1175 1285 48 1206 1270 
