10 116
13 47 20 71 78 222 305 219 300 548 107 430 554 44 465 515 120 602 735 84 622 715 228 798 1050 21 832 856 17 916 934 110 1077 1200 58 1133 1200 48 1314 1367 
9 141 2 168 84 87 178 210 110 349 201 120 344 240 369 627 37 445 484 20 670 692 237 1061 1320 191 1142 1346 
11 187 204 414 36 309 348 148 356 517 178 548 740 148 705 874 212 894 1135 194 928 1154 199 1163 1374 36 1167 1207 3 1175 1179 94 1234 1338 
10 160 45 227 241 52 322 78 297 382 73 324 407 143 408 568 78 476 558 47 593 645 238 849 1108 120 1004 1146 3 1380 1384 
10 115 11 138 112 25 145 174 43 238 131 276 415 101 500 614 242 526 800 27 526 555 235 900 1164 168 1117 1306 3 1378 1382 
13 48 43 96 30 142 174 230 190 448 103 397 508 229 413 663 55 480 539 219 500 740 75 568 652 87 576 673 171 852 1038 60 1171 1238 135 1175 1323 6 1370 1377 
18 97 241 348 241 420 686 202 508 725 18 527 546 85 594 688 175 635 831 129 693 838 100 731 840 112 984 1102 6 1011 1018 98 1059 1156 23 1114 1139 63 1192 1261 80 1196 1289 53 1310 1370 14 1315 1331 29 1316 1347 20 1332 1353 
12 92 29 129 246 59 330 41 67 112 169 201 383 223 499 747 172 733 923 76 736 821 67 983 1057 135 1151 1303 35 1163 1200 65 1260 1331 32 1318 1353 
12 128 22 161 33 170 208 106 570 690 105 879 992 29 947 980 113 963 1087 206 1033 1270 108 1057 1178 102 1079 1188 193 1083 1298 98 1269 1379 66 1299 1375 
8 144 358 520 205 394 627 181 401 605 207 536 773 127 555 689 51 575 631 209 852 1080 147 1218 1379 
