10 52
6 60 181 258 22 361 390 76 726 830 177 788 990 190 910 1131 41 1140 1196 
5 152 21 210 57 303 381 138 388 564 43 534 586 54 1099 1172 
3 129 150 314 125 197 380 55 817 895 
5 21 460 490 173 557 799 94 923 1060 34 1176 1221 13 1226 1241 
6 46 182 243 182 500 744 155 524 725 20 808 831 38 1070 1120 57 1111 1187 
5 169 67 284 17 255 278 34 310 355 163 1013 1226 16 1258 1277 
6 47 254 312 179 302 512 33 394 437 50 598 665 77 690 802 126 1094 1262 
4 163 224 439 70 281 379 55 783 866 52 819 898 
5 177 3 245 117 146 318 29 221 261 6 692 699 38 1215 1258 
7 48 28 90 4 395 400 104 548 666 128 1019 1179 85 1089 1206 83 1095 1201 16 1211 1234 
