10 107
12 147 459 698 47 529 592 252 670 993 37 708 781 88 860 1003 42 1204 1280 2 1213 1216 114 1268 1460 107 1277 1468 130 1295 1511 100 1323 1506 87 1603 1762 
10 129 91 367 96 285 438 230 860 1158 189 1029 1362 110 1263 1455 200 1376 1678 121 1454 1639 11 1517 1535 23 1634 1663 42 1640 1694 
11 41 48 137 119 327 514 37 367 437 82 638 787 36 752 802 63 889 1010 136 906 1148 169 1238 1477 137 1293 1532 99 1465 1682 65 1546 1644 
10 95 239 420 261 260 599 126 428 628 228 804 1150 165 856 1076 129 1124 1338 25 1346 1392 127 1452 1684 104 1512 1687 29 1677 1718 
11 103 20 204 64 311 406 201 467 779 97 485 605 96 557 712 190 739 1043 56 1104 1208 131 1159 1380 142 1211 1464 7 1453 1466 70 1513 1619 
12 136 107 309 214 256 588 68 260 352 127 346 547 21 433 478 175 559 836 127 886 1035 47 1016 1080 192 1076 1410 71 1264 1398 8 1535 1546 24 1582 1618 
11 171 78 360 55 111 204 187 149 471 130 306 534 119 560 717 156 571 858 47 892 997 126 1454 1644 42 1462 1530 35 1527 1583 13 1740 1755 
10 79 351 523 81 359 474 84 397 576 124 499 709 130 504 737 71 613 738 78 761 902 177 929 1188 37 1031 1091 60 1190 1304 
10 145 389 679 178 589 880 48 819 897 183 894 1180 176 908 1173 78 932 1095 205 1210 1504 54 1498 1622 21 1579 1618 2 1586 1590 
10 124 394 596 77 633 750 123 815 1024 185 1112 1417 22 1124 1162 111 1220 1403 37 1283 1409 160 1318 1602 54 1603 1695 3 1637 1641 
