10 409
40 203 29 258 278 63 359 189 91 296 86 101 195 272 125 434 151 219 385 237 231 491 30 241 273 106 386 504 128 409 546 17 436 454 47 463 514 137 565 721 210 587 834 132 621 770 39 622 665 176 654 846 281 658 972 41 708 754 92 714 824 284 719 1036 283 760 1081 103 762 878 70 773 849 112 808 932 75 817 901 221 910 1161 188 915 1130 239 1033 1297 208 1114 1361 145 1220 1375 239 1439 1703 277 1441 1752 221 1461 1692 157 1471 1639 5 1499 1505 50 1657 1711 36 1692 1730 10 1731 1742 13 1732 1746 
39 191 2 211 255 100 386 167 106 285 42 208 255 151 288 458 137 342 492 39 386 429 97 396 503 178 477 680 16 660 677 171 672 865 34 675 713 166 703 889 279 706 1017 296 740 1065 284 877 1186 23 909 933 201 954 1181 274 1007 1310 281 1010 1331 234 1060 1318 190 1064 1274 130 1130 1268 210 1139 1379 282 1180 1481 177 1186 1382 295 1200 1548 230 1265 1519 50 1313 1366 221 1339 1590 224 1378 1629 55 1481 1542 152 1511 1683 39 1644 1686 32 1649 1686 83 1657 1749 19 1664 1684 22 1698 1721 6 1744 1751 
35 299 13 355 98 22 131 186 69 282 241 85 354 296 182 506 237 206 476 310 262 612 242 300 569 133 330 477 288 348 672 155 360 525 123 409 553 303 501 841 169 516 691 220 562 799 108 580 693 44 658 706 74 711 791 284 731 1039 197 749 975 75 990 1070 123 992 1121 268 1000 1289 322 1048 1396 137 1078 1229 227 1132 1378 200 1133 1358 102 1146 1253 31 1169 1203 284 1251 1579 51 1354 1409 29 1462 1494 155 1506 1689 14 1528 1544 161 1573 1744 
35 225 80 321 285 233 551 170 250 435 312 264 603 306 320 665 126 329 465 89 338 436 190 367 578 211 447 674 289 487 808 297 590 912 174 595 787 125 609 746 206 624 852 27 660 689 166 699 887 289 813 1127 225 906 1154 210 924 1160 204 1095 1330 288 1097 1424 253 1109 1391 297 1142 1476 122 1168 1310 84 1256 1347 163 1272 1462 9 1284 1294 319 1292 1644 60 1361 1425 216 1451 1684 179 1491 1683 58 1673 1738 40 1709 1754 23 1711 1736 2 1714 1717 
51 92 42 147 94 100 205 3 193 197 122 227 366 108 260 380 22 326 349 217 328 576 171 333 517 93 379 479 89 408 504 83 457 548 61 499 566 107 513 628 235 548 829 138 568 729 81 578 672 37 610 649 148 677 844 318 679 1027 313 710 1047 216 721 961 14 723 738 40 758 802 108 778 903 292 835 1160 17 903 921 73 908 984 222 1048 1288 35 1108 1148 172 1124 1322 79 1124 1212 53 1139 1195 30 1210 1244 87 1217 1315 173 1285 1469 250 1321 1595 37 1323 1365 50 1328 1382 106 1336 1456 43 1340 1387 253 1384 1671 72 1385 1462 310 1388 1739 257 1424 1705 12 1450 1463 198 1468 1696 42 1521 1567 79 1614 1701 20 1698 1720 26 1710 1739 29 1715 1747 
46 31 12 44 155 70 235 138 79 230 275 198 493 43 282 329 14 289 304 296 324 654 250 327 614 69 361 434 59 370 437 210 372 601 178 375 577 19 381 402 196 390 604 138 394 543 53 475 535 155 487 658 305 502 837 165 530 723 41 591 638 235 608 876 323 671 1013 212 680 906 68 725 799 292 846 1179 226 885 1135 19 912 933 174 949 1134 153 1089 1254 252 1121 1398 8 1149 1158 284 1199 1514 76 1207 1293 30 1276 1311 92 1317 1418 126 1414 1557 136 1431 1576 239 1449 1726 249 1450 1720 26 1500 1529 154 1570 1746 96 1603 1707 82 1623 1712 28 1667 1698 60 1670 1739 13 1706 1720 
42 45 19 70 58 46 108 208 51 282 220 53 299 42 57 101 35 72 111 285 185 509 65 236 307 138 275 427 97 314 418 114 355 480 218 392 640 100 423 533 124 425 565 21 446 468 302 470 814 95 566 669 101 616 726 304 751 1089 224 755 1010 55 797 858 211 798 1042 20 883 905 143 901 1062 259 920 1212 265 980 1283 148 1028 1195 243 1146 1421 168 1157 1349 91 1189 1292 321 1229 1578 197 1233 1449 156 1271 1440 180 1326 1523 37 1401 1440 111 1427 1549 18 1458 1478 12 1513 1526 142 1525 1682 82 1638 1729 4 1720 1725 3 1743 1747 
45 177 0 197 32 47 83 290 67 386 261 69 355 210 90 327 171 172 371 219 195 433 308 210 519 286 222 533 54 298 357 84 315 405 58 346 408 188 411 621 162 416 597 180 417 631 244 418 687 52 510 566 108 536 658 30 554 589 53 576 636 221 616 860 26 619 647 240 640 913 77 653 738 254 809 1086 90 864 963 163 936 1118 154 938 1109 5 964 970 131 975 1118 99 1066 1176 274 1080 1373 82 1192 1280 263 1206 1492 14 1218 1233 212 1259 1494 192 1293 1511 51 1297 1355 29 1345 1377 185 1435 1644 37 1481 1522 129 1493 1635 15 1546 1563 84 1586 1680 111 1637 1758 
34 256 38 322 34 44 79 95 146 250 216 159 400 63 170 239 217 227 468 185 274 475 271 300 609 300 412 740 13 496 510 283 503 825 309 512 855 299 670 1001 107 678 795 172 820 1008 170 826 1011 228 830 1079 282 851 1156 295 859 1188 311 890 1221 318 915 1261 33 1022 1060 249 1024 1310 63 1060 1130 137 1117 1272 308 1134 1462 298 1254 1577 66 1295 1374 232 1420 1675 177 1458 1649 196 1526 1740 171 1568 1756 68 1603 1674 124 1629 1761 
42 289 44 359 86 46 145 7 137 145 263 172 466 40 189 233 249 239 503 47 286 339 69 288 364 284 312 626 218 409 648 246 422 693 145 458 611 294 560 869 4 638 643 51 644 697 23 649 674 253 687 984 2 692 695 128 698 833 172 847 1034 281 882 1211 238 884 1152 301 932 1271 297 1003 1324 71 1106 1187 102 1169 1280 269 1170 1470 274 1172 1469 180 1189 1391 183 1275 1483 48 1279 1331 78 1322 1406 123 1331 1471 143 1351 1498 291 1379 1705 25 1423 1450 155 1434 1603 54 1451 1511 160 1562 1733 142 1581 1740 133 1596 1746 11 1742 1754 
