15 681
54 26 19 48 229 36 295 291 48 381 34 95 132 241 132 402 206 218 446 9 316 326 43 368 414 170 400 593 7 462 470 211 476 705 18 480 500 9 536 546 80 541 628 209 558 789 228 565 818 147 568 723 59 583 649 321 610 958 94 754 860 258 773 1045 116 828 959 31 843 877 119 859 994 181 907 1109 47 913 965 302 919 1256 159 933 1105 305 984 1310 174 1028 1222 8 1093 1102 99 1122 1230 71 1159 1239 115 1169 1296 42 1173 1218 244 1192 1461 63 1288 1358 31 1328 1361 272 1352 1640 288 1375 1677 14 1413 1428 259 1420 1714 152 1461 1626 221 1471 1711 181 1476 1680 63 1509 1577 117 1555 1691 116 1637 1770 101 1644 1755 39 1678 1720 49 1713 1769 9 1745 1755 17 1751 1770 11 1760 1772 
46 52 16 74 133 20 170 207 25 250 136 43 197 84 49 137 224 113 367 47 120 173 244 144 417 174 325 509 274 437 754 85 438 536 227 536 784 244 664 941 49 708 759 209 709 947 172 772 964 220 856 1101 186 925 1115 127 937 1083 83 989 1084 161 1008 1195 268 1012 1312 266 1085 1374 195 1101 1321 300 1107 1431 237 1141 1409 249 1180 1445 111 1190 1313 198 1258 1478 203 1312 1534 84 1347 1443 210 1348 1578 51 1381 1436 173 1390 1581 19 1477 1497 105 1482 1600 18 1554 1573 156 1576 1749 157 1578 1745 103 1631 1743 55 1659 1718 18 1665 1684 70 1680 1754 37 1700 1742 25 1735 1763 6 1759 1766 
45 95 36 143 11 52 64 52 55 113 127 61 203 116 63 192 62 97 165 166 169 351 179 172 377 68 245 323 56 336 401 40 354 398 86 493 587 282 511 829 238 571 840 247 597 872 202 640 869 19 650 671 272 652 949 132 700 842 223 742 980 315 770 1111 262 789 1082 39 799 842 289 810 1139 107 819 942 294 934 1274 33 981 1017 197 984 1198 244 1036 1299 277 1051 1352 9 1064 1074 252 1078 1356 224 1088 1344 190 1133 1345 62 1252 1318 73 1289 1370 288 1338 1646 215 1438 1666 240 1478 1748 156 1601 1771 47 1603 1652 66 1608 1679 22 1738 1763 4 1762 1767 3 1765 1769 
44 79 18 106 262 34 327 168 81 266 131 88 234 71 95 173 46 176 227 116 190 322 171 211 404 33 361 398 219 405 647 294 426 754 228 462 714 126 492 634 252 521 795 157 600 779 283 624 948 2 624 627 56 628 690 62 708 777 321 761 1104 145 786 952 197 795 1017 182 830 1035 64 830 901 145 842 1001 250 916 1186 140 940 1096 138 964 1120 127 983 1123 120 1108 1238 277 1159 1480 133 1159 1309 288 1174 1494 44 1201 1251 172 1209 1394 279 1281 1579 121 1359 1498 256 1412 1704 153 1422 1594 38 1592 1633 7 1643 1651 11 1644 1656 49 1670 1723 22 1718 1742 
48 4 6 11 84 64 163 187 90 300 144 106 259 59 208 273 17 212 231 124 223 365 58 236 300 20 247 268 137 259 415 254 288 573 230 374 620 261 395 682 238 413 667 64 463 536 97 476 590 320 515 865 249 534 820 281 612 920 16 717 735 266 751 1045 147 767 926 37 786 826 265 847 1140 311 855 1203 74 865 947 60 868 936 158 888 1063 199 1047 1271 214 1063 1303 317 1164 1496 246 1180 1465 319 1182 1534 80 1197 1287 139 1242 1402 121 1311 1441 250 1466 1740 7 1496 1504 99 1562 1672 13 1564 1579 19 1589 1610 39 1593 1634 11 1598 1610 86 1613 1706 112 1644 1771 92 1652 1752 64 1653 1722 20 1735 1756 
40 273 21 322 229 39 292 170 42 227 237 43 309 300 83 420 137 112 262 308 145 485 182 353 548 243 395 656 33 400 436 261 521 815 70 578 656 192 634 859 109 680 802 178 703 902 252 767 1033 279 807 1103 100 831 940 230 852 1116 8 870 879 157 911 1077 237 912 1171 186 918 1126 277 926 1246 188 937 1130 271 992 1284 81 1089 1177 267 1099 1399 119 1136 1269 180 1147 1347 24 1214 1241 92 1310 1409 74 1356 1439 197 1488 1721 165 1513 1699 76 1619 1703 101 1620 1736 35 1685 1723 39 1708 1752 14 1757 1772 
45 189 42 244 148 99 263 95 163 266 43 222 268 128 240 379 240 262 525 243 426 701 250 463 731 299 501 837 46 553 604 55 617 677 191 628 837 311 719 1072 141 732 889 322 807 1160 73 921 1005 213 922 1159 213 923 1158 55 1037 1096 110 1039 1157 128 1056 1195 180 1069 1270 215 1071 1314 267 1085 1369 263 1163 1464 137 1276 1427 75 1289 1373 300 1298 1631 209 1307 1538 223 1329 1582 122 1355 1489 238 1372 1629 279 1372 1693 19 1415 1435 92 1562 1668 107 1578 1694 18 1584 1604 84 1649 1743 54 1651 1712 100 1653 1763 71 1676 1753 53 1704 1763 2 1740 1743 8 1747 1756 7 1764 1772 
40 125 34 172 308 50 398 256 52 326 21 79 102 177 82 283 39 121 164 175 162 355 129 196 347 174 244 436 196 290 496 67 290 365 234 302 559 197 306 522 32 323 358 155 330 504 145 383 541 95 450 556 205 523 753 300 553 883 204 666 892 211 758 988 263 759 1056 248 786 1068 53 811 869 180 839 1033 294 958 1292 292 975 1299 249 976 1249 207 986 1222 101 996 1113 211 1120 1366 93 1159 1265 296 1166 1489 287 1393 1703 161 1507 1686 120 1597 1731 67 1600 1674 10 1628 1639 15 1711 1727 2 1769 1772 
52 289 28 348 79 34 120 277 141 453 294 202 536 98 261 373 84 302 391 334 318 669 60 327 392 192 340 550 297 349 668 96 408 518 45 410 459 208 517 745 259 539 824 79 556 645 135 565 714 118 603 733 28 670 700 11 692 704 193 694 903 115 715 843 278 740 1051 84 810 908 151 816 978 98 909 1021 295 929 1250 222 931 1171 57 936 1000 47 969 1020 32 992 1027 102 1080 1188 38 1094 1136 171 1096 1291 263 1198 1487 84 1206 1297 197 1254 1470 310 1274 1611 96 1289 1397 176 1302 1494 27 1326 1355 116 1336 1465 32 1336 1371 203 1360 1586 9 1380 1390 68 1391 1465 223 1430 1684 12 1447 1460 189 1544 1756 46 1601 1653 81 1622 1708 75 1625 1706 9 1746 1756 
40 222 68 295 19 78 98 212 79 311 2 143 146 70 151 229 275 172 476 251 219 521 170 242 434 158 255 428 86 387 482 300 389 735 102 410 520 280 435 755 135 485 630 112 495 614 195 517 730 93 523 622 293 538 864 188 602 805 256 633 927 181 645 833 266 676 969 85 759 850 299 815 1133 198 876 1102 46 956 1008 240 1110 1372 152 1119 1288 209 1173 1395 248 1189 1464 85 1253 1346 186 1321 1528 243 1427 1696 281 1452 1770 177 1485 1680 146 1503 1669 85 1585 1675 66 1618 1695 47 1632 1682 22 1658 1682 
41 277 15 322 309 27 373 219 28 276 44 94 144 130 108 252 169 158 351 24 187 214 175 236 425 97 287 391 252 311 590 229 387 633 207 414 649 192 460 670 288 516 834 195 531 744 177 615 815 89 644 747 133 661 806 238 733 988 199 785 1010 256 791 1071 94 793 895 284 859 1177 288 902 1239 185 918 1122 261 962 1258 195 981 1208 7 1131 1139 66 1208 1284 7 1287 1295 82 1380 1469 114 1416 1542 285 1443 1768 231 1495 1733 113 1588 1714 8 1598 1607 18 1607 1626 44 1625 1673 71 1687 1766 10 1694 1705 5 1753 1759 
50 294 38 369 26 44 71 230 52 304 18 55 74 43 84 132 255 200 494 253 295 579 234 330 584 241 417 679 95 520 625 25 532 559 206 545 777 21 597 621 328 597 940 141 681 842 265 711 1009 229 790 1042 212 805 1042 258 812 1102 244 823 1081 79 838 924 274 844 1145 53 894 953 59 924 992 259 947 1230 179 954 1149 16 1001 1018 142 1077 1233 107 1179 1299 16 1213 1230 271 1236 1539 259 1345 1618 163 1369 1540 222 1412 1663 27 1433 1463 109 1434 1556 99 1436 1545 222 1499 1736 55 1510 1572 61 1515 1582 22 1524 1547 199 1525 1754 149 1540 1708 63 1544 1614 95 1554 1659 79 1575 1662 70 1575 1651 35 1632 1671 23 1636 1661 31 1732 1764 
47 70 100 179 265 168 457 2 240 243 52 282 338 138 291 444 238 383 641 147 431 597 231 475 736 259 486 771 16 529 546 7 534 542 191 556 762 284 595 910 103 598 709 268 699 1006 36 705 746 67 732 805 43 761 811 306 772 1107 128 808 952 302 822 1159 246 885 1141 167 909 1093 277 966 1279 190 1024 1233 92 1124 1228 8 1192 1201 19 1195 1216 188 1206 1416 266 1256 1548 58 1340 1407 169 1341 1525 186 1367 1567 226 1372 1634 70 1374 1449 20 1377 1400 242 1441 1712 172 1451 1645 182 1465 1665 74 1512 1590 117 1553 1688 72 1556 1634 97 1577 1689 118 1624 1756 47 1632 1684 63 1679 1748 70 1687 1765 
46 313 14 347 113 98 222 215 140 374 221 211 457 113 273 399 27 331 361 52 429 485 299 431 767 109 475 595 276 490 788 111 509 637 158 521 699 277 548 849 104 564 677 175 565 769 157 573 739 176 581 776 200 609 830 320 616 969 111 714 838 242 846 1127 77 977 1061 123 1008 1140 199 1010 1232 250 1048 1330 149 1064 1228 223 1178 1424 52 1187 1246 62 1196 1263 248 1198 1476 161 1294 1474 82 1317 1407 303 1332 1656 95 1402 1508 185 1425 1636 39 1496 1539 121 1511 1643 126 1549 1686 66 1585 1658 51 1609 1663 105 1615 1727 108 1636 1760 9 1645 1655 45 1693 1743 39 1722 1764 10 1749 1760 
43 292 31 372 211 56 279 255 108 401 263 109 403 139 109 257 310 122 462 224 218 452 239 220 475 267 241 543 19 307 328 270 331 638 77 376 463 56 424 484 273 479 783 142 496 659 73 542 631 69 549 628 80 634 721 184 641 844 85 672 762 212 684 920 161 685 869 220 774 1016 253 836 1109 126 838 975 37 1027 1065 172 1035 1224 116 1053 1182 186 1063 1278 37 1072 1112 187 1088 1288 131 1191 1331 56 1230 1293 111 1267 1387 92 1392 1496 279 1456 1767 105 1456 1569 194 1495 1708 87 1526 1623 82 1639 1734 78 1641 1729 23 1655 1679 2 1763 1766 
