15 688
51 25 14 42 266 68 367 285 70 393 315 133 467 65 150 222 296 164 492 76 208 290 62 246 314 69 287 365 16 297 314 220 298 552 258 308 583 28 316 348 315 588 925 24 604 629 190 621 832 93 684 791 54 750 808 141 768 926 82 769 862 137 784 938 147 788 952 257 793 1077 185 809 1012 289 825 1146 167 866 1058 222 899 1152 12 1030 1043 216 1080 1318 182 1118 1319 56 1157 1221 53 1165 1222 28 1174 1204 141 1190 1343 79 1236 1320 273 1287 1592 127 1317 1458 112 1351 1472 23 1366 1391 39 1431 1474 72 1465 1542 17 1472 1491 130 1475 1621 63 1531 1602 12 1562 1575 122 1580 1716 51 1596 1652 71 1620 1700 50 1633 1688 46 1637 1686 28 1642 1671 
42 4 12 17 90 93 198 283 155 460 303 311 637 44 347 394 240 358 628 75 411 496 282 459 772 207 513 739 243 545 809 74 549 631 91 587 689 199 675 894 277 683 994 219 695 947 203 710 929 181 720 917 244 827 1094 201 844 1067 7 885 893 78 907 992 124 948 1086 124 1013 1145 94 1027 1136 213 1039 1278 61 1044 1113 17 1049 1067 199 1054 1276 279 1076 1398 299 1178 1504 191 1185 1402 75 1214 1299 9 1229 1239 131 1239 1385 213 1245 1487 173 1316 1501 12 1320 1333 66 1450 1526 107 1529 1647 51 1573 1629 16 1628 1645 34 1645 1683 
51 19 75 95 5 93 99 167 145 335 135 211 353 198 272 484 219 313 556 155 407 576 81 437 523 26 446 475 6 469 476 223 508 758 42 514 562 273 523 822 238 531 788 9 534 544 72 541 619 272 619 922 241 658 928 295 663 988 211 733 969 40 745 790 52 750 807 172 755 948 285 794 1103 116 853 985 54 876 933 302 1019 1353 272 1058 1366 256 1109 1392 211 1113 1343 162 1135 1318 165 1171 1353 66 1182 1255 226 1236 1485 15 1278 1294 254 1306 1586 90 1307 1405 23 1321 1345 217 1363 1602 166 1376 1552 98 1399 1500 42 1433 1477 63 1506 1577 135 1538 1684 85 1591 1687 20 1600 1622 57 1649 1711 24 1673 1700 12 1681 1694 31 1683 1717 10 1690 1701 
42 14 30 45 12 74 88 303 137 480 27 247 276 169 251 436 156 253 433 8 291 300 21 346 369 142 398 560 229 437 690 311 558 900 102 596 709 22 602 626 51 726 782 109 758 880 273 827 1129 99 870 974 190 915 1136 261 947 1242 124 966 1107 152 1000 1170 109 1008 1134 10 1052 1063 278 1058 1378 186 1069 1286 212 1076 1307 230 1148 1401 176 1214 1413 277 1240 1546 82 1241 1332 15 1255 1271 268 1295 1591 180 1300 1504 221 1316 1549 175 1330 1529 216 1365 1600 140 1387 1540 8 1402 1411 7 1533 1541 23 1634 1659 16 1677 1694 2 1714 1717 
46 193 9 221 113 56 178 176 135 337 193 159 371 169 169 359 94 215 315 61 248 316 65 275 348 46 284 335 215 490 725 85 554 647 280 606 924 187 606 819 217 663 906 103 668 782 201 703 922 202 714 938 253 738 1020 118 794 929 275 808 1124 16 853 871 281 867 1185 219 906 1138 201 1003 1224 119 1011 1144 213 1060 1293 159 1073 1243 27 1079 1107 114 1104 1227 105 1158 1277 282 1225 1539 29 1270 1302 171 1288 1472 283 1291 1595 42 1316 1362 104 1324 1443 130 1394 1537 80 1403 1488 51 1464 1519 131 1503 1646 66 1571 1643 39 1613 1656 5 1619 1625 11 1626 1638 25 1649 1676 38 1667 1709 
41 270 37 329 284 74 397 177 95 285 238 145 413 62 147 216 5 163 169 51 178 231 94 307 411 75 348 427 209 350 593 161 382 557 227 391 648 72 424 505 81 528 615 172 558 749 54 588 648 141 593 747 226 639 896 150 656 820 213 717 955 223 764 1017 294 915 1245 221 948 1193 34 969 1004 162 970 1160 83 1034 1121 143 1135 1294 291 1158 1478 50 1166 1223 188 1201 1415 237 1210 1478 167 1253 1441 17 1294 1312 31 1332 1365 152 1358 1527 129 1395 1542 146 1462 1628 4 1468 1473 3 1510 1514 4 1690 1695 3 1708 1712 
53 210 51 278 24 199 225 13 216 230 158 220 397 169 223 401 251 322 599 27 324 355 68 332 405 103 459 574 258 460 740 187 499 708 40 546 591 106 554 671 58 561 621 150 641 813 9 692 702 186 723 933 13 795 810 45 810 859 41 816 863 64 823 896 199 862 1079 23 873 898 186 880 1077 282 882 1207 52 1024 1081 150 1055 1232 76 1093 1175 229 1118 1377 224 1136 1379 160 1149 1332 92 1163 1263 6 1192 1199 127 1224 1364 253 1229 1516 102 1232 1345 64 1317 1393 83 1338 1428 171 1380 1568 102 1405 1517 208 1421 1639 130 1421 1565 145 1441 1598 32 1441 1475 140 1456 1613 204 1470 1695 45 1540 1587 64 1554 1628 139 1555 1710 64 1569 1640 94 1592 1694 46 1618 1669 7 1684 1692 
53 32 15 50 238 34 292 35 77 115 54 87 148 17 148 166 150 179 349 222 179 438 272 225 514 90 287 387 301 287 621 198 305 524 216 330 558 193 353 569 167 390 570 188 446 645 54 534 596 108 591 712 30 596 627 151 621 792 6 626 633 141 640 798 209 704 930 43 734 783 154 782 948 288 798 1113 16 824 841 323 887 1227 67 924 1001 209 998 1240 146 1009 1167 219 1011 1252 60 1013 1081 145 1057 1215 169 1057 1241 295 1057 1371 129 1143 1278 64 1152 1220 57 1158 1217 255 1218 1513 147 1257 1408 87 1320 1418 74 1374 1452 109 1415 1537 55 1424 1487 159 1458 1630 161 1541 1714 117 1561 1690 11 1574 1586 14 1585 1600 46 1647 1699 43 1667 1714 11 1704 1716 5 1710 1716 
35 243 91 363 216 168 396 26 181 210 165 222 405 183 345 557 176 359 556 104 370 494 85 519 612 256 524 802 212 578 820 85 624 718 8 670 679 50 681 734 130 801 947 98 833 941 94 864 967 8 907 916 210 922 1161 131 923 1069 179 924 1115 211 939 1181 276 988 1295 275 994 1304 130 1024 1165 107 1147 1266 265 1198 1499 182 1221 1423 203 1266 1479 74 1271 1353 226 1277 1524 235 1278 1559 281 1376 1688 223 1384 1638 91 1432 1535 123 1510 1651 
51 64 40 111 251 50 330 39 75 118 43 176 224 266 213 504 49 247 303 92 318 421 240 353 619 159 375 554 32 378 414 210 390 629 65 411 483 203 425 646 185 484 683 51 524 581 65 540 612 203 547 758 41 561 605 128 571 711 131 595 749 112 597 719 58 603 668 231 673 922 146 700 862 55 724 783 73 775 856 56 785 846 174 797 987 124 848 983 286 849 1157 101 854 967 146 920 1078 277 968 1282 21 975 998 260 986 1278 25 1029 1055 72 1053 1133 100 1183 1297 99 1219 1330 75 1304 1384 204 1329 1575 121 1394 1529 20 1400 1421 105 1401 1517 263 1435 1717 128 1484 1619 123 1515 1650 160 1527 1706 88 1572 1670 89 1575 1675 14 1692 1707 
39 307 6 329 239 40 319 290 97 427 202 105 332 44 167 215 203 168 396 185 172 382 137 198 356 115 214 339 241 216 479 96 394 500 135 444 591 69 491 566 47 528 578 251 575 855 284 582 898 70 606 678 147 630 793 51 695 751 68 753 825 94 760 866 213 819 1050 265 843 1141 237 864 1129 129 871 1016 26 911 942 207 928 1158 218 958 1195 74 1056 1136 10 1064 1075 75 1120 1201 283 1142 1452 148 1181 1346 173 1183 1381 80 1217 1307 175 1304 1509 51 1421 1477 90 1472 1570 62 1637 1707 
44 20 28 49 52 41 102 117 93 217 52 109 167 82 124 214 87 173 271 136 214 370 307 274 611 264 296 592 115 298 431 181 381 588 183 442 641 51 495 551 249 504 770 212 506 737 200 578 795 176 634 830 172 700 887 118 736 866 271 746 1047 85 785 883 47 814 868 15 834 851 264 890 1192 49 897 953 185 905 1101 68 951 1025 49 1090 1145 231 1113 1372 253 1119 1394 304 1143 1477 268 1198 1497 131 1210 1356 96 1213 1314 102 1273 1389 195 1292 1512 90 1351 1449 90 1358 1459 57 1365 1431 218 1372 1607 104 1394 1515 78 1598 1681 25 1654 1682 10 1709 1720 
53 224 17 267 25 58 86 134 90 239 2 139 142 252 169 453 46 169 221 145 172 332 161 222 399 169 224 416 72 242 322 8 302 311 74 334 414 25 452 481 149 553 713 50 556 611 107 582 700 110 597 717 293 602 922 73 628 705 304 632 947 160 661 835 304 666 996 253 667 947 32 690 725 96 695 800 114 703 835 146 709 881 88 727 826 283 728 1043 176 732 931 62 784 852 120 786 923 34 814 852 157 849 1023 88 874 971 98 896 1000 106 940 1060 31 953 986 86 1044 1142 22 1076 1100 30 1149 1181 280 1185 1500 95 1227 1334 191 1319 1537 41 1332 1378 109 1347 1470 221 1465 1711 163 1470 1649 44 1499 1544 52 1597 1655 32 1629 1665 11 1668 1680 15 1704 1720 
45 16 84 101 48 105 158 27 107 137 184 149 354 129 151 290 229 200 449 54 270 330 178 319 512 226 338 600 239 366 628 154 423 597 233 515 775 124 586 719 157 590 769 278 642 962 238 668 930 153 672 845 188 748 951 280 751 1070 210 762 988 23 811 836 161 869 1039 113 898 1020 173 905 1092 179 909 1102 30 944 975 277 998 1326 53 1015 1073 50 1016 1070 8 1030 1039 240 1124 1399 276 1129 1427 99 1211 1320 103 1249 1364 175 1289 1487 304 1322 1643 273 1329 1632 188 1464 1662 26 1466 1494 47 1471 1525 44 1525 1571 12 1621 1634 29 1640 1671 25 1684 1711 11 1695 1707 
42 270 3 305 155 61 232 234 126 391 291 188 518 254 193 484 66 202 272 58 233 296 148 249 409 115 292 419 46 372 423 15 419 435 248 438 708 293 497 820 183 537 737 101 558 666 55 562 625 282 585 893 120 594 727 136 604 753 233 617 874 68 687 762 129 759 901 146 783 948 264 822 1116 43 826 875 33 868 908 308 952 1280 283 979 1294 252 1019 1301 21 1023 1046 23 1078 1102 209 1163 1393 63 1239 1307 35 1248 1287 167 1286 1473 292 1300 1633 11 1480 1492 132 1512 1660 155 1531 1697 32 1559 1595 46 1627 1679 21 1655 1678 
