10 116
9 142 26 228 197 237 485 148 382 600 202 721 999 22 741 770 211 758 1031 141 922 1118 110 1408 1559 30 1469 1510 
16 142 253 414 70 277 364 126 299 462 52 338 403 138 563 769 207 620 912 6 780 789 21 849 877 4 858 863 38 876 928 260 979 1281 178 1107 1339 144 1181 1370 47 1405 1469 58 1461 1545 23 1529 1558 
10 156 134 345 35 186 236 60 188 280 228 316 591 128 318 505 150 356 536 123 1216 1366 34 1291 1338 173 1302 1555 121 1328 1488 
9 254 85 397 221 154 458 242 494 800 198 511 793 15 520 540 93 687 808 28 1005 1042 2 1027 1030 199 1136 1435 
10 202 12 313 186 78 323 34 588 635 175 660 908 163 760 999 208 792 1069 25 1189 1222 62 1301 1386 45 1332 1387 77 1452 1545 
15 90 136 252 18 198 221 120 378 546 74 400 514 172 585 811 105 744 892 169 1029 1212 86 1116 1225 211 1120 1392 173 1163 1401 27 1348 1393 13 1400 1417 42 1518 1568 11 1558 1572 2 1570 1573 
14 89 5 136 32 67 109 176 144 385 193 499 743 8 504 514 57 592 668 75 670 758 168 1017 1261 195 1060 1326 47 1404 1461 30 1411 1452 5 1438 1444 25 1487 1519 41 1519 1570 
11 241 34 311 39 419 472 76 479 588 225 776 1067 88 854 984 18 876 904 177 1011 1235 135 1069 1265 75 1087 1185 163 1266 1464 91 1379 1500 
12 104 61 182 162 67 269 52 109 180 7 260 270 196 440 739 87 517 631 72 798 887 173 799 1035 145 1095 1283 79 1184 1299 41 1490 1540 23 1537 1571 
10 111 311 473 148 417 601 34 559 603 22 789 821 191 798 1041 37 886 935 194 922 1186 21 1024 1049 163 1083 1303 192 1089 1398 
