10 419
38 205 50 292 50 68 121 146 111 284 218 114 359 68 147 226 103 148 265 91 153 247 100 219 333 140 370 522 283 436 754 272 502 799 226 620 874 126 669 812 73 686 766 182 687 897 302 690 1015 27 695 725 16 731 749 79 732 824 80 881 967 52 885 941 159 957 1132 246 972 1252 158 1061 1237 212 1114 1355 237 1161 1425 149 1255 1421 69 1257 1333 245 1306 1584 132 1309 1459 103 1319 1437 230 1393 1647 211 1411 1642 9 1487 1497 71 1530 1606 14 1567 1582 44 1576 1623 2 1646 1649 
33 107 158 272 216 160 402 254 217 493 244 244 528 134 245 394 201 309 530 137 310 462 140 361 514 260 460 744 224 502 747 268 536 827 85 537 634 252 568 855 205 577 807 60 650 716 160 684 856 217 730 962 154 751 926 141 788 939 213 818 1063 179 869 1070 247 916 1189 270 921 1218 144 964 1126 196 969 1175 287 981 1302 89 1087 1184 109 1156 1278 274 1217 1521 279 1322 1617 149 1332 1498 50 1485 1542 47 1584 1634 
41 23 18 43 193 26 236 164 47 232 269 59 363 290 82 398 151 213 377 153 243 420 80 246 342 284 347 658 137 382 537 240 421 691 37 438 478 259 483 784 187 546 748 180 586 789 174 590 777 120 604 733 24 622 649 258 645 929 98 680 784 154 701 878 156 742 913 237 794 1063 19 868 888 52 919 976 278 995 1297 279 1169 1493 181 1284 1480 14 1316 1332 73 1329 1410 145 1361 1528 14 1398 1413 49 1412 1465 133 1454 1601 141 1464 1619 50 1536 1589 9 1552 1562 40 1571 1615 28 1581 1612 42 1596 1644 11 1635 1647 
36 17 6 25 124 15 157 273 20 313 266 28 320 2 54 57 154 145 321 259 160 448 186 163 361 140 169 321 146 260 419 290 274 589 45 287 335 285 394 702 254 401 699 80 421 510 222 496 745 27 539 569 117 612 745 91 660 764 156 739 913 235 781 1041 275 794 1103 87 826 923 73 846 927 184 915 1130 136 950 1101 268 970 1293 264 1103 1395 90 1128 1230 257 1143 1420 229 1225 1478 148 1273 1426 25 1529 1557 44 1560 1609 40 1563 1607 5 1641 1647 
47 21 13 36 34 40 80 264 79 384 91 124 228 74 128 209 278 187 491 133 219 368 101 291 403 39 293 336 280 310 614 40 348 392 127 387 528 96 401 507 287 408 723 182 455 651 221 456 706 153 491 661 4 560 565 69 624 700 136 653 807 66 686 762 254 686 973 140 745 904 108 772 890 152 845 1014 32 879 914 241 901 1170 194 911 1125 12 987 1000 7 1003 1011 220 1027 1269 47 1042 1095 185 1042 1245 85 1054 1145 127 1054 1194 7 1056 1064 189 1068 1278 188 1073 1287 299 1182 1510 146 1221 1379 234 1344 1593 29 1398 1431 26 1440 1470 64 1525 1595 38 1599 1640 9 1618 1628 2 1641 1644 
36 237 73 340 144 101 256 205 168 392 289 230 557 241 263 518 197 278 506 185 283 483 182 347 547 244 361 627 74 405 489 244 408 681 211 475 715 136 493 640 285 524 840 48 609 661 162 641 833 8 687 696 260 703 987 134 709 859 204 716 944 192 751 976 163 777 958 255 795 1069 69 801 879 87 952 1046 120 1047 1177 93 1059 1162 210 1094 1322 82 1173 1266 203 1185 1409 64 1231 1302 85 1294 1392 39 1340 1385 131 1450 1598 40 1597 1642 29 1602 1633 
56 112 1 121 47 24 74 212 32 256 204 55 281 162 115 285 303 139 468 38 173 217 163 210 382 154 213 387 192 264 483 22 281 305 84 352 450 126 390 527 42 450 496 34 504 542 137 607 761 136 643 791 53 705 761 50 713 766 195 714 939 58 767 831 24 779 804 196 801 1022 52 814 870 122 840 975 78 857 946 304 924 1250 189 949 1163 143 1006 1165 283 1012 1320 15 1045 1061 217 1053 1293 47 1083 1134 33 1107 1146 82 1125 1217 19 1182 1202 90 1196 1292 223 1214 1471 139 1247 1397 67 1324 1399 17 1336 1355 243 1365 1631 99 1386 1493 13 1396 1411 225 1404 1647 75 1435 1519 76 1461 1543 136 1461 1614 10 1469 1480 133 1479 1624 47 1489 1542 55 1505 1568 19 1566 1587 23 1587 1614 4 1609 1614 2 1646 1649 
47 257 63 344 78 119 208 221 223 469 208 228 446 33 252 290 92 316 416 172 325 513 14 379 394 45 415 465 52 424 479 224 442 698 80 480 565 67 485 559 21 486 509 275 525 834 235 537 795 32 563 598 28 582 612 160 612 785 216 733 979 142 747 911 119 753 894 282 783 1091 46 787 838 77 820 904 268 880 1189 172 926 1110 47 971 1027 55 982 1045 238 1053 1312 198 1155 1380 91 1164 1267 289 1174 1497 113 1194 1323 95 1203 1307 22 1205 1230 200 1259 1479 205 1264 1492 135 1381 1525 39 1390 1433 74 1417 1502 93 1438 1542 11 1469 1481 49 1506 1559 14 1569 1584 16 1614 1631 3 1615 1619 
47 126 53 193 282 154 467 148 178 347 307 270 598 2 305 308 254 338 633 270 343 648 24 362 388 110 400 520 208 432 656 291 537 858 60 539 604 6 583 590 96 586 691 149 661 820 28 683 713 9 728 738 159 924 1091 20 965 987 250 1007 1279 193 1031 1237 90 1081 1182 243 1141 1418 155 1177 1353 288 1180 1486 32 1186 1220 140 1229 1388 113 1236 1362 165 1246 1432 148 1247 1408 175 1261 1460 46 1325 1376 122 1340 1480 264 1340 1627 35 1367 1407 79 1387 1472 169 1413 1609 68 1414 1494 155 1472 1636 112 1475 1591 24 1481 1507 84 1493 1583 103 1525 1641 61 1542 1607 78 1544 1629 12 1607 1620 10 1638 1649 
38 177 49 257 265 78 361 243 136 404 146 168 337 207 208 434 238 211 474 80 214 302 140 214 371 146 328 486 130 370 514 256 460 750 280 486 788 34 625 663 221 659 914 34 687 726 263 740 1041 158 825 1003 245 841 1118 127 849 991 208 870 1104 249 924 1187 145 948 1110 160 969 1152 147 1001 1160 121 1096 1228 316 1114 1436 204 1215 1441 105 1237 1351 27 1272 1302 267 1307 1612 93 1377 1478 90 1411 1510 101 1430 1532 48 1459 1510 66 1481 1553 31 1512 1545 94 1515 1624 20 1560 1582 
