15 173
10 114 284 477 68 433 558 76 471 595 110 649 821 196 814 1098 106 919 1154 44 1108 1186 118 1124 1354 61 1148 1239 4 1474 1481 
18 198 216 497 24 220 253 44 222 292 2 335 338 38 336 388 159 424 654 106 674 827 91 703 871 5 705 713 32 717 763 117 858 1077 45 1081 1148 88 1167 1289 27 1309 1345 83 1377 1557 37 1449 1509 6 1543 1550 4 1569 1577 
19 80 57 158 6 111 123 185 115 398 7 311 323 38 399 504 20 442 470 173 757 1048 134 757 912 2 801 804 138 871 1067 49 904 986 88 936 1077 43 1116 1192 8 1226 1243 20 1252 1287 144 1303 1535 9 1499 1511 4 1531 1537 4 1547 1560 
14 36 101 152 106 289 465 126 378 650 55 509 586 149 970 1222 36 991 1053 123 994 1203 50 1147 1237 162 1272 1559 79 1345 1459 73 1397 1498 9 1464 1480 3 1552 1558 6 1561 1570 
10 193 8 320 138 59 341 121 193 399 48 368 471 55 602 684 70 1163 1272 101 1183 1359 196 1195 1506 22 1199 1230 12 1414 1429 
8 138 623 900 129 835 1131 165 849 1154 229 862 1172 60 1105 1186 193 1278 1518 91 1357 1545 11 1547 1570 
12 222 68 382 11 139 154 77 256 404 114 548 746 105 648 782 110 747 933 150 783 1028 82 825 950 33 975 1029 74 1265 1371 83 1309 1446 5 1549 1557 
9 34 48 107 121 89 368 187 250 507 129 435 644 125 468 674 77 663 788 58 721 852 64 1391 1481 68 1393 1514 
15 28 154 199 26 211 257 79 322 442 30 332 381 46 389 480 145 417 680 108 444 652 123 736 940 22 777 812 5 834 841 95 937 1102 28 1066 1112 25 1168 1246 102 1287 1439 2 1541 1544 
9 217 60 370 168 154 427 81 461 589 190 559 837 105 859 1042 15 881 919 151 1123 1399 156 1132 1420 62 1416 1505 
9 140 299 501 111 427 606 142 617 904 177 686 921 104 766 975 186 1075 1380 5 1286 1295 34 1439 1486 42 1485 1549 
8 136 130 347 37 191 249 123 235 411 149 403 641 105 466 649 201 518 804 128 897 1139 115 910 1108 
11 40 129 200 114 426 670 190 506 790 5 663 672 97 802 1029 11 1159 1177 52 1172 1285 165 1184 1426 126 1206 1423 27 1425 1467 12 1447 1463 
11 184 51 360 26 86 137 9 115 127 16 165 190 158 522 813 117 533 717 154 689 942 11 809 825 100 836 982 64 864 975 60 925 1053 
10 44 105 176 153 589 902 106 685 880 147 892 1162 3 969 973 102 1181 1367 107 1245 1410 67 1325 1434 43 1472 1556 30 1527 1570 
