15 97
7 47 145 239 168 274 558 152 440 679 145 1093 1326 4 1400 1405 56 1404 1493 14 1435 1464 
7 129 15 231 62 83 195 54 233 315 195 386 668 243 406 718 73 703 839 30 1521 1567 
6 7 3 14 129 316 589 72 1169 1314 143 1202 1465 26 1349 1402 22 1520 1561 
8 143 158 392 25 344 390 82 369 486 5 414 423 82 574 745 155 592 873 53 935 1025 2 1547 1550 
7 58 235 326 45 307 379 171 351 646 121 552 807 85 776 893 137 958 1247 14 1018 1042 
7 97 125 340 119 165 372 88 184 339 34 226 273 85 342 462 93 1277 1466 45 1481 1576 
4 133 458 745 179 623 893 91 765 980 3 1553 1559 
7 45 227 312 39 229 290 85 291 425 62 886 982 151 893 1127 157 1179 1469 67 1461 1556 
7 159 229 519 162 332 613 180 371 647 9 727 742 3 828 833 66 1442 1559 3 1569 1573 
6 185 228 508 40 1126 1191 37 1191 1255 195 1216 1528 220 1241 1553 20 1269 1305 
6 143 521 823 13 874 893 72 1003 1153 70 1152 1282 167 1230 1475 9 1345 1356 
6 73 160 289 118 416 573 36 477 532 102 691 827 200 891 1205 148 1181 1469 
4 24 363 407 107 413 728 36 737 800 124 774 1027 
5 51 28 104 91 684 828 158 709 986 185 856 1126 122 1242 1463 
10 18 423 461 129 619 828 79 648 758 4 737 745 209 956 1257 131 1049 1230 52 1183 1271 81 1196 1311 158 1211 1462 8 1559 1574 
