15 175
14 18 64 89 117 117 255 83 196 302 180 590 852 37 916 967 57 1009 1085 36 1034 1085 234 1067 1371 31 1068 1111 209 1200 1469 71 1360 1457 96 1429 1555 80 1441 1540 25 1543 1577 
10 140 60 247 142 95 274 161 103 326 216 210 488 252 254 561 120 328 498 65 408 505 28 921 955 17 1067 1088 163 1310 1546 
13 23 125 154 72 290 390 48 465 523 129 617 777 213 639 935 107 927 1068 71 1100 1198 128 1112 1283 146 1120 1324 76 1276 1391 69 1295 1388 21 1486 1514 22 1543 1573 
10 63 75 159 203 118 402 53 335 403 2 397 400 207 613 879 150 620 825 88 721 833 196 1097 1369 214 1275 1553 59 1322 1428 
11 122 180 345 194 320 596 28 456 489 169 488 766 133 725 915 19 920 943 257 988 1288 184 1043 1274 71 1149 1241 3 1573 1577 2 1577 1580 
13 143 638 832 176 641 876 25 645 679 184 649 844 104 858 990 186 858 1105 135 913 1087 62 1013 1096 81 1018 1119 33 1256 1295 142 1348 1568 62 1441 1518 8 1571 1580 
14 78 34 150 125 343 490 122 505 651 36 525 572 187 737 967 199 754 1046 94 759 900 67 960 1052 102 1014 1136 83 1022 1154 203 1024 1271 31 1346 1384 18 1540 1564 14 1550 1567 
12 75 58 165 152 287 502 234 881 1173 111 1107 1262 182 1178 1428 215 1293 1562 88 1345 1456 84 1346 1458 29 1353 1395 23 1449 1479 21 1494 1523 33 1505 1546 
10 238 86 397 114 152 311 245 449 752 188 711 961 123 802 969 171 802 1045 54 931 992 185 932 1178 93 1212 1328 6 1301 1308 
14 215 4 313 28 97 134 121 478 673 131 533 711 54 567 650 4 603 608 73 976 1069 13 1021 1037 52 1120 1189 74 1145 1266 116 1340 1491 44 1366 1420 48 1384 1443 24 1398 1436 
9 187 58 272 48 158 217 187 440 711 72 604 699 183 617 893 118 658 826 36 667 713 153 769 1004 35 1055 1103 
10 134 35 206 148 579 783 137 704 868 162 759 1021 14 868 885 229 1010 1294 59 1163 1248 183 1240 1492 67 1431 1524 22 1475 1500 
13 73 29 128 209 191 446 172 396 579 109 558 704 50 739 799 151 813 992 188 914 1183 222 931 1221 82 1104 1203 124 1356 1519 136 1374 1531 32 1435 1486 19 1511 1537 
13 8 30 41 98 348 486 217 484 757 248 527 834 57 570 646 78 613 715 215 620 931 49 657 717 151 766 945 77 797 895 186 1100 1339 185 1317 1572 6 1485 1492 
9 260 159 472 107 163 306 194 189 439 168 226 463 139 277 471 83 339 428 166 420 632 57 443 526 190 783 1030 
