10 270
30 87 17 122 105 165 282 137 248 395 84 303 391 204 317 539 279 370 673 193 387 602 111 509 632 73 577 657 168 659 849 62 673 739 219 711 953 24 746 772 22 749 772 43 763 809 233 806 1070 239 830 1094 134 836 986 55 1012 1071 247 1021 1292 269 1040 1330 290 1166 1474 7 1181 1189 164 1185 1371 54 1194 1255 124 1280 1419 55 1338 1400 135 1385 1536 67 1460 1533 5 1471 1477 
25 114 26 155 12 31 44 5 280 286 40 305 350 40 317 361 217 423 668 155 424 585 37 460 502 275 470 768 243 476 745 211 522 744 260 632 927 22 661 686 165 750 936 164 892 1070 219 952 1195 260 1001 1284 112 1023 1145 194 1071 1287 209 1165 1403 253 1167 1448 217 1193 1425 188 1315 1527 19 1375 1395 58 1430 1493 
26 203 73 301 254 185 475 152 229 396 50 327 383 105 335 450 64 445 516 183 522 729 153 643 812 229 711 970 19 713 734 61 724 789 110 724 843 172 765 959 19 779 800 265 787 1085 172 809 1003 170 811 992 171 838 1027 122 859 998 153 863 1028 243 961 1220 75 977 1061 171 1126 1314 131 1290 1440 18 1316 1335 11 1458 1470 
25 161 65 243 84 76 171 273 87 394 159 104 288 107 196 318 117 198 338 95 304 411 255 401 684 218 497 732 61 545 614 8 550 559 54 621 680 231 656 908 126 669 810 15 674 691 63 721 788 162 914 1088 152 963 1132 131 1069 1212 100 1081 1191 87 1250 1348 153 1261 1421 220 1270 1532 157 1345 1521 130 1360 1508 
28 209 17 246 160 71 250 47 72 123 143 96 257 166 110 293 90 164 260 261 199 483 40 242 285 147 259 426 263 271 558 73 299 373 71 419 499 27 512 542 197 735 948 242 787 1062 65 804 882 254 825 1103 246 977 1268 66 1020 1093 237 1023 1280 117 1170 1304 186 1210 1402 5 1280 1286 33 1327 1364 34 1349 1386 146 1375 1533 57 1421 1486 62 1443 1512 
28 140 11 171 96 176 283 256 176 448 153 288 451 205 308 538 165 320 500 243 414 688 176 526 721 26 552 580 168 727 919 123 738 876 70 751 830 269 764 1047 121 884 1017 81 894 981 248 929 1204 38 997 1037 204 1024 1247 47 1034 1086 139 1034 1185 16 1053 1070 79 1109 1198 67 1203 1278 188 1274 1487 142 1282 1438 118 1298 1434 121 1360 1491 61 1465 1529 
27 260 25 315 260 38 333 204 87 320 192 113 322 204 122 338 255 179 469 23 220 246 118 418 544 238 469 738 187 611 814 70 689 767 252 742 1010 82 745 836 250 797 1073 123 898 1029 250 977 1245 201 1077 1300 122 1259 1396 136 1315 1463 57 1341 1405 71 1355 1434 34 1390 1427 102 1427 1542 3 1440 1444 55 1462 1525 36 1498 1538 11 1523 1535 
30 19 85 105 105 105 221 96 154 260 202 194 421 9 198 208 263 341 635 256 362 646 245 398 671 242 399 670 124 453 590 60 477 543 199 549 779 52 567 625 85 570 665 172 643 832 188 655 861 206 666 900 77 725 809 24 754 781 41 945 990 16 977 994 161 1026 1205 147 1027 1188 127 1039 1181 25 1268 1295 3 1344 1348 50 1356 1411 140 1371 1525 13 1482 1496 6 1526 1533 
27 63 23 94 172 106 297 31 106 141 230 144 392 52 174 231 164 293 474 97 405 510 16 418 435 125 420 554 137 481 637 169 534 722 153 541 709 33 594 631 146 652 820 250 655 944 198 657 878 18 666 686 54 842 903 133 895 1042 210 947 1189 213 1030 1267 239 1100 1360 38 1213 1254 114 1261 1385 203 1310 1540 78 1385 1469 34 1496 1534 
24 251 20 300 146 40 199 195 42 251 241 59 321 216 204 440 88 214 317 133 220 376 123 253 389 253 379 653 162 579 754 261 598 894 221 605 865 59 763 829 260 857 1143 64 872 942 223 925 1168 107 1149 1268 262 1163 1438 175 1212 1399 224 1216 1472 105 1329 1441 12 1396 1409 21 1420 1443 3 1489 1493 
