10 268
27 39 221 265 277 501 802 143 659 814 610 739 1435 504 803 1370 534 852 1438 364 917 1309 391 1008 1443 438 1132 1619 233 1247 1498 386 1401 1822 537 1516 2110 278 1709 2009 48 1820 1873 224 2031 2269 302 2090 2431 346 2252 2638 447 2820 3310 195 2830 3049 95 2834 2945 187 2835 3035 533 2864 3485 554 2873 3468 88 3001 3104 102 3039 3149 264 3113 3413 139 3378 3536 
27 485 289 875 101 401 518 663 431 1125 265 569 865 408 829 1302 286 961 1271 394 970 1397 528 1293 1877 641 1540 2245 538 1569 2144 64 1646 1713 377 1736 2170 148 1872 2036 221 1895 2140 35 2145 2183 331 2236 2611 418 2245 2741 122 2274 2415 162 2405 2590 438 2710 3187 410 2748 3210 158 2754 2923 232 2989 3245 87 2994 3086 80 3361 3448 89 3384 3481 48 3421 3472 
27 214 109 354 626 535 1236 379 607 1030 200 664 895 196 706 927 624 803 1479 71 1055 1130 156 1286 1462 66 1413 1490 321 1442 1790 305 1514 1861 39 1589 1634 381 1770 2178 363 1867 2267 93 1998 2106 367 2011 2407 119 2048 2174 309 2196 2544 86 2378 2478 237 2527 2792 441 2569 3044 579 2609 3244 144 2650 2814 589 2716 3372 404 2921 3397 416 2977 3432 122 3277 3407 
27 442 308 788 602 503 1163 71 725 803 363 1128 1527 451 1135 1602 554 1390 2031 153 1400 1567 160 1509 1686 332 1580 1952 139 1662 1812 227 1759 2019 13 1876 1890 276 1970 2270 440 2000 2493 477 2027 2553 336 2036 2405 386 2143 2574 492 2229 2801 455 2400 2896 213 2897 3150 460 3015 3523 390 3073 3507 163 3173 3354 104 3267 3386 41 3283 3328 51 3415 3469 100 3415 3528 
32 43 91 137 582 350 992 357 365 750 617 533 1195 252 552 816 69 612 688 350 613 1016 16 839 857 276 1050 1337 610 1123 1832 345 1220 1607 539 1346 1947 220 1516 1750 490 1569 2142 81 1673 1760 193 1875 2088 83 1889 1982 283 2119 2432 84 2152 2243 502 2209 2748 599 2434 3093 322 2452 2828 185 2548 2750 70 2584 2659 288 2645 2943 408 3029 3481 33 3301 3338 35 3360 3398 52 3410 3466 72 3447 3524 33 3467 3502 68 3471 3548 
20 487 62 602 319 96 458 379 200 608 454 532 1026 299 999 1332 634 1178 1880 150 1474 1646 266 1562 1873 606 1593 2273 595 1596 2229 489 1755 2281 393 1774 2213 151 1840 2003 525 1865 2458 543 1885 2489 182 2193 2404 333 2505 2887 280 2747 3035 464 2825 3338 377 2994 3435 
36 309 122 466 151 129 293 553 285 869 52 364 420 289 368 677 644 468 1178 124 509 648 151 562 727 7 566 574 223 617 859 519 638 1187 543 648 1239 506 792 1339 34 1045 1082 68 1045 1123 46 1244 1297 446 1301 1808 288 1353 1667 42 1388 1435 562 1598 2230 357 1881 2279 364 2083 2485 294 2379 2708 504 2385 2922 277 2417 2715 254 2490 2761 528 2519 3100 197 2656 2880 155 2764 2939 63 3061 3131 84 3078 3171 59 3158 3223 179 3204 3403 150 3277 3442 191 3307 3517 31 3432 3466 
22 474 157 697 607 197 881 192 1259 1472 134 1382 1532 205 1461 1689 364 1483 1896 383 1507 1934 445 1654 2154 456 1764 2302 76 1788 1871 407 1846 2303 261 2001 2306 479 2042 2581 383 2402 2823 564 2522 3153 193 2705 2917 560 2837 3467 236 2846 3112 113 2889 3017 65 3100 3173 51 3421 3479 2 3544 3547 
25 624 367 1069 30 381 414 503 628 1167 221 723 975 539 774 1368 18 1131 1150 555 1179 1798 426 1236 1690 140 1390 1545 362 1638 2045 363 1675 2087 107 1803 1922 522 1835 2439 559 1959 2583 386 1974 2393 457 2068 2577 638 2515 3222 157 2540 2711 353 2609 3014 359 2925 3315 293 2971 3305 425 3055 3525 66 3249 3321 6 3260 3267 5 3535 3541 
25 416 10 474 605 15 655 488 19 579 415 104 560 261 110 407 7 142 150 289 159 480 564 302 950 3 511 515 90 614 715 213 666 899 253 680 956 71 941 1022 228 1077 1339 407 1803 2278 117 1983 2111 558 2026 2640 289 2086 2408 257 2417 2715 222 2442 2689 522 2755 3319 348 2826 3219 452 3019 3507 223 3129 3376 202 3274 3497 
