10 116
15 188 284 572 114 1291 1448 28 1533 1576 217 1762 2130 27 2051 2116 354 2209 2753 369 2931 3699 422 3118 3756 292 3139 3517 6 3238 3247 110 3444 3663 135 3668 3935 144 3680 3947 13 3951 3975 5 3965 3971 
11 114 327 513 37 374 433 232 681 1059 394 915 1687 373 974 1638 547 1248 2039 32 1547 1606 131 1710 1920 162 2398 2695 58 3587 3674 166 3639 3928 
10 36 35 113 160 271 525 183 1626 1931 524 1943 2713 355 2194 2818 307 2454 3034 205 2461 2906 88 2901 3098 131 3145 3362 54 3369 3481 
11 243 63 556 304 398 961 230 700 1081 123 1182 1426 192 1789 2082 479 2168 2898 120 2253 2430 125 2703 2900 211 3283 3614 105 3391 3630 33 3485 3537 
10 546 89 873 184 138 480 117 846 1015 453 1543 2214 230 1886 2337 56 2018 2130 252 2067 2551 556 2427 3208 98 2597 2816 201 2727 3072 
9 179 540 795 409 869 1484 259 984 1371 304 987 1589 482 1138 1873 29 2348 2404 249 2624 3167 263 2692 3169 167 2862 3175 
15 269 184 572 89 550 732 199 1032 1381 260 1280 1648 58 1333 1490 268 1832 2226 99 2063 2211 4 2073 2078 195 2314 2607 374 2461 3147 136 3368 3612 30 3418 3462 178 3576 3918 118 3652 3837 92 3821 3943 
9 186 135 491 323 839 1559 16 1005 1030 460 1364 2078 436 1609 2208 301 1875 2360 395 2057 2786 508 2799 3455 39 3251 3304 
12 435 276 948 416 326 984 426 346 960 471 673 1203 98 1392 1599 116 1588 1771 467 2302 2944 39 2506 2552 394 2553 3315 400 3296 3911 41 3658 3738 108 3799 3968 
14 226 9 336 68 298 456 101 836 970 261 881 1205 106 1002 1172 410 1866 2612 102 1963 2162 282 2171 2566 252 2454 2911 183 2658 2927 146 2843 3046 156 3175 3483 261 3485 3912 6 3785 3792 
