10 439
37 55 25 88 498 29 585 647 77 831 572 84 735 420 261 755 189 343 557 394 374 819 620 379 1050 529 466 1059 198 518 734 502 921 1477 94 937 1039 482 1062 1580 469 1258 1772 542 1410 2017 623 1442 2135 26 1456 1485 498 1593 2157 260 1645 1933 460 1652 2156 658 2225 2951 507 2357 2895 445 2441 2945 459 2733 3229 711 2812 3607 502 2936 3515 230 2947 3203 423 3134 3608 488 3156 3695 741 3169 3992 155 3299 3464 141 3330 3485 379 3406 3834 331 3502 3867 195 3601 3826 134 3821 3970 9 4085 4095 
39 667 198 970 729 234 1027 489 261 787 248 261 544 487 348 887 268 519 821 424 674 1161 96 733 841 698 962 1746 236 965 1220 361 1006 1426 176 1020 1224 604 1041 1708 624 1133 1857 404 1218 1679 528 1267 1867 617 1577 2271 652 1599 2351 288 1724 2046 364 1734 2153 466 1789 2298 753 1851 2678 130 2029 2172 365 2194 2607 93 2273 2372 684 2353 3111 657 2371 3099 174 3111 3299 142 3251 3408 224 3418 3683 605 3472 4134 597 3494 4115 169 3498 3677 215 3563 3798 192 3614 3820 33 3980 4015 67 4006 4081 68 4070 4145 8 4125 4134 
44 543 45 653 458 143 666 93 143 248 583 357 1009 82 391 483 537 458 1082 696 673 1480 283 929 1241 561 936 1551 434 969 1453 64 1070 1142 296 1093 1406 47 1128 1181 186 1279 1491 719 1290 2062 503 1296 1818 474 1319 1817 205 1409 1635 400 1432 1878 713 1438 2231 658 1470 2215 202 1478 1711 577 1497 2142 117 1542 1673 124 1708 1849 682 1747 2475 86 1764 1858 346 1965 2346 456 2128 2634 313 2225 2568 25 2326 2354 187 2471 2677 343 2561 2937 756 2575 3382 732 2774 3584 338 3098 3471 360 3098 3515 378 3166 3579 307 3266 3612 308 3402 3735 205 3527 3756 509 3604 4155 36 3811 3850 12 3855 3868 
40 252 166 432 90 182 281 616 307 989 403 331 759 673 462 1208 738 547 1371 554 686 1326 499 708 1264 547 717 1322 672 738 1496 286 798 1118 422 834 1309 268 859 1158 93 1124 1221 484 1299 1847 409 1333 1789 29 1380 1412 320 1425 1773 117 1734 1868 454 1749 2247 549 1794 2410 358 1805 2196 681 2055 2803 135 2181 2328 567 2282 2914 723 2285 3081 274 2325 2628 622 2368 3067 765 2435 3260 304 2448 2774 464 2489 3024 499 2645 3186 6 3035 3042 632 3127 3823 227 3419 3668 464 3571 4098 471 3629 4150 108 3738 3859 12 3907 3920 91 4035 4135 
50 59 25 88 152 138 303 487 174 721 539 178 760 40 235 278 559 535 1149 49 575 628 530 633 1227 522 670 1257 468 677 1194 499 970 1537 87 986 1088 286 986 1300 127 1132 1272 323 1218 1580 34 1248 1284 295 1324 1664 607 1358 2041 6 1472 1479 557 1553 2171 528 1799 2392 678 1840 2616 569 2026 2644 50 2112 2166 683 2181 2917 632 2298 2999 161 2331 2505 553 2389 3003 83 2405 2495 60 2426 2494 535 2449 3044 401 2538 2994 269 2574 2871 289 2675 3004 683 2780 3516 709 2794 3562 49 3022 3076 394 3091 3535 58 3148 3214 277 3246 3544 180 3420 3625 28 3494 3525 359 3649 4061 190 3753 3961 91 3870 3971 173 3903 4090 83 4022 4111 60 4026 4095 35 4059 4097 30 4071 4104 
39 560 100 710 516 190 779 563 255 879 449 400 907 579 414 1080 672 471 1226 547 545 1165 376 582 989 705 1123 1881 681 1349 2089 396 1400 1835 582 1577 2200 645 1652 2366 215 1663 1897 454 1689 2179 710 1705 2480 557 1999 2644 275 2007 2308 15 2308 2324 283 2622 2948 245 2712 2980 513 2895 3489 65 2911 2982 705 3086 3903 772 3242 4073 526 3377 3946 308 3415 3740 439 3458 3944 508 3538 4080 212 3556 3796 311 3640 3996 130 3807 3948 124 3810 3961 29 3843 3876 214 3849 4088 205 3864 4093 112 3870 3996 80 4064 4152 25 4125 4153 
47 490 23 566 478 93 615 470 104 615 653 360 1078 46 400 452 307 406 752 190 464 668 716 478 1247 663 492 1219 22 829 854 42 890 936 388 892 1323 221 981 1232 458 1379 1903 427 1386 1846 243 1406 1681 109 1429 1547 433 1601 2083 281 1630 1928 235 1650 1897 743 1699 2524 96 1789 1895 28 1832 1863 689 1940 2688 414 2053 2527 88 2170 2270 416 2173 2617 631 2261 2952 262 2263 2549 390 2515 2961 678 2722 3491 508 2887 3443 763 2894 3707 261 2955 3246 361 2988 3383 622 3228 3943 317 3252 3607 457 3255 3774 203 3297 3532 16 3409 3426 299 3529 3864 130 3596 3735 218 3637 3882 160 3732 3914 81 4009 4096 75 4019 4103 5 4161 4167 
50 538 19 615 470 310 864 217 337 573 363 477 867 430 494 958 561 558 1175 653 598 1315 171 724 911 37 735 774 310 744 1073 489 751 1265 705 978 1776 167 1015 1195 138 1097 1252 645 1175 1872 13 1242 1256 21 1357 1381 311 1359 1702 468 1360 1884 663 1393 2112 127 1562 1700 489 1669 2213 53 1707 1768 459 1788 2298 453 1948 2481 638 2056 2730 734 2098 2918 248 2118 2390 426 2172 2626 18 2210 2230 597 2325 2989 48 2341 2393 712 2499 3313 416 2517 2955 440 2802 3299 166 2825 3006 621 2845 3516 170 3029 3216 769 3090 3910 647 3220 3927 496 3545 4102 231 3572 3829 36 3652 3692 36 3687 3726 227 3748 3999 107 4004 4123 36 4070 4111 41 4078 4124 37 4119 4159 19 4147 4167 
39 544 121 757 288 381 705 731 385 1169 485 442 964 392 946 1408 530 990 1608 367 994 1412 149 1006 1173 397 1197 1626 559 1252 1861 634 1536 2252 24 1607 1634 147 1749 1913 678 1850 2599 246 1895 2188 500 2015 2573 226 2029 2279 659 2066 2827 447 2100 2594 358 2280 2685 555 2341 2952 588 2381 3073 461 2402 2911 703 2474 3234 499 2506 3046 331 2658 3022 272 2992 3287 477 3032 3553 247 3086 3365 244 3108 3374 318 3115 3464 691 3164 3895 271 3385 3683 309 3634 3977 191 3711 3922 141 3794 3950 24 3925 3952 3 4038 4042 92 4053 4152 
54 230 61 317 116 89 216 305 101 428 198 138 354 97 282 391 142 306 466 411 364 815 164 416 598 535 430 1026 659 658 1433 343 707 1064 401 714 1158 268 893 1197 626 965 1697 740 1019 1817 439 1230 1745 37 1521 1560 253 1564 1840 685 1665 2411 255 1728 2010 613 1936 2631 310 2008 2361 601 2017 2709 296 2040 2355 171 2068 2265 330 2139 2492 151 2200 2359 447 2306 2805 4 2355 2360 97 2532 2641 201 2536 2766 118 2648 2777 264 2857 3157 447 2864 3337 260 3142 3442 116 3281 3408 403 3291 3729 470 3324 3854 479 3350 3881 462 3427 3925 274 3468 3771 343 3541 3918 397 3604 4069 372 3740 4124 160 3809 3987 82 3841 3934 227 3880 4130 140 4004 4155 56 4076 4137 39 4089 4131 38 4126 4167 12 4130 4143 6 4153 4160 2 4164 4167 
