15 289
19 23 17 50 130 20 193 11 40 56 229 278 562 196 333 605 67 340 417 111 361 530 156 416 606 203 509 792 59 530 609 214 605 875 16 746 766 227 758 1013 74 896 998 156 984 1230 79 1068 1184 5 1079 1085 53 1206 1270 28 1467 1498 
19 120 123 273 171 259 465 138 276 507 90 391 509 138 552 755 160 610 816 169 677 920 98 732 869 266 997 1320 66 1018 1094 169 1026 1218 124 1091 1248 151 1274 1478 23 1320 1351 39 1332 1388 38 1351 1393 11 1376 1389 43 1529 1598 33 1555 1597 
17 243 57 358 51 112 182 175 126 364 133 315 489 205 353 641 67 458 532 67 485 572 11 502 517 129 547 741 33 550 591 190 866 1137 86 1067 1194 124 1081 1251 117 1334 1498 47 1435 1503 73 1500 1600 70 1532 1619 
22 57 16 90 80 83 184 202 92 353 110 113 245 14 154 171 113 191 333 158 315 513 13 342 359 171 398 621 89 400 534 229 508 769 50 646 709 122 746 923 18 905 929 37 993 1037 236 1061 1372 120 1149 1316 79 1152 1256 87 1421 1538 121 1440 1606 96 1446 1577 2 1619 1622 
21 202 135 410 94 207 336 36 365 410 108 388 530 157 435 636 237 485 763 171 644 846 165 644 872 31 753 799 206 887 1140 75 941 1042 110 1017 1162 43 1070 1127 93 1071 1202 254 1110 1433 127 1129 1303 18 1165 1188 130 1369 1530 84 1400 1496 29 1500 1534 35 1561 1605 
26 4 13 18 78 22 139 201 154 402 43 325 383 172 341 562 24 391 423 23 397 425 48 404 468 5 522 528 34 533 585 75 538 630 73 555 650 161 845 1062 38 893 936 15 1062 1082 59 1100 1181 108 1115 1250 254 1221 1544 116 1271 1428 206 1287 1573 30 1340 1381 131 1362 1527 64 1484 1578 9 1511 1522 33 1547 1594 6 1598 1606 
23 110 0 179 159 73 290 46 209 261 88 238 347 23 280 309 196 385 660 95 492 613 4 519 524 126 555 724 46 656 717 91 692 828 22 897 929 30 994 1039 188 999 1272 165 1020 1216 205 1060 1347 163 1412 1607 47 1465 1524 28 1487 1520 39 1489 1550 60 1536 1615 9 1596 1609 5 1602 1608 
18 185 175 423 155 215 452 203 383 663 132 398 604 79 457 562 12 471 484 246 483 764 64 524 599 152 786 972 205 812 1081 71 874 966 89 885 989 155 906 1138 110 942 1097 44 1405 1470 43 1508 1580 7 1556 1565 6 1615 1622 
24 50 59 116 65 181 272 4 208 213 69 373 467 248 499 790 224 541 837 118 645 791 161 650 870 257 693 997 64 700 789 143 705 882 124 726 889 76 795 893 90 814 922 30 888 930 133 928 1108 134 969 1131 4 1158 1163 244 1224 1532 80 1398 1500 16 1476 1499 55 1523 1591 14 1536 1557 30 1577 1614 
17 207 96 390 121 147 304 40 158 213 247 292 575 224 332 628 63 397 484 9 456 468 127 465 634 82 602 699 206 704 985 170 769 991 235 899 1207 150 1118 1327 2 1155 1158 244 1220 1521 17 1555 1576 6 1570 1577 
20 154 113 305 33 176 218 201 240 513 97 245 371 26 330 366 75 387 483 20 411 437 15 515 535 174 544 791 64 688 791 116 689 845 157 974 1177 154 1104 1306 134 1154 1320 59 1262 1336 208 1317 1580 173 1344 1598 100 1393 1519 9 1421 1432 11 1575 1587 
17 130 136 282 144 149 356 222 233 531 121 332 485 98 393 531 145 425 642 45 581 644 219 600 902 213 637 923 57 719 802 134 869 1038 177 955 1205 15 1082 1102 42 1230 1285 15 1570 1591 20 1583 1607 12 1597 1611 
21 59 58 133 36 69 117 15 629 650 174 638 858 107 648 785 33 789 832 237 797 1093 111 829 977 172 884 1091 18 915 935 210 916 1210 138 955 1141 7 991 1000 48 993 1052 253 1103 1422 238 1129 1434 113 1135 1285 247 1254 1574 41 1481 1531 27 1579 1617 6 1615 1622 
14 71 33 131 87 134 262 193 401 684 89 441 560 74 495 591 227 676 951 91 719 848 170 721 934 154 943 1166 199 949 1239 256 959 1275 85 1066 1185 119 1372 1531 66 1535 1620 
11 242 14 318 225 239 552 246 387 708 167 588 822 161 605 842 20 680 703 145 685 862 193 689 970 143 736 935 161 983 1223 69 1300 1391 
