10 129
17 533 184 738 247 730 1007 81 1370 1460 132 1443 1580 122 1550 1683 353 1650 2031 77 1774 1859 425 1850 2353 298 1993 2331 381 2002 2422 247 2071 2352 148 2185 2341 133 2192 2335 76 2626 2707 61 2663 2729 217 2959 3208 96 3154 3263 
13 488 97 640 360 178 584 414 709 1155 16 1032 1050 533 1656 2251 393 2110 2552 68 2199 2269 169 2237 2421 163 2639 2821 392 2667 3102 28 2928 2958 103 2975 3086 40 2997 3040 
16 241 316 580 336 390 743 214 493 735 558 1031 1647 221 1041 1281 291 1396 1717 46 1649 1698 483 1731 2256 104 1949 2061 61 2115 2181 13 2228 2242 346 2851 3231 210 2944 3186 207 3008 3235 156 3009 3178 52 3081 3139 
10 436 84 566 282 915 1218 496 1162 1694 276 1312 1620 213 1354 1593 509 1877 2458 551 1920 2525 496 1953 2519 96 2176 2283 143 2502 2653 
12 529 86 657 380 1416 1821 505 1476 2031 203 1998 2221 512 2004 2580 138 2270 2427 51 2320 2376 329 2443 2798 229 2739 2996 194 2777 2987 91 2795 2897 247 2847 3116 
16 589 13 659 523 213 759 596 333 953 325 413 755 248 531 802 516 706 1256 234 1286 1545 99 1344 1454 355 1504 1887 179 1694 1890 390 1849 2258 515 2005 2574 80 2111 2196 248 2681 2950 16 3186 3203 7 3261 3269 
15 11 271 283 280 277 581 334 488 860 496 977 1514 128 1248 1386 377 1779 2196 301 1944 2276 557 2082 2689 77 2646 2730 443 2703 3186 100 2854 2963 46 2889 2939 153 2985 3154 161 2999 3176 12 3184 3197 
9 280 34 341 256 1632 1906 363 1945 2348 333 1984 2361 298 2067 2403 511 2151 2707 571 2269 2903 218 2864 3123 184 2929 3136 
12 123 273 401 289 317 644 565 346 983 305 607 932 408 813 1241 170 1255 1445 179 1383 1582 453 1421 1932 418 2414 2890 235 2588 2849 395 2691 3112 33 3162 3199 
9 490 60 618 566 331 981 444 473 944 382 671 1109 553 903 1497 64 959 1032 125 1682 1821 468 2484 2978 15 2993 3009 
