15 679
50 37 9 50 148 34 194 68 45 120 248 57 332 163 59 242 37 62 103 288 116 426 32 135 168 184 154 355 179 154 341 202 314 542 145 331 493 42 364 410 136 445 596 221 452 694 231 472 721 46 490 542 51 500 557 284 566 872 294 593 916 41 622 669 166 641 826 60 651 719 227 676 916 95 740 845 75 759 845 74 845 925 131 934 1082 79 943 1034 184 1041 1246 69 1042 1117 24 1057 1084 87 1097 1193 47 1143 1195 227 1147 1416 131 1188 1332 18 1191 1210 21 1233 1257 134 1257 1411 226 1266 1529 172 1274 1462 187 1312 1518 29 1377 1408 184 1405 1612 150 1414 1584 23 1464 1490 26 1484 1512 80 1527 1613 17 1596 1615 10 1605 1616 
43 127 21 163 137 124 285 171 169 356 137 208 370 217 210 454 279 248 561 158 300 472 201 388 609 245 396 665 68 410 485 256 447 732 78 474 560 220 567 815 161 573 750 248 586 855 158 657 834 132 705 851 223 716 952 176 883 1083 227 893 1151 65 905 979 158 915 1090 170 992 1170 241 997 1266 211 1011 1245 263 1017 1322 14 1110 1126 36 1112 1152 63 1154 1224 76 1167 1250 12 1177 1190 36 1206 1245 4 1254 1259 27 1386 1415 193 1403 1622 99 1423 1535 54 1425 1484 106 1446 1569 45 1475 1524 20 1478 1500 94 1498 1603 11 1530 1542 13 1574 1588 
54 79 37 121 169 76 271 182 124 319 94 157 258 128 171 309 36 183 223 243 278 541 88 299 397 238 328 575 182 396 593 270 404 700 272 452 748 98 492 599 314 497 820 97 512 618 80 529 619 69 529 607 269 570 877 182 705 902 105 775 884 61 781 851 72 798 878 133 826 978 275 833 1122 69 833 907 211 849 1084 25 872 898 221 913 1157 263 928 1225 84 951 1046 107 965 1078 190 965 1176 161 1005 1181 54 1014 1074 167 1045 1221 71 1195 1277 18 1201 1220 30 1239 1273 165 1245 1426 63 1326 1394 213 1331 1575 221 1347 1596 124 1353 1487 105 1375 1496 20 1383 1405 57 1394 1457 121 1424 1555 5 1440 1446 23 1467 1493 64 1545 1617 20 1570 1592 5 1590 1596 11 1601 1613 3 1607 1611 
45 80 7 94 59 43 109 279 54 368 270 78 386 11 134 146 84 146 237 61 168 237 44 190 240 122 205 340 137 222 376 114 317 447 89 361 459 110 424 545 185 428 638 207 441 668 194 444 675 176 461 658 278 536 839 22 671 695 44 672 722 226 734 980 206 741 962 55 911 975 200 928 1148 240 940 1208 163 985 1170 153 1040 1212 156 1062 1229 62 1083 1149 190 1107 1307 258 1118 1402 182 1134 1336 8 1159 1168 289 1197 1515 116 1198 1327 98 1224 1330 271 1236 1540 14 1289 1305 102 1364 1475 14 1381 1396 91 1392 1492 115 1393 1512 49 1539 1592 2 1558 1561 4 1590 1595 
40 153 3 180 256 9 302 155 10 180 32 36 71 282 38 350 151 116 285 154 223 388 260 301 603 144 403 560 279 492 802 228 510 762 113 557 682 283 597 916 215 614 846 64 638 710 222 693 929 213 703 926 189 821 1031 119 826 966 19 849 870 111 881 1002 17 906 924 191 944 1164 210 969 1196 94 976 1080 106 976 1089 205 993 1228 173 1085 1271 264 1095 1385 91 1122 1222 63 1201 1270 95 1210 1313 78 1292 1379 95 1308 1413 211 1334 1576 137 1469 1622 37 1553 1595 4 1564 1569 29 1581 1613 17 1586 1604 
49 300 10 328 9 83 93 66 113 188 180 137 332 85 147 245 295 284 603 130 316 462 29 326 358 68 360 437 214 393 623 15 407 423 300 413 727 213 425 666 16 433 450 184 476 680 46 573 622 289 601 907 157 630 806 108 723 840 269 764 1056 189 774 982 60 780 845 172 800 984 49 834 888 150 844 1008 87 852 947 253 872 1156 37 875 914 253 911 1212 77 945 1037 44 995 1043 138 1058 1210 79 1087 1175 64 1132 1204 247 1153 1428 185 1193 1392 181 1256 1456 159 1257 1427 248 1273 1548 133 1277 1423 186 1284 1481 56 1287 1347 156 1424 1597 8 1427 1436 144 1464 1616 69 1467 1544 119 1485 1616 30 1498 1531 44 1519 1567 
35 272 36 342 228 38 294 196 66 283 185 190 396 261 242 520 229 305 560 253 328 613 239 367 634 101 371 485 159 376 563 206 394 615 86 458 553 222 463 733 70 522 601 59 528 594 211 538 766 78 606 694 242 724 997 137 868 1020 4 889 894 83 992 1083 115 1001 1128 155 1013 1181 31 1037 1071 243 1052 1330 155 1055 1229 42 1105 1152 282 1128 1439 197 1143 1363 309 1144 1465 220 1207 1454 208 1368 1592 85 1403 1498 126 1425 1567 33 1514 1550 
46 77 4 88 234 46 316 4 64 69 280 64 374 133 81 229 180 120 325 33 154 190 266 177 486 96 250 355 153 257 422 209 335 562 68 349 423 243 395 674 29 417 448 110 547 669 240 554 818 108 599 715 46 603 653 65 618 690 73 639 723 61 697 766 285 876 1189 96 895 1001 200 904 1133 32 987 1020 154 1008 1177 130 1035 1180 72 1050 1129 113 1068 1195 210 1115 1344 107 1127 1245 38 1187 1231 151 1200 1371 268 1241 1537 202 1296 1513 193 1321 1537 189 1324 1548 77 1328 1411 148 1331 1495 13 1332 1346 186 1411 1620 131 1432 1579 12 1460 1473 49 1488 1543 41 1541 1584 7 1604 1612 
43 282 10 324 63 47 116 131 59 206 107 80 194 101 158 272 138 163 321 109 166 288 276 167 472 221 284 528 174 327 521 21 357 379 155 398 561 243 442 702 263 537 819 217 624 865 45 681 731 44 694 743 12 733 746 224 747 997 257 769 1057 195 803 1021 84 819 912 235 830 1087 3 933 937 128 937 1082 173 989 1187 118 1016 1140 288 1018 1324 202 1049 1265 10 1065 1076 94 1090 1195 241 1111 1366 7 1168 1176 136 1180 1332 222 1186 1438 275 1194 1498 113 1204 1333 189 1235 1445 62 1330 1398 212 1338 1572 124 1354 1486 25 1440 1467 3 1587 1591 
52 214 92 317 24 187 213 18 250 271 131 252 399 80 259 346 16 301 318 209 366 594 24 473 500 99 560 666 170 573 761 156 591 762 180 595 795 276 641 929 128 660 803 161 693 873 242 761 1025 69 776 853 89 786 881 249 791 1071 87 797 894 297 836 1149 57 838 905 14 861 876 285 880 1195 177 923 1112 90 936 1036 60 944 1012 65 944 1016 174 948 1145 93 951 1054 55 981 1041 168 1005 1184 84 1027 1124 122 1030 1162 198 1084 1300 167 1121 1310 203 1140 1363 262 1237 1534 230 1289 1550 122 1357 1491 98 1380 1492 55 1424 1484 82 1428 1518 84 1444 1535 31 1446 1479 28 1448 1479 90 1461 1565 126 1472 1618 62 1476 1545 39 1568 1612 14 1577 1592 20 1578 1601 
43 203 138 368 257 153 458 241 232 499 284 263 585 116 283 408 21 292 316 42 294 339 213 379 609 162 417 597 30 428 462 65 430 499 137 489 646 37 536 577 52 566 621 122 595 728 173 604 803 130 641 790 279 706 1013 60 809 877 171 819 1002 262 827 1105 256 845 1124 284 848 1164 54 857 917 10 901 912 189 917 1121 73 1014 1098 215 1032 1274 126 1051 1194 268 1144 1446 125 1170 1317 167 1171 1362 267 1174 1473 49 1321 1375 67 1337 1411 114 1417 1542 55 1421 1482 163 1428 1607 73 1453 1530 117 1477 1597 71 1489 1565 19 1500 1521 28 1532 1563 
48 193 0 216 272 16 330 101 17 129 18 22 42 63 82 151 11 95 107 27 108 137 234 141 392 232 194 453 105 238 353 33 248 283 137 266 412 253 267 558 184 268 478 17 269 287 281 301 602 179 315 527 184 335 551 57 421 487 57 563 626 178 566 770 290 595 919 38 642 685 57 720 782 62 730 796 23 738 764 56 785 844 113 872 993 197 961 1187 102 981 1094 47 994 1048 89 1003 1102 210 1038 1286 282 1262 1566 205 1262 1494 37 1288 1331 15 1307 1323 99 1347 1460 192 1379 1580 38 1381 1422 66 1419 1497 124 1420 1550 40 1433 1478 50 1514 1567 75 1514 1597 88 1516 1613 52 1538 1596 8 1604 1613 
45 116 33 161 44 53 101 103 231 343 256 255 548 36 309 349 165 314 498 46 385 435 132 441 591 71 449 528 130 496 642 41 508 552 206 547 778 51 604 660 3 643 647 237 652 915 240 676 963 13 710 724 248 768 1039 268 771 1068 243 809 1071 25 825 853 207 831 1061 19 845 865 281 871 1184 213 876 1124 37 926 965 53 974 1031 121 1038 1170 159 1066 1249 207 1067 1298 262 1121 1415 233 1134 1382 100 1145 1257 129 1186 1324 195 1223 1437 97 1297 1402 53 1303 1361 146 1340 1504 41 1370 1415 152 1448 1618 74 1469 1551 17 1525 1544 69 1540 1617 17 1586 1605 2 1619 1622 
39 235 33 298 261 127 422 101 130 241 217 138 377 256 175 464 53 187 245 172 210 400 275 215 518 193 227 441 209 242 476 269 252 538 88 344 444 275 344 652 70 367 448 258 378 677 277 379 687 224 386 637 48 398 453 205 399 612 271 491 789 194 749 970 164 772 961 11 810 822 199 829 1043 37 928 967 187 1057 1267 71 1069 1147 141 1131 1290 205 1201 1424 108 1216 1329 113 1227 1349 13 1239 1253 98 1301 1412 23 1330 1355 146 1340 1508 20 1477 1499 90 1491 1593 17 1540 1558 8 1563 1572 
47 211 4 231 84 47 136 78 52 138 133 56 201 55 66 127 87 94 188 122 105 236 275 128 432 199 177 394 213 219 456 282 273 581 234 280 538 4 340 345 158 385 559 227 447 688 33 456 491 65 462 534 239 490 753 88 500 599 35 511 550 9 529 539 90 553 649 289 553 869 284 687 1011 207 726 970 223 927 1178 41 989 1037 41 1122 1166 279 1127 1434 13 1136 1150 269 1227 1526 108 1228 1348 232 1230 1487 164 1311 1491 217 1333 1573 193 1348 1567 221 1350 1597 157 1396 1575 22 1408 1432 105 1422 1535 7 1435 1443 30 1457 1490 34 1467 1505 40 1489 1536 23 1495 1519 3 1617 1621 2 1619 1622 
