10 70
9 226 165 521 299 427 882 212 1824 2175 292 2379 2880 200 2856 3138 186 2992 3410 351 3094 3581 13 3124 3156 5 3714 3721 
4 212 193 520 283 644 1047 316 2571 3182 319 3017 3695 
8 378 1246 1771 83 1365 1487 265 1510 1940 344 1921 2629 13 1968 1984 204 2926 3242 361 3192 3695 41 3628 3691 
7 195 127 463 302 528 947 187 1414 1867 372 1451 2048 13 2237 2253 187 2382 2704 5 3708 3716 
8 464 26 750 276 395 775 263 657 1163 86 720 877 10 1246 1265 327 1674 2284 141 1869 2067 64 3504 3604 
7 152 49 343 92 133 312 111 1055 1262 168 2002 2325 99 2423 2581 367 2830 3538 340 2886 3405 
8 239 45 443 29 1029 1079 281 1330 1773 472 2302 3009 206 2510 2858 190 2514 2886 13 3342 3363 65 3524 3662 
7 367 59 730 335 130 726 360 1233 1810 76 1311 1471 128 1887 2114 80 2879 2994 139 3169 3423 
7 291 339 993 89 1755 1936 465 1800 2527 159 2349 2590 82 3446 3558 60 3582 3716 41 3608 3686 
5 172 597 1068 341 1437 2025 327 1539 2086 36 1820 1876 293 2600 3029 
