10 284
34 83 48 149 438 69 558 390 331 769 235 371 637 473 676 1186 287 720 1024 66 938 1011 297 948 1294 333 1012 1371 15 1078 1094 82 1354 1444 626 1373 2042 135 1494 1641 543 1625 2259 191 1634 1847 24 1662 1688 183 1902 2105 212 1939 2180 407 1966 2406 53 2138 2198 305 2435 2774 439 2494 2983 334 2494 2871 172 2524 2710 405 2576 3050 237 2720 2974 358 2932 3308 134 2997 3145 303 3047 3379 77 3060 3143 345 3076 3448 28 3173 3205 7 3325 3333 36 3400 3440 
34 412 55 548 367 165 574 135 169 328 11 340 352 186 352 550 243 482 744 409 587 1043 440 816 1284 35 903 942 169 979 1169 378 1025 1448 114 1035 1160 120 1361 1499 276 1467 1770 199 1496 1719 411 1553 1998 285 1563 1879 82 1862 1953 580 2004 2640 293 2062 2381 100 2170 2285 607 2189 2864 15 2208 2224 148 2299 2471 411 2400 2854 72 2504 2583 465 2669 3178 196 2822 3043 70 2873 2948 174 2922 3116 428 2944 3409 181 2960 3152 78 3347 3435 41 3385 3431 
24 89 781 880 525 797 1400 596 1061 1734 514 1141 1734 568 1222 1847 366 1501 1912 308 1539 1899 401 1607 2071 312 1873 2227 490 1875 2422 107 1891 2006 539 1922 2520 514 1944 2505 29 1945 1976 92 2290 2392 211 2481 2723 240 2499 2759 264 2667 2957 4 2785 2790 170 2954 3142 161 3021 3195 278 3113 3432 174 3196 3394 151 3216 3388 
37 64 77 146 192 99 307 378 109 537 166 191 372 69 245 318 66 269 343 400 451 906 567 486 1121 242 492 760 454 495 990 336 498 887 580 507 1137 146 552 719 335 667 1031 503 689 1244 144 796 952 24 855 880 586 1111 1728 153 1251 1408 8 1496 1505 88 1577 1668 364 1701 2099 389 1772 2210 81 1994 2082 8 2117 2126 453 2154 2660 347 2370 2751 136 2467 2618 80 2542 2629 106 2810 2929 484 2847 3377 50 2900 2955 84 3062 3154 89 3091 3184 213 3204 3428 164 3213 3396 121 3318 3452 
24 102 50 164 502 111 644 250 183 451 591 598 1255 444 976 1482 365 1125 1526 601 1221 1900 37 1361 1401 226 1400 1646 373 1533 1934 80 1538 1631 560 1785 2398 352 1803 2196 508 1942 2508 393 2042 2467 214 2101 2350 111 2255 2384 545 2320 2956 374 2464 2863 210 2484 2732 344 2999 3399 208 3146 3378 152 3229 3398 149 3273 3447 
27 208 97 329 381 132 548 102 243 354 460 426 939 358 575 998 160 700 872 234 1323 1579 457 1364 1878 590 1471 2159 101 1475 1589 115 1577 1699 453 1585 2110 305 1840 2178 546 1880 2463 50 2407 2462 531 2525 3086 404 2557 3012 375 2594 3026 286 2674 2983 307 2732 3077 200 2742 2970 360 2842 3257 178 3157 3357 210 3173 3404 44 3241 3289 18 3324 3343 11 3425 3437 
22 421 214 681 582 400 1030 513 576 1153 210 993 1227 293 1142 1454 428 1315 1780 568 1399 2037 492 1631 2170 179 1717 1908 494 1782 2332 522 1823 2420 355 1966 2355 241 2157 2419 82 2352 2443 494 2420 2972 444 2463 2969 578 2534 3199 368 2734 3126 511 2871 3427 326 3059 3443 177 3251 3440 27 3398 3428 
28 542 68 705 528 73 661 449 85 588 483 383 934 428 515 1017 114 656 779 536 699 1300 302 708 1047 233 1173 1433 343 1352 1723 232 1475 1745 148 1532 1697 157 1630 1811 67 1825 1897 74 1880 1962 127 1957 2096 192 2062 2276 291 2165 2466 381 2755 3184 295 2799 3136 340 2884 3264 160 2913 3085 167 3019 3209 213 3089 3327 58 3259 3320 19 3345 3365 73 3350 3429 86 3353 3447 
28 625 180 845 43 181 228 225 472 717 341 492 859 89 564 662 451 784 1301 401 831 1271 411 1020 1452 98 1112 1225 323 1312 1655 197 1387 1615 560 1457 2087 102 1515 1630 257 1657 1948 558 1694 2357 219 2018 2264 217 2187 2415 174 2225 2418 601 2321 2992 399 2358 2814 121 2722 2858 285 2723 3046 262 2728 3041 286 2793 3111 213 2850 3088 129 3016 3161 21 3283 3306 4 3442 3447 
26 529 132 743 218 285 524 55 353 413 345 476 871 445 673 1172 499 985 1541 474 1010 1513 225 1072 1317 427 1137 1633 185 1170 1378 515 1186 1764 324 1565 1921 575 1953 2603 115 1970 2097 78 2009 2095 175 2030 2222 607 2052 2728 492 2144 2719 92 2238 2343 365 2558 2964 145 2602 2761 37 2985 3023 185 3170 3371 33 3295 3330 23 3385 3412 48 3386 3437 
