10 119
14 383 142 629 125 324 486 398 531 1007 125 776 922 464 814 1418 176 1007 1252 96 1272 1376 54 1860 1926 195 2153 2409 73 2157 2247 508 2536 3203 20 2552 2582 227 2571 2937 59 3095 3163 
10 236 68 356 123 188 370 30 389 430 576 410 1091 39 743 799 520 1491 2186 347 1644 2166 423 1723 2328 93 2300 2419 145 3258 3461 
12 273 274 617 171 340 546 429 798 1390 175 1007 1258 185 1732 1983 197 1885 2148 36 2491 2536 329 2538 2985 154 2652 2839 289 2734 3092 206 2837 3115 156 2848 3053 
14 112 159 335 428 258 790 581 669 1377 186 817 1053 39 862 927 83 904 1012 109 1152 1294 80 1336 1435 225 1590 1895 440 1981 2560 78 2062 2159 235 2633 2925 129 2752 2912 449 2916 3526 
20 112 155 287 27 309 341 152 890 1079 522 1039 1739 336 1206 1677 386 1232 1705 53 1332 1402 265 1625 1973 307 1666 2046 301 2090 2487 2 2175 2178 34 2294 2336 13 2406 2422 404 2606 3082 31 2920 2967 148 2978 3200 220 2992 3252 18 3014 3037 94 3228 3348 37 3464 3510 
11 332 1055 1536 224 1392 1715 139 1506 1669 195 1533 1779 125 1788 1940 148 1950 2131 460 2160 2839 472 2446 3075 341 2662 3085 205 2794 3075 53 3455 3533 
10 349 273 807 62 720 799 163 912 1175 3 1674 1678 417 2172 2736 470 2472 3098 78 2574 2667 274 2683 3033 283 2887 3319 208 3026 3281 
8 183 214 444 417 632 1179 450 693 1259 524 891 1594 435 1327 1892 197 1547 1817 225 2628 2946 334 2632 3128 
10 242 394 692 535 426 1105 101 583 720 223 1557 1901 307 1704 2095 405 1811 2368 444 1830 2433 45 2447 2507 270 2627 2984 77 3326 3421 
10 512 356 1047 390 380 890 273 433 841 14 983 1001 262 1072 1385 466 1253 1816 483 1691 2320 130 2431 2594 109 2483 2627 264 2961 3342 
