10 282
29 91 19 116 131 105 247 591 184 829 512 215 781 589 337 1036 134 744 893 277 789 1091 56 824 887 159 1089 1262 400 1310 1751 126 1532 1671 340 1538 1918 486 1650 2201 151 1669 1838 247 1977 2245 194 2028 2257 86 2039 2133 273 2155 2448 322 2178 2539 462 2227 2746 104 2349 2461 124 2366 2502 517 2534 3104 462 2580 3086 277 2998 3309 305 3182 3505 95 3406 3511 28 3411 3441 87 3418 3515 
30 171 24 228 112 218 344 134 233 380 117 256 381 406 256 709 577 478 1147 590 643 1280 152 671 848 90 693 791 255 717 996 120 889 1021 275 1040 1347 341 1278 1660 378 1287 1690 222 1656 1910 381 1679 2114 101 1766 1875 317 1817 2167 507 2023 2575 4 2065 2070 243 2249 2517 408 2366 2828 210 2438 2664 147 2578 2737 428 2726 3182 216 2814 3047 141 2853 3006 326 2911 3285 227 3136 3388 11 3524 3536 
24 568 162 769 235 252 518 589 254 906 650 376 1078 38 521 563 279 535 863 531 622 1223 140 768 920 572 823 1468 366 861 1289 580 1080 1734 358 1090 1484 70 1135 1211 80 1308 1396 345 1352 1738 360 1851 2238 507 1872 2432 441 2010 2495 405 2282 2734 91 2528 2627 181 2617 2817 79 3226 3314 9 3459 3469 15 3506 3522 
25 529 130 716 588 532 1208 450 689 1184 66 780 853 363 943 1360 659 1087 1792 471 1098 1646 334 1275 1636 329 1308 1673 494 1337 1886 393 1344 1762 483 1433 1954 193 1648 1858 14 1892 1907 119 2078 2210 134 2249 2391 354 2309 2695 90 2505 2605 324 2614 2994 594 2626 3265 231 2960 3204 245 2978 3242 373 3085 3494 91 3186 3286 55 3355 3416 
35 425 105 592 121 151 284 603 281 966 97 295 403 62 303 370 6 409 416 57 449 512 84 878 974 177 1023 1222 289 1190 1514 280 1349 1647 625 1351 2026 459 1370 1869 485 1474 2007 177 1492 1692 235 1674 1932 246 1676 1953 394 1876 2312 285 1884 2190 172 1935 2131 391 1965 2396 241 1980 2235 233 2120 2372 67 2211 2282 60 2446 2512 249 2900 3191 270 2987 3289 465 3007 3513 141 3238 3397 130 3330 3474 161 3345 3513 121 3350 3489 39 3395 3439 39 3403 3443 32 3502 3536 
26 442 96 602 490 117 675 18 295 314 433 359 839 150 461 626 571 500 1134 32 508 544 448 644 1138 55 656 718 341 764 1125 457 1470 2006 232 1540 1798 304 1559 1897 315 1826 2172 147 2019 2189 63 2057 2129 598 2306 2989 12 2319 2332 136 2427 2582 371 2517 2927 192 2702 2914 209 2752 2986 536 2793 3383 354 3038 3443 66 3042 3111 100 3108 3216 
36 279 25 327 211 51 292 131 56 206 309 297 640 506 334 881 217 343 582 163 402 581 102 588 702 43 662 712 106 908 1023 589 923 1547 75 963 1046 390 986 1415 80 1031 1121 217 1047 1286 202 1187 1427 492 1242 1770 571 1472 2098 95 1494 1595 4 1527 1532 55 1552 1611 580 1813 2428 231 1817 2071 293 2114 2438 295 2143 2470 150 2175 2340 524 2217 2816 96 2279 2385 169 2349 2530 291 2550 2875 435 2764 3245 198 3039 3268 52 3040 3095 156 3180 3353 3 3413 3417 79 3431 3520 
30 210 389 623 386 672 1105 172 1045 1225 255 1080 1364 85 1624 1723 208 1659 1887 620 1690 2380 524 1786 2354 436 1892 2370 286 1895 2215 25 1923 1951 135 2007 2158 222 2009 2248 535 2012 2607 529 2052 2656 335 2116 2498 456 2282 2779 51 2384 2440 28 2677 2708 318 2709 3071 611 2848 3509 274 2889 3197 57 3016 3080 69 3081 3158 188 3098 3311 101 3234 3344 39 3245 3289 58 3286 3351 142 3291 3460 112 3292 3415 
25 372 27 433 438 109 599 411 349 784 372 472 893 311 538 875 421 630 1078 205 656 886 455 1043 1602 160 1122 1307 246 1208 1486 434 1268 1757 58 1273 1338 348 1691 2068 268 2018 2321 519 2027 2609 204 2157 2384 427 2307 2788 164 2324 2500 164 2453 2630 217 2555 2813 472 2636 3168 42 2702 2749 141 3252 3408 94 3329 3437 29 3493 3524 
22 460 53 541 120 70 205 298 189 517 587 398 1067 408 728 1186 232 865 1121 268 1247 1536 313 1275 1618 293 1308 1639 209 1428 1669 544 1668 2312 133 1678 1824 229 2150 2405 575 2471 3117 179 2683 2893 608 2696 3376 332 2849 3229 365 3061 3484 217 3153 3397 247 3218 3487 20 3511 3532 2 3532 3535 
