10 457
52 534 37 634 105 39 147 187 143 350 20 158 181 165 209 389 173 296 485 138 322 479 708 351 1146 211 359 592 238 755 1015 169 803 995 326 995 1360 188 1104 1316 678 1122 1881 127 1230 1370 324 1290 1648 584 1290 1944 491 1310 1847 79 1405 1489 196 1440 1661 531 1464 2069 511 1613 2183 37 1640 1683 89 1655 1756 416 1670 2131 322 1768 2131 660 1808 2526 173 2002 2195 616 2087 2787 200 2093 2319 261 2110 2412 161 2206 2383 242 2257 2521 426 2410 2883 450 2501 3003 101 2538 2643 263 2691 2981 189 2714 2928 549 2719 3313 372 2766 3156 38 2908 2950 243 2943 3210 60 3031 3098 593 3100 3750 57 3125 3187 486 3404 3923 275 3583 3904 149 3678 3840 80 3701 3789 219 3702 3938 21 3820 3843 20 3935 3957 
37 335 302 678 179 311 505 634 333 1060 484 444 982 467 459 962 456 464 979 83 519 609 590 681 1364 119 693 820 334 913 1312 475 939 1484 107 1500 1615 52 1621 1677 629 1851 2550 413 1866 2307 207 1954 2183 560 2026 2691 640 2135 2807 166 2185 2370 328 2361 2734 90 2391 2489 138 2403 2558 445 2490 2990 142 2726 2886 373 2792 3218 471 2855 3380 533 2861 3461 409 2921 3369 665 2966 3753 699 2974 3735 253 3029 3304 715 3166 3957 576 3225 3885 29 3593 3624 65 3630 3701 194 3653 3870 42 3737 3783 
44 331 141 490 174 286 483 276 477 788 356 487 907 138 530 680 47 660 713 599 718 1377 319 770 1128 109 797 917 381 901 1332 408 947 1399 152 1105 1284 151 1184 1352 233 1280 1539 383 1391 1812 117 1403 1531 471 1586 2090 354 1620 2027 471 1781 2314 458 2109 2603 461 2183 2708 305 2184 2519 363 2296 2683 256 2329 2613 11 2346 2358 413 2427 2885 222 2474 2722 188 2542 2749 566 2598 3233 687 2670 3405 663 2714 3431 25 2950 2977 458 2952 3476 537 2989 3607 532 3082 3700 21 3096 3118 596 3110 3778 622 3166 3834 419 3257 3723 370 3273 3661 450 3399 3886 160 3576 3760 100 3696 3803 74 3894 3977 
50 294 332 638 608 555 1234 721 606 1392 217 715 948 534 900 1481 309 907 1264 434 938 1424 43 998 1045 270 1187 1489 623 1187 1842 263 1200 1480 413 1290 1752 432 1430 1918 142 1457 1611 136 1579 1725 449 1620 2108 33 1741 1777 136 1765 1920 172 1912 2103 276 1915 2217 333 1952 2326 409 2051 2516 213 2190 2424 301 2194 2535 477 2223 2783 665 2266 3022 142 2586 2738 705 2702 3446 438 2718 3200 383 2768 3200 187 2816 3028 435 2889 3388 403 3047 3500 124 3179 3318 388 3189 3640 129 3299 3440 325 3367 3732 132 3403 3557 374 3468 3875 433 3475 3943 298 3517 3859 279 3605 3914 82 3613 3706 159 3802 3980 8 3805 3814 64 3810 3876 89 3820 3915 55 3852 3914 33 3907 3944 29 3920 3952 
44 655 217 952 240 363 639 423 463 927 620 541 1227 244 824 1091 371 869 1287 57 999 1063 607 1042 1691 302 1412 1746 237 1683 1943 598 1699 2354 631 1712 2421 173 1750 1951 51 1829 1884 322 1911 2269 709 1916 2712 705 1931 2714 610 2055 2717 674 2137 2902 321 2260 2617 377 2301 2731 601 2413 3069 450 2448 2929 78 2633 2718 252 2664 2950 136 2700 2848 115 2723 2858 27 2736 2765 60 2849 2917 602 2961 3609 118 3003 3133 26 3037 3065 162 3084 3255 89 3113 3213 411 3157 3624 82 3228 3322 586 3294 3962 240 3310 3581 414 3447 3897 26 3490 3519 320 3589 3965 208 3683 3912 15 3702 3718 62 3857 3927 
50 704 34 777 56 93 155 147 101 263 56 490 551 22 622 646 100 655 768 77 935 1026 100 1106 1213 693 1195 1946 494 1224 1772 582 1311 1960 127 1322 1468 454 1418 1929 635 1431 2142 647 1469 2183 66 1478 1551 624 1609 2276 114 1661 1794 565 1697 2332 652 2030 2789 444 2054 2545 20 2056 2077 310 2092 2436 726 2096 2880 189 2349 2566 72 2425 2504 629 2450 3172 136 2651 2803 166 2822 2996 608 2830 3512 275 2842 3143 148 2860 3029 495 3035 3616 479 3067 3602 87 3151 3251 79 3275 3363 128 3282 3425 379 3334 3754 380 3351 3751 116 3359 3487 136 3550 3703 319 3612 3973 261 3618 3904 212 3662 3889 211 3664 3898 109 3665 3783 66 3781 3850 46 3883 3937 36 3892 3933 9 3969 3979 
43 516 105 677 354 185 576 154 206 378 5 245 251 641 391 1116 55 476 539 650 561 1323 365 581 989 352 614 989 177 629 827 85 696 795 157 735 905 311 736 1071 540 870 1471 13 951 965 646 1182 1880 203 1389 1614 435 1406 1887 576 1529 2184 432 1737 2228 573 1979 2609 519 2084 2666 227 2097 2347 478 2117 2668 207 2220 2443 171 2239 2433 199 2466 2692 443 2505 2973 707 2614 3405 493 2700 3223 99 2808 2921 159 2867 3042 442 2917 3442 137 2972 3122 648 3146 3887 306 3233 3583 185 3306 3513 323 3352 3712 67 3529 3607 281 3644 3962 16 3891 3908 8 3957 3966 3 3975 3979 
49 105 11 129 623 14 704 308 58 404 201 148 360 376 172 587 16 177 195 37 222 263 348 326 742 18 391 411 502 494 1070 74 557 641 260 588 877 109 654 774 379 740 1176 415 780 1236 362 1022 1427 301 1067 1404 73 1152 1236 128 1254 1398 676 1322 2053 108 1336 1454 202 1383 1609 337 1449 1819 133 1510 1660 183 1604 1810 646 1753 2456 599 1803 2479 474 1847 2373 589 2325 2957 107 2393 2521 491 2445 2976 47 2573 2627 533 2650 3225 502 2653 3216 229 2715 2970 284 2749 3058 414 2788 3248 411 2842 3306 464 2904 3402 394 3040 3483 246 3239 3513 85 3287 3383 470 3305 3828 393 3339 3766 344 3352 3733 39 3472 3515 185 3635 3838 17 3849 3867 24 3891 3917 
44 631 9 685 487 233 762 380 265 682 213 379 618 675 381 1112 242 468 733 396 552 997 318 706 1057 81 722 813 397 852 1302 678 858 1608 410 1046 1516 286 1177 1485 180 1186 1394 43 1200 1249 70 1313 1390 529 1399 2008 677 1486 2276 133 1536 1678 260 1634 1921 362 1649 2052 636 1832 2521 243 2105 2359 210 2269 2488 364 2424 2828 184 2434 2656 349 2523 2907 721 2558 3334 442 2560 3029 283 2623 2936 506 2674 3234 66 2685 2759 96 2906 3014 273 2917 3216 171 3041 3229 568 3052 3711 339 3193 3571 470 3202 3712 416 3250 3721 177 3295 3492 51 3565 3621 208 3571 3813 179 3695 3888 129 3817 3967 
44 492 135 687 237 271 531 331 414 780 520 426 990 111 500 619 686 518 1266 526 749 1309 541 842 1440 111 876 1000 605 967 1642 135 1008 1150 196 1055 1254 2 1374 1377 610 1427 2111 563 1460 2092 213 1464 1704 685 1569 2314 282 1583 1880 35 1807 1847 29 2005 2036 398 2109 2547 309 2116 2460 28 2136 2167 89 2143 2238 562 2222 2828 668 2242 2994 690 2249 3039 498 2379 2926 366 2574 2999 681 2698 3416 458 2753 3256 385 2861 3294 96 2923 3029 333 2933 3290 617 3020 3697 608 3156 3837 256 3232 3523 247 3232 3521 83 3392 3483 147 3547 3709 192 3584 3799 33 3608 3644 64 3652 3723 189 3718 3930 
