10 292
34 87 49 145 126 211 354 110 249 375 235 461 715 576 486 1093 370 546 965 59 555 621 100 735 844 132 777 916 569 836 1471 148 917 1083 146 1126 1288 392 1236 1685 420 1277 1734 306 1462 1810 79 1463 1551 140 1629 1782 308 1666 2004 21 1730 1753 393 1867 2310 310 1874 2221 261 1952 2242 267 2049 2331 616 2223 2895 308 2677 3012 408 2758 3206 501 2865 3410 333 2980 3340 303 3056 3393 237 3111 3377 250 3275 3552 245 3284 3547 208 3314 3545 10 3404 3415 
29 88 57 159 220 110 351 605 127 829 186 136 339 401 143 584 321 298 661 392 305 734 495 399 926 322 465 849 24 529 555 142 889 1051 603 946 1624 566 964 1586 200 1328 1544 576 1401 2061 499 1574 2098 24 1955 1981 194 1991 2224 70 2285 2365 78 2571 2656 228 2787 3035 212 2874 3101 8 2890 2899 549 2920 3547 218 3154 3401 201 3154 3374 89 3197 3297 203 3267 3494 20 3331 3354 
29 41 10 57 457 13 544 190 33 247 298 183 537 76 346 434 44 382 433 159 388 564 560 401 1038 135 487 637 328 524 894 333 545 923 185 824 1030 498 835 1402 317 836 1191 54 1702 1762 33 1727 1764 614 1854 2533 184 2153 2364 88 2295 2394 186 2514 2719 454 2537 3048 303 2591 2938 373 2993 3400 111 2994 3113 417 3005 3459 308 3043 3390 161 3191 3368 144 3382 3540 37 3497 3538 
29 326 14 389 367 33 454 88 44 140 208 153 388 489 401 936 203 561 784 439 626 1097 404 681 1148 105 818 934 191 901 1120 278 1011 1327 299 1393 1728 456 1425 1935 380 1461 1896 474 1510 2053 364 1520 1936 180 1618 1834 388 1648 2052 235 1967 2231 101 2014 2129 389 2140 2564 341 2188 2575 201 2985 3211 454 3015 3512 101 3244 3353 51 3248 3305 38 3373 3417 9 3467 3477 9 3534 3544 
29 348 102 475 137 142 293 331 173 534 631 204 887 280 255 566 410 370 832 14 552 567 3 570 574 449 585 1089 525 827 1433 245 998 1273 610 1123 1809 23 1165 1190 295 1230 1549 206 1380 1617 629 1587 2284 618 1791 2478 598 1974 2621 61 2105 2169 24 2207 2232 243 2321 2603 68 2391 2464 466 2690 3219 444 2782 3265 72 2818 2894 61 2896 2963 78 2958 3046 177 2966 3155 166 3030 3209 
31 49 23 75 521 71 622 176 130 322 415 286 750 507 324 904 291 375 692 7 397 405 59 419 485 361 779 1181 389 866 1303 16 1011 1028 444 1141 1650 105 1294 1412 276 1332 1644 477 1470 2010 67 1508 1583 314 1708 2061 118 1726 1861 298 1775 2110 468 1823 2313 114 2180 2303 144 2286 2446 472 2357 2893 388 2432 2869 325 2551 2925 93 2785 2890 36 2786 2825 341 2810 3194 368 2907 3320 137 2994 3145 33 3358 3393 
22 345 158 556 243 200 476 299 383 717 329 492 862 512 537 1114 587 823 1472 587 871 1545 117 903 1032 563 1069 1700 360 1278 1691 83 1307 1401 551 1699 2293 609 2169 2852 392 2226 2655 64 2384 2455 87 2501 2598 550 2536 3174 28 2673 2705 141 2933 3092 481 2978 3525 71 3130 3208 178 3331 3526 
28 182 33 231 347 109 481 142 221 381 553 326 918 510 509 1068 415 549 1029 458 568 1079 10 840 851 461 986 1521 76 1104 1187 550 1138 1750 428 1166 1624 116 1178 1307 560 1888 2482 283 2135 2436 81 2273 2364 503 2317 2877 319 2456 2804 368 2533 2929 410 2649 3120 314 2744 3100 17 2750 2768 553 2764 3371 326 2983 3341 425 3000 3466 294 3184 3501 203 3273 3495 234 3294 3551 
31 48 157 209 119 343 475 448 444 939 40 455 498 379 565 1001 448 728 1234 106 824 941 213 1030 1267 197 1039 1262 83 1078 1168 382 1090 1519 51 1296 1350 518 1297 1875 333 1393 1771 246 1464 1735 419 2025 2471 547 2044 2655 288 2236 2554 161 2457 2631 372 2465 2867 275 2607 2909 422 2611 3075 549 2780 3397 511 2962 3549 335 3060 3425 147 3182 3346 70 3186 3261 170 3308 3505 86 3424 3520 70 3464 3542 24 3500 3527 
30 5 195 201 509 311 889 498 489 1013 21 531 554 497 542 1085 319 565 925 266 683 974 234 722 985 63 762 831 208 784 1022 282 808 1126 44 813 863 439 1132 1610 507 1137 1699 4 1166 1171 354 1283 1661 112 1418 1542 600 1588 2242 170 1679 1865 350 1719 2099 512 1735 2298 399 1829 2284 208 1932 2167 155 2349 2514 408 2490 2938 500 2491 3043 308 2830 3182 164 3187 3372 161 3240 3424 174 3318 3521 
