15 65
5 42 24 75 157 195 418 142 237 427 131 448 614 31 495 534 
4 141 6 176 178 69 318 10 771 784 96 807 949 
6 43 63 114 155 415 614 28 855 887 57 1103 1184 79 1125 1231 41 1181 1235 
7 50 100 161 23 136 168 15 275 295 48 481 546 16 509 531 178 740 969 82 1130 1236 
4 120 28 188 118 144 295 72 759 850 169 769 974 
5 194 17 240 90 784 913 74 952 1060 118 1093 1233 3 1268 1272 
5 35 22 67 142 117 306 101 384 527 65 483 566 11 1221 1234 
6 22 197 224 202 293 547 41 313 370 144 918 1120 45 1080 1135 35 1094 1142 
2 128 863 1047 181 967 1220 
4 112 43 190 112 571 726 113 860 1011 68 871 978 
3 120 726 890 140 753 951 136 840 993 
3 35 171 208 158 267 475 164 392 622 
2 121 123 306 182 946 1200 
4 65 21 106 123 481 659 100 698 825 59 1086 1160 
5 100 142 275 168 687 900 4 725 730 63 1017 1105 140 1038 1221 
