10 180
17 418 255 826 97 754 898 443 925 1474 25 1363 1398 229 1460 1815 72 1884 1978 488 1902 2475 335 2473 2955 216 2575 2866 283 2803 3233 307 2860 3282 581 2941 3735 113 3019 3166 196 3068 3363 377 3111 3614 280 3568 3959 3 4074 4078 
20 381 6 496 375 13 501 276 80 416 61 234 319 39 239 288 334 245 702 14 883 901 585 887 1695 99 934 1061 588 1117 1915 328 1284 1676 457 1337 1887 97 1610 1744 31 1754 1801 368 1760 2334 178 1931 2187 284 2070 2418 127 3295 3471 331 3450 3837 230 3483 3773 
26 339 315 726 292 339 700 31 693 729 677 739 1467 437 783 1313 352 933 1379 330 1084 1537 417 1130 1648 472 1262 1925 461 1309 1860 76 1751 1851 262 2461 2811 502 2492 3136 339 2509 2898 475 2516 3180 241 2820 3137 172 3062 3282 40 3403 3456 422 3455 3964 249 3479 3761 8 3739 3749 7 3752 3761 20 3898 3925 53 4009 4082 18 4032 4055 2 4090 4093 
14 237 168 465 141 185 357 564 497 1260 431 1207 1795 546 1231 1937 554 1770 2534 412 2085 2613 328 2101 2561 248 2285 2655 622 2906 3622 165 3016 3215 408 3066 3668 359 3233 3720 170 3362 3601 
13 243 6 307 484 139 778 485 146 741 496 738 1334 475 888 1580 640 1271 2010 295 1627 2032 543 1907 2669 201 1990 2332 444 2280 2852 420 2493 3006 418 2680 3241 486 3234 3890 
18 649 58 826 532 121 858 496 594 1219 77 657 751 155 916 1114 16 1203 1223 316 1834 2282 35 1929 1979 491 2114 2710 571 2350 3052 418 2368 2969 392 3383 3892 110 3498 3652 413 3508 4063 264 3659 3997 163 3675 3865 284 3686 4067 25 4012 4042 
22 101 371 509 35 407 454 59 765 851 328 843 1313 393 1069 1616 55 1339 1406 36 1408 1453 405 1508 2085 523 1542 2185 127 1597 1758 596 1930 2719 122 2068 2239 525 2293 3088 282 2449 2789 349 2545 2941 209 2802 3057 136 2860 3055 12 3232 3248 551 3274 3911 176 3805 4047 15 3927 3948 61 4005 4086 
15 314 562 995 469 564 1166 76 692 816 300 1159 1583 504 1218 1959 339 1317 1759 432 1396 1910 571 1405 2136 68 2532 2626 606 2716 3461 251 2975 3370 410 3111 3703 35 3168 3220 124 3794 3972 59 3896 3975 
18 67 186 257 471 625 1224 277 1324 1698 372 1454 1946 81 1503 1600 201 1515 1795 420 1678 2244 58 1716 1793 673 1753 2558 503 1857 2464 121 1874 2038 289 2443 2804 487 2461 3173 228 2485 2818 333 2512 2921 301 2767 3224 377 3279 3769 116 3536 3722 
17 148 423 638 714 444 1259 163 532 718 113 1276 1469 387 1542 2036 571 1758 2492 72 1970 2060 293 2037 2420 387 2204 2750 619 2592 3389 203 2599 2881 580 2763 3462 377 2882 3379 551 3236 3998 124 3357 3515 295 3519 3862 4 3896 3901 
