15 165
9 189 37 299 45 332 394 168 592 808 210 744 1013 148 909 1109 51 925 991 174 1179 1426 33 1249 1296 22 1409 1439 
8 220 115 386 134 135 313 163 323 530 139 426 607 76 572 694 229 743 1030 212 806 1069 101 1271 1408 
10 222 51 325 183 90 312 116 111 258 75 234 345 171 853 1078 88 954 1069 148 991 1226 114 1299 1443 32 1394 1436 14 1415 1433 
9 152 115 303 201 230 498 24 234 275 133 378 551 143 556 744 168 925 1130 215 953 1229 32 987 1034 124 1248 1398 
12 166 3 231 29 112 148 21 267 292 13 298 315 116 423 569 211 469 717 198 581 832 153 620 803 223 1010 1294 96 1197 1333 83 1259 1375 9 1335 1346 
12 61 132 204 69 369 451 5 433 440 3 445 450 76 519 635 70 667 761 212 821 1079 176 868 1140 194 880 1134 57 1082 1164 60 1120 1198 53 1363 1429 
12 190 57 301 60 82 173 57 141 219 81 316 425 196 351 609 115 550 732 35 695 741 23 788 825 85 999 1102 32 1031 1074 71 1120 1210 56 1336 1406 
10 82 31 135 131 90 297 26 100 135 123 429 584 174 927 1171 216 936 1196 142 1032 1233 138 1064 1242 37 1368 1420 35 1383 1434 
14 94 48 174 10 254 266 14 479 497 16 668 689 99 678 805 5 686 692 174 791 1014 161 827 1036 126 874 1057 161 968 1179 65 1297 1393 12 1307 1323 56 1370 1444 45 1372 1431 
14 46 208 267 188 222 462 107 276 420 37 458 514 134 576 753 20 671 697 189 687 962 79 731 832 67 734 835 82 736 843 124 788 924 136 992 1187 12 1324 1339 14 1426 1443 
14 24 71 105 60 190 272 16 415 436 210 456 738 50 574 645 192 617 860 198 941 1205 37 999 1043 135 1200 1360 117 1206 1363 134 1236 1406 19 1367 1395 55 1373 1440 7 1374 1382 
11 6 34 41 52 115 187 87 277 388 51 487 557 131 496 680 76 496 592 188 776 1040 77 809 907 74 882 986 22 907 937 143 1139 1355 
9 210 427 701 176 435 677 88 857 1000 206 959 1241 107 1045 1178 73 1210 1312 80 1231 1342 125 1237 1399 39 1399 1447 
11 145 3 207 5 41 48 223 66 352 77 325 421 98 398 536 60 580 655 56 654 725 118 805 981 119 824 972 197 1048 1314 72 1272 1362 
10 204 14 261 3 331 335 24 478 507 163 527 764 63 606 691 205 822 1109 128 1229 1402 70 1253 1336 83 1254 1359 81 1271 1388 
