10 81
10 203 1642 1984 284 1802 2212 309 2405 2859 328 2626 3205 121 2635 2830 32 2640 2682 215 2764 3135 45 2915 3010 71 3375 3491 4 3497 3502 
8 164 229 485 183 793 1062 502 1864 2591 141 2759 2987 47 2818 2892 325 2875 3398 208 3104 3438 64 3412 3553 
6 163 487 896 289 859 1399 14 1164 1183 146 1951 2214 150 2472 2795 192 3039 3376 
7 271 382 777 146 1174 1397 165 2158 2553 319 2886 3378 133 3266 3592 52 3323 3415 115 3403 3615 
5 437 783 1393 351 1050 1733 279 1353 1990 200 2600 2871 417 2934 3518 
7 25 543 582 67 598 748 395 808 1532 411 1673 2338 301 1721 2258 234 2811 3222 22 3513 3546 
13 64 168 285 166 733 1029 276 1128 1552 74 1150 1260 30 1719 1769 29 1781 1820 212 2242 2526 193 2865 3366 29 2973 3018 10 2988 3006 73 3139 3243 90 3201 3374 15 3633 3655 
10 66 931 1042 219 1010 1397 82 1028 1140 263 1942 2514 46 2016 2095 41 2351 2427 307 2672 3079 330 2904 3619 109 3390 3568 30 3406 3474 
7 292 192 589 93 356 517 258 1067 1572 321 1695 2132 200 2106 2477 30 2698 2742 117 2763 3062 
8 337 329 954 120 332 568 156 350 624 133 1060 1274 69 1167 1326 174 1648 2073 313 1790 2266 256 2693 3011 
