10 111
11 143 196 363 313 496 834 228 611 873 392 879 1308 171 1291 1484 247 1572 1854 449 1749 2230 472 1774 2296 157 2054 2229 159 2334 2517 57 2795 2860 
18 7 78 86 279 136 444 178 351 556 441 643 1112 24 748 775 71 879 959 195 1377 1601 564 1655 2263 81 1670 1761 78 1709 1795 145 1734 1890 101 1816 1931 132 1912 2059 123 2671 2810 53 2685 2743 221 2718 2952 249 2796 3072 95 2887 2989 
8 558 451 1070 519 535 1146 230 638 898 74 663 746 485 1393 1932 98 2456 2564 367 2621 3042 106 2827 2945 
14 308 55 401 73 95 173 300 131 460 76 698 782 546 908 1516 48 1548 1599 105 1918 2032 506 2058 2606 121 2400 2542 391 2469 2885 266 2534 2828 213 2830 3062 21 2902 2925 119 2946 3079 
11 24 47 73 15 957 973 355 1079 1481 550 1134 1745 26 1758 1785 343 1989 2364 512 2070 2656 186 2316 2530 320 2688 3033 146 2767 2934 99 2938 3050 
8 446 455 955 459 646 1175 351 989 1396 240 1140 1411 526 2009 2592 188 2109 2312 337 2195 2565 215 2264 2493 
12 387 394 793 527 542 1149 17 1091 1109 169 1152 1338 344 1512 1876 482 1627 2152 90 1848 1947 210 1871 2095 399 2370 2820 544 2474 3091 122 2828 2961 35 2958 2995 
9 567 491 1111 545 513 1104 90 597 697 438 1120 1606 299 1277 1609 402 1285 1726 397 2390 2822 386 2484 2899 48 3038 3092 
12 89 167 262 53 498 557 472 568 1091 489 817 1374 205 973 1197 256 1025 1305 440 1167 1660 34 1363 1401 316 1694 2055 127 1966 2104 151 2177 2352 152 2820 2981 
8 518 122 701 234 252 501 473 368 905 240 1558 1827 308 1585 1939 24 2398 2423 482 2565 3106 323 2664 3033 
