10 104
11 480 612 1301 484 1021 1650 394 1049 1638 13 1233 1249 92 1636 1748 430 2299 2859 70 2434 2532 91 3044 3181 41 3123 3177 79 3229 3356 94 3353 3472 
13 86 0 123 66 491 578 133 713 878 412 755 1340 169 1041 1272 530 1437 2075 249 1639 2017 217 1942 2211 172 2046 2288 430 2150 2695 130 2196 2396 132 3331 3500 53 3491 3560 
9 376 353 884 130 606 798 301 662 1062 12 1052 1066 497 1536 2229 417 2598 3225 427 2609 3118 111 2727 2856 282 2739 3119 
13 77 456 566 461 856 1462 320 1349 1816 413 1382 1834 238 1847 2172 462 2001 2634 130 2300 2471 35 2524 2575 67 2599 2695 438 2611 3206 170 2701 2923 22 3229 3259 2 3550 3553 
10 226 399 705 119 608 768 509 825 1500 60 1062 1144 440 2016 2589 271 2317 2735 508 2421 3107 318 2511 2950 76 3139 3233 143 3248 3433 
10 509 411 1063 200 566 824 383 1112 1627 463 1212 1843 196 1276 1547 362 1375 1821 109 1583 1752 52 1884 1947 432 2448 3015 272 3030 3412 
9 358 202 739 449 1182 1832 387 1185 1682 460 1355 1988 78 2091 2198 91 2781 2894 451 2796 3413 295 2828 3179 27 3416 3448 
11 291 137 525 100 338 470 555 446 1108 347 656 1120 511 1890 2499 329 2534 2972 588 2555 3241 420 2686 3246 381 3007 3525 60 3225 3306 13 3368 3386 
10 448 253 831 231 887 1209 19 1048 1070 17 1054 1072 16 1389 1412 487 1730 2443 218 2778 3083 337 2896 3376 355 3009 3494 171 3229 3461 
8 310 520 911 471 614 1186 201 736 973 403 905 1492 310 2073 2522 572 2477 3148 571 2642 3350 212 3232 3550 
