10 131
14 12 124 140 266 213 732 346 252 1027 413 527 1065 27 668 717 229 701 1080 279 1678 2048 226 2320 2603 142 2622 2816 119 2710 2948 246 2754 3183 110 3529 3702 19 3743 3768 11 3895 3908 
16 326 647 1198 368 796 1286 120 1213 1529 20 1400 1430 555 1406 2148 126 1645 1820 179 1715 2025 306 1741 2232 32 2070 2113 30 2470 2524 238 2641 2979 9 2889 2902 180 2994 3328 51 3230 3307 236 3327 3741 2 3908 3911 
12 148 437 640 146 454 694 107 461 610 90 653 827 405 1152 1750 355 1257 1792 403 1738 2406 194 1873 2241 94 2777 2930 480 3067 3789 63 3111 3214 193 3582 3882 
12 61 225 329 322 393 911 319 799 1315 310 937 1536 318 1087 1500 242 1251 1609 135 1325 1562 469 1710 2439 204 2594 2910 258 3254 3653 56 3573 3675 74 3792 3885 
16 142 374 613 338 483 925 46 693 753 89 887 1003 437 1575 2301 309 1753 2504 194 2207 2475 10 2565 2585 113 2572 2787 392 2722 3347 104 2911 3114 43 3490 3548 23 3649 3690 87 3683 3857 3 3835 3839 19 3872 3908 
13 53 387 484 396 495 1276 96 575 708 187 1009 1230 334 1437 2079 114 1531 1706 254 1662 2104 548 1861 2575 60 1927 2013 261 2333 2794 158 2465 2695 58 3308 3399 6 3849 3861 
10 102 3 183 351 106 602 331 351 797 560 1341 2038 11 1718 1735 5 2144 2154 420 2376 3066 227 2698 3065 238 2913 3282 271 3129 3865 
13 487 203 895 31 280 331 487 890 1636 347 905 1337 69 947 1040 160 986 1217 74 1611 1750 407 1952 2485 83 2775 2915 306 3129 3787 172 3517 3863 213 3560 3887 9 3657 3669 
11 417 136 800 327 966 1449 76 1030 1175 322 1247 1782 194 1440 1809 199 1861 2302 84 2422 2561 63 3051 3150 175 3351 3609 260 3415 3911 7 3798 3808 
14 11 66 78 332 204 885 152 360 578 275 553 1042 7 830 851 187 1173 1424 194 1641 1918 264 1659 2084 45 1962 2093 58 2804 2893 370 2879 3490 273 3168 3659 106 3505 3682 8 3901 3911 
