10 180
16 135 358 551 303 363 795 233 520 787 292 564 962 259 566 894 570 1007 1714 413 1022 1602 565 1736 2431 386 1765 2221 580 2438 3232 253 2463 2750 502 2738 3418 282 2907 3245 24 2917 2946 257 3412 3746 61 3867 3967 
20 55 51 123 258 467 855 293 716 1140 435 942 1537 177 1022 1245 23 1030 1063 491 1315 2011 501 1371 2073 343 1482 1879 99 1962 2094 19 2283 2305 525 2381 3041 564 2542 3323 95 2844 2964 236 3186 3550 167 3289 3503 152 3498 3711 37 3668 3716 38 3669 3724 18 3717 3740 
16 86 136 252 552 242 1037 155 802 1047 132 909 1110 43 944 997 196 1010 1295 582 1038 1801 518 1176 1838 100 1397 1549 138 1419 1604 585 2408 3190 361 2423 2933 369 2549 3067 296 3465 3861 30 3885 3922 2 3893 3896 
21 167 386 606 323 530 937 366 669 1164 513 1008 1712 226 1082 1400 265 1427 1769 153 1513 1701 242 1559 1929 214 1851 2140 205 2486 2777 543 2512 3164 33 2938 2978 471 3217 3868 304 3248 3720 163 3272 3522 11 3281 3296 68 3536 3624 14 3549 3569 51 3814 3883 86 3851 3964 14 3956 3973 
17 213 23 271 69 66 148 349 82 525 370 1205 1779 455 1405 2015 169 1421 1662 189 1525 1814 192 2226 2460 125 2278 2438 519 2436 3132 612 2579 3359 542 2761 3511 233 2987 3292 53 3199 3262 197 3314 3590 85 3726 3841 2 3953 3956 
23 182 76 329 210 142 410 73 855 940 365 1100 1603 131 1304 1463 7 1629 1637 275 1879 2286 362 2412 2901 19 2622 2647 440 2624 3155 103 2659 2803 317 2730 3194 94 2754 2877 256 3040 3380 434 3130 3674 489 3220 3877 236 3314 3611 213 3342 3614 150 3358 3554 279 3499 3878 166 3709 3942 27 3895 3932 5 3968 3975 
15 526 98 821 137 110 290 511 665 1324 157 734 979 196 737 1004 482 1484 2130 492 1881 2590 380 2386 2952 278 2627 2964 99 2732 2860 391 2954 3471 177 3031 3265 66 3099 3184 278 3486 3878 38 3589 3636 
17 418 294 877 362 351 888 71 466 584 35 632 673 97 803 940 86 937 1054 676 1821 2596 201 1894 2211 172 1971 2265 370 2119 2623 167 2295 2536 392 2372 2979 365 2384 2857 286 2932 3369 558 3004 3664 134 3714 3894 36 3805 3846 
17 250 427 762 266 452 773 227 749 1038 520 936 1681 159 964 1204 624 1198 1920 431 1508 2069 510 2065 2698 150 2162 2355 360 2689 3230 455 2733 3366 344 2882 3288 23 3125 3156 277 3197 3590 84 3403 3520 273 3562 3884 13 3865 3882 
18 461 408 1026 188 1013 1289 156 1219 1429 403 1521 2045 177 1605 1815 358 1632 2175 414 1687 2210 597 1802 2567 103 1822 1944 173 2234 2434 29 2454 2491 207 2536 2852 226 2906 3248 279 3005 3438 560 3048 3683 150 3449 3633 132 3709 3897 21 3931 3958 
