10 125
15 486 434 949 403 686 1142 401 813 1242 44 890 939 57 920 979 96 1262 1370 441 1321 1810 166 1903 2096 185 1976 2174 311 2006 2346 193 2182 2394 73 2199 2279 56 2374 2435 308 2375 2705 15 2762 2778 
11 36 332 371 260 553 838 329 940 1318 171 950 1153 185 1404 1621 123 1592 1730 392 2020 2456 176 2043 2244 149 2118 2288 300 2269 2607 210 2796 3017 
13 106 153 267 326 200 572 440 321 795 500 482 1042 29 739 772 141 1160 1328 263 1422 1716 123 1724 1853 6 2041 2048 499 2174 2728 418 2435 2895 118 2799 2929 78 2894 2979 
11 249 177 463 291 472 776 531 866 1446 404 974 1400 350 1277 1654 416 1798 2262 370 2146 2578 20 2325 2347 418 2552 3012 265 2561 2847 6 2995 3002 
16 192 68 269 143 370 536 24 610 637 448 770 1290 255 833 1098 296 1337 1657 249 1348 1629 186 1496 1713 115 1508 1635 128 1762 1909 234 2211 2475 247 2324 2599 74 2439 2521 6 2598 2605 14 2915 2930 9 2975 2985 
10 260 227 519 438 255 760 344 667 1040 169 890 1081 271 1250 1551 224 1569 1812 113 1666 1795 18 1731 1750 406 2489 2974 95 2772 2883 
14 126 66 204 188 285 498 152 435 594 2 1429 1432 529 1448 2025 309 1603 1951 458 1605 2105 97 1698 1804 56 2374 2438 309 2456 2788 83 2547 2644 408 2570 3024 243 2613 2885 163 2769 2945 
14 81 306 396 556 369 963 327 662 1024 43 686 733 163 1025 1196 513 1356 1932 74 1545 1625 444 1760 2257 46 1978 2029 265 1997 2280 141 1999 2164 245 2092 2366 160 2696 2884 2 3034 3037 
12 306 933 1276 76 1121 1203 389 1126 1584 142 1244 1403 424 1569 2043 258 1823 2097 326 1927 2282 527 2147 2741 82 2186 2282 79 2508 2594 116 2848 2978 4 3032 3037 
9 104 386 506 478 439 966 349 718 1132 269 844 1141 197 1615 1835 150 1625 1798 412 1719 2200 209 2729 2958 55 2894 2955 
