10 434
46 42 5 50 620 43 754 17 116 135 544 130 738 413 224 678 188 243 454 510 566 1145 173 659 851 353 819 1209 387 870 1278 143 928 1085 92 1185 1287 154 1190 1357 428 1241 1720 137 1437 1593 84 1448 1542 699 1455 2211 73 1738 1819 281 1815 2145 238 1847 2118 118 1883 2016 369 1887 2291 358 2006 2419 362 2048 2422 615 2094 2811 619 2143 2822 238 2349 2608 581 2378 3053 315 2447 2777 315 2565 2901 174 2633 2822 516 2736 3275 594 2758 3425 291 2790 3105 302 2866 3207 386 2879 3301 238 2975 3245 520 2984 3564 214 3239 3463 6 3306 3313 339 3379 3751 301 3475 3796 203 3639 3871 160 3647 3823 62 3747 3817 67 3833 3906 
50 377 4 440 304 204 530 42 230 276 650 553 1273 373 597 993 547 621 1262 191 631 846 466 635 1183 5 697 703 649 1070 1737 246 1203 1487 506 1273 1830 357 1358 1762 505 1384 1961 21 1384 1407 498 1400 1936 391 1453 1881 158 1524 1694 7 1591 1599 135 1599 1743 338 1666 2046 396 1692 2149 104 1752 1861 149 1866 2033 136 1893 2037 7 1939 1947 55 1995 2054 105 2089 2208 233 2097 2360 696 2111 2891 111 2116 2242 159 2162 2336 87 2171 2268 478 2268 2772 70 2270 2346 212 2294 2527 495 2307 2865 571 2326 2933 261 2433 2713 99 2451 2564 608 2717 3422 67 2893 2965 340 3312 3688 418 3378 3834 68 3443 3519 281 3447 3774 419 3474 3931 279 3557 3852 78 3785 3874 53 3883 3942 
48 373 53 435 332 162 532 192 301 513 112 429 547 625 587 1256 451 619 1132 206 678 907 682 730 1486 684 772 1522 362 878 1277 157 1018 1186 319 1042 1401 581 1044 1689 105 1147 1262 100 1188 1308 438 1246 1737 736 1263 2026 49 1291 1346 344 1309 1677 20 1319 1341 215 1356 1600 191 1507 1726 222 1530 1783 688 1685 2405 150 1714 1882 309 1740 2093 212 1746 1984 354 1751 2135 691 1796 2572 609 1847 2542 662 2018 2748 154 2024 2200 151 2060 2223 302 2227 2544 487 2233 2757 47 2495 2548 617 2651 3355 406 2733 3175 368 2977 3373 437 3116 3616 265 3324 3622 299 3450 3769 226 3471 3718 8 3830 3839 21 3841 3864 26 3863 3891 42 3874 3920 21 3936 3959 
39 205 21 255 658 45 807 103 110 219 69 332 410 524 430 995 149 548 707 192 587 788 405 668 1121 385 790 1231 704 801 1582 97 952 1058 508 1119 1656 338 1129 1513 568 1141 1766 450 1247 1724 540 1378 1977 238 1502 1769 531 1582 2168 303 1632 1976 552 1868 2478 241 1886 2151 274 2007 2321 293 2036 2356 16 2391 2408 506 2471 3048 693 2530 3319 704 2640 3402 475 2648 3174 685 2651 3409 218 2711 2944 42 2849 2894 542 2954 3538 554 3001 3629 234 3232 3497 404 3248 3699 161 3281 3459 148 3497 3652 42 3769 3815 40 3836 3882 
39 269 56 350 282 90 395 330 92 446 368 149 570 245 153 426 206 155 392 611 184 881 472 198 759 461 207 724 54 405 464 634 436 1171 105 563 685 434 589 1065 158 605 787 644 675 1366 228 695 950 181 791 996 326 822 1181 480 1383 1923 705 1419 2193 44 1468 1516 38 1501 1543 557 1597 2220 286 2011 2327 308 2135 2480 277 2456 2768 571 2535 3169 54 2603 2660 522 2797 3363 522 2955 3555 151 3009 3175 547 3079 3715 388 3148 3555 555 3156 3768 161 3221 3402 220 3604 3852 141 3638 3800 45 3906 3958 13 3937 3951 
42 485 103 634 167 171 362 242 243 520 111 329 448 314 354 692 31 385 418 41 411 456 428 423 909 338 463 843 582 495 1150 337 539 903 684 762 1527 190 926 1133 710 1096 1876 157 1121 1292 503 1198 1738 352 1373 1769 507 1419 1944 528 1567 2148 374 1834 2245 484 1835 2365 544 1972 2602 487 2062 2621 72 2090 2171 113 2195 2319 84 2271 2366 151 2289 2450 557 2361 3007 357 2519 2909 556 2809 3469 556 2953 3569 311 2983 3325 452 3079 3579 553 3091 3680 270 3182 3490 450 3247 3748 179 3518 3715 104 3556 3672 88 3632 3732 142 3642 3804 49 3760 3815 77 3865 3947 
43 537 38 617 531 233 832 562 439 1066 319 553 913 455 570 1055 253 741 1023 501 793 1338 342 869 1262 65 915 989 277 925 1222 636 1074 1763 202 1191 1416 530 1195 1807 109 1236 1362 420 1252 1717 345 1751 2139 356 1763 2170 486 1886 2408 142 2058 2216 104 2170 2284 562 2206 2811 527 2242 2827 239 2433 2697 135 2572 2725 27 2584 2613 139 2674 2823 23 2755 2780 593 2834 3481 291 2836 3163 48 2908 2959 413 2932 3385 417 2994 3459 509 3123 3694 267 3197 3497 411 3290 3755 407 3387 3860 317 3442 3790 257 3504 3797 230 3559 3825 320 3561 3906 78 3616 3703 106 3700 3817 51 3735 3791 
44 191 193 410 341 288 672 732 373 1164 372 469 887 674 502 1238 72 619 700 748 621 1412 449 719 1228 700 725 1487 309 766 1114 28 809 839 374 844 1264 623 909 1571 89 1089 1186 598 1117 1764 232 1231 1494 294 1243 1576 106 1376 1491 349 1433 1820 29 1607 1637 87 1690 1785 539 1771 2407 150 1773 1938 378 1898 2302 566 1908 2520 372 2091 2509 2 2138 2141 541 2228 2833 424 2237 2706 202 2242 2460 394 2309 2754 180 2322 2511 70 2373 2449 619 2500 3167 257 2548 2841 471 2890 3400 434 3100 3598 238 3312 3565 440 3323 3814 93 3504 3610 347 3545 3937 11 3600 3612 178 3624 3825 141 3653 3802 
40 342 146 534 699 213 964 373 401 805 253 575 853 103 738 848 183 891 1098 50 908 964 363 920 1318 489 1174 1738 625 1223 1922 124 1361 1498 664 1381 2116 68 1480 1553 348 1515 1898 477 1517 2044 381 1592 2010 214 1673 1906 517 1725 2302 438 1751 2232 94 1761 1861 280 1914 2228 287 1967 2286 137 1994 2150 129 2035 2180 576 2085 2694 511 2182 2752 599 2253 2920 656 2351 3068 567 2387 3018 382 2630 3047 675 2743 3470 590 2851 3510 116 2880 3006 628 2952 3646 337 2978 3344 474 3360 3890 193 3585 3806 167 3662 3842 182 3736 3936 8 3911 3920 
43 677 107 826 300 572 908 291 705 1008 23 730 756 719 761 1535 41 993 1040 589 1146 1796 166 1332 1521 220 1376 1625 704 1384 2162 474 1420 1954 261 1435 1717 316 1498 1855 272 1536 1833 365 1554 1948 530 1585 2158 618 1888 2566 129 1927 2076 359 2034 2432 457 2173 2690 357 2181 2580 679 2240 3007 467 2257 2761 324 2261 2634 648 2560 3265 510 2564 3127 316 2644 2980 452 2849 3353 145 2911 3074 468 2933 3439 355 3009 3400 502 3080 3658 5 3090 3096 158 3100 3277 514 3102 3688 99 3166 3273 60 3228 3293 240 3310 3575 351 3521 3925 158 3638 3803 21 3666 3690 106 3703 3822 41 3834 3877 
