10 275
32 499 10 582 590 166 834 44 372 419 322 468 836 464 665 1178 10 669 680 189 745 943 583 911 1549 211 953 1192 2 995 998 80 1184 1271 97 1274 1393 180 1326 1531 92 1403 1503 73 1437 1519 278 1548 1856 44 1560 1610 522 1671 2235 170 1864 2052 285 1904 2226 402 2009 2438 146 2154 2311 200 2176 2385 465 2189 2708 87 2258 2355 257 2348 2632 182 2433 2633 518 2464 3026 542 2692 3270 428 2950 3410 58 3104 3170 23 3452 3478 
25 332 415 788 378 421 846 69 455 529 379 527 952 113 604 732 331 670 1042 397 680 1119 319 804 1142 49 894 947 505 930 1501 573 1047 1685 516 1359 1933 524 1445 2037 361 1484 1898 260 1490 1772 383 1943 2376 603 1980 2675 294 2183 2502 434 2187 2664 217 2844 3082 66 2962 3035 139 3147 3298 27 3362 3393 10 3455 3466 7 3469 3477 
31 60 29 93 375 30 444 276 35 335 68 84 159 598 289 953 445 445 947 351 638 1013 196 683 893 132 839 978 559 869 1477 23 993 1019 278 1165 1488 153 1165 1337 270 1477 1778 194 1553 1755 247 1923 2187 528 2024 2595 372 2028 2454 498 2038 2599 245 2143 2415 76 2410 2499 89 2523 2619 546 2535 3139 144 2582 2737 247 2789 3059 503 2864 3426 46 2963 3013 284 3080 3389 103 3090 3206 126 3270 3405 55 3377 3433 
30 204 56 287 52 148 207 448 398 887 559 548 1169 139 795 946 421 993 1454 509 1114 1688 508 1135 1704 244 1258 1515 46 1452 1504 348 1644 2055 517 1795 2376 219 1796 2040 325 1813 2168 410 2077 2510 465 2188 2698 133 2241 2393 487 2555 3068 82 2558 2651 614 2743 3407 83 2844 2936 281 2856 3179 192 2957 3167 67 3021 3095 370 3034 3452 53 3277 3334 56 3325 3386 75 3392 3475 55 3399 3460 55 3424 3485 
27 419 265 721 466 392 916 95 432 538 64 620 689 213 745 977 595 813 1463 554 877 1537 285 1030 1342 270 1053 1353 399 1096 1534 11 1295 1307 267 1362 1649 556 1631 2273 567 1664 2301 177 1673 1871 239 1843 2124 8 2050 2059 115 2110 2232 42 2581 2627 579 2636 3267 449 2825 3345 309 2996 3339 323 3084 3424 45 3092 3141 69 3399 3477 59 3416 3482 4 3481 3486 
24 371 408 811 91 499 598 568 525 1166 427 611 1065 493 809 1376 491 1254 1790 430 1299 1769 329 1958 2321 315 1983 2324 38 2026 2067 275 2048 2359 594 2212 2870 467 2237 2790 511 2366 2922 265 2460 2743 166 2572 2749 585 2691 3349 273 2853 3161 398 2909 3343 402 2926 3371 146 3185 3352 119 3301 3435 53 3308 3368 6 3449 3456 
25 146 34 194 252 60 324 463 104 621 129 340 478 434 510 975 260 679 969 338 728 1095 544 789 1401 400 842 1293 649 907 1601 398 1021 1489 236 1051 1315 630 1468 2145 405 1493 1941 327 1630 2004 460 1899 2406 164 1978 2164 475 2255 2810 61 2389 2455 611 2461 3132 292 2509 2837 93 2952 3054 66 3080 3150 7 3140 3148 262 3166 3448 
28 223 33 280 32 135 172 79 251 337 625 268 945 458 532 1058 459 634 1150 378 730 1146 96 797 900 483 881 1414 372 1000 1413 463 1095 1588 439 1105 1584 426 1316 1783 378 1559 1979 205 2067 2302 35 2193 2232 192 2293 2503 489 2421 2966 518 2477 3042 283 2540 2857 554 2629 3230 125 2785 2920 2 2981 2984 291 3140 3458 224 3174 3429 78 3203 3289 238 3212 3482 29 3433 3465 
28 447 322 822 194 507 716 632 739 1415 102 935 1050 255 1071 1359 174 1117 1301 192 1140 1353 577 1493 2132 114 1720 1846 396 2009 2455 499 2163 2700 342 2250 2614 251 2310 2577 355 2381 2803 351 2532 2923 240 2559 2819 344 2637 3021 180 2680 2880 566 2697 3310 409 2788 3254 536 2892 3492 340 2960 3337 270 3116 3417 125 3134 3271 38 3172 3212 40 3231 3275 97 3295 3402 4 3383 3388 
25 528 115 717 257 124 404 359 210 616 567 300 922 271 469 768 117 638 769 533 783 1372 340 908 1290 52 1107 1166 525 1131 1702 621 1170 1845 528 1370 1933 436 1525 1996 248 1758 2036 437 1853 2360 305 2018 2364 116 2098 2233 394 2187 2616 65 2468 2539 533 2535 3120 141 2563 2713 118 2596 2725 230 2818 3081 114 3076 3199 188 3224 3443 
