10 113
11 500 168 947 95 278 426 315 584 1072 88 609 763 156 673 943 178 828 1088 394 948 1710 353 1259 1799 49 1842 1927 219 2280 2604 461 2479 3144 
14 514 218 884 417 1141 1953 478 1326 2053 126 1454 1632 199 1816 2151 119 1925 2121 237 2000 2381 316 2009 2428 26 2156 2218 13 2235 2252 335 2668 3260 107 3838 4003 156 3894 4109 44 3927 3996 
9 330 414 1128 131 558 794 263 1390 1821 120 2097 2344 285 2194 2764 328 2875 3433 249 2954 3354 113 3178 3336 222 3685 4052 
9 351 132 931 402 1408 2027 11 2041 2054 395 2110 2914 431 2374 3145 108 3266 3656 101 3673 3876 71 3742 3870 47 3854 3966 
12 394 294 1038 278 449 957 29 632 698 218 947 1308 68 967 1080 65 1138 1252 424 1278 1934 104 1842 2036 406 2787 3394 161 3096 3374 72 3398 3509 135 3841 4083 
13 9 191 204 185 264 561 396 304 919 75 919 1026 114 1050 1186 283 1727 2178 297 1954 2495 524 2643 3375 351 2696 3413 208 2712 3153 102 3798 3988 43 4065 4137 9 4105 4123 
11 396 189 746 40 705 777 515 1081 1839 399 1173 1822 28 1760 1810 283 1792 2305 418 2426 3145 2 2661 2664 533 2859 3588 183 3071 3375 275 3163 3702 
11 38 356 421 523 861 1640 335 900 1386 131 1267 1626 316 1341 1753 89 1643 1754 328 1995 2553 119 2223 2405 476 2828 3447 318 3078 3646 99 3901 4111 
13 28 172 231 445 421 1075 133 1054 1455 407 1228 1822 40 1402 1488 56 1471 1573 232 1579 1889 519 1869 2658 82 2021 2157 481 2891 3690 115 3601 3795 27 3819 3865 63 4044 4137 
10 516 502 1304 168 894 1117 309 1242 1779 271 1568 2076 457 1913 2603 221 2018 2389 256 2058 2539 174 2324 2612 124 3768 4031 17 3907 3937 
