10 185
13 229 102 415 384 532 1023 408 1116 1756 317 1492 1935 281 1967 2356 447 1969 2661 201 2085 2366 203 2597 2906 272 2633 3022 411 2832 3337 590 2913 3685 66 3191 3268 258 3417 3754 
15 229 735 1038 477 744 1387 469 1109 1693 457 1321 1861 123 1551 1693 541 1848 2523 395 2033 2590 331 2168 2656 529 2194 2878 110 2468 2611 279 2536 2894 304 2604 3012 370 3227 3752 185 3418 3687 71 3418 3508 
23 360 523 989 313 637 1039 277 726 1121 480 1072 1814 311 1291 1707 49 1363 1425 33 1512 1553 143 1556 1757 414 1756 2378 127 1820 1980 395 2027 2551 70 2247 2338 312 3015 3377 9 3017 3028 21 3139 3168 169 3174 3431 9 3181 3193 129 3187 3382 255 3303 3601 147 3619 3849 137 3648 3818 60 3777 3857 24 3811 3842 
21 281 69 462 242 113 472 606 144 840 510 327 1028 57 448 523 66 540 636 390 626 1150 345 721 1184 565 770 1467 240 845 1151 486 1097 1825 40 1104 1166 532 1773 2421 61 2148 2230 71 2185 2283 15 2398 2419 50 2538 2608 190 2598 2835 31 3756 3796 43 3783 3841 5 3824 3831 
19 115 62 225 418 225 793 296 357 713 516 408 1161 133 866 1035 222 966 1238 265 1094 1549 50 1197 1259 427 1385 1943 22 1514 1544 248 1562 1913 10 1911 1925 108 2005 2176 483 2306 2970 216 2549 2847 187 2886 3132 91 3143 3248 318 3350 3837 26 3797 3835 
20 183 60 286 434 310 913 295 376 824 58 426 503 547 806 1533 13 918 936 160 1161 1365 128 1416 1573 429 1730 2270 263 2053 2398 542 2222 2938 311 2237 2665 509 2622 3219 159 2779 2997 108 2958 3103 468 2979 3616 20 3160 3186 145 3324 3506 98 3374 3510 14 3838 3857 
17 267 28 434 572 256 974 365 319 812 267 809 1160 611 941 1595 6 1185 1193 142 1224 1448 21 1660 1689 374 1718 2249 304 1885 2297 222 2248 2564 285 2387 2752 122 2641 2831 262 2951 3275 265 3008 3316 485 3103 3849 93 3711 3835 
18 101 173 289 9 628 638 34 1082 1127 491 1091 1788 184 1191 1416 24 1421 1450 164 1501 1695 360 1956 2431 61 2001 2104 397 2378 2899 498 2477 3234 372 2493 3006 553 2542 3290 511 2850 3537 103 3273 3410 283 3467 3843 179 3549 3777 25 3824 3859 
18 518 178 833 501 181 817 248 287 649 191 487 808 125 652 794 502 990 1753 473 1041 1665 244 1123 1451 55 1357 1436 158 1918 2124 425 2059 2708 197 2326 2576 179 2685 2951 100 3202 3335 230 3245 3531 99 3369 3506 141 3479 3677 86 3487 3597 
21 385 429 887 354 601 1054 439 872 1519 77 921 1015 169 1033 1263 210 1140 1449 459 1140 1754 372 1228 1754 298 1449 1847 281 1579 1982 563 1588 2299 163 1962 2192 264 2451 2774 65 2499 2598 246 2502 2825 59 2531 2598 116 3522 3679 45 3644 3708 88 3661 3780 51 3738 3801 39 3779 3834 
