10 114
9 165 84 336 405 1597 2216 361 1798 2462 428 2207 2882 275 2255 2701 337 2326 2840 355 3292 3801 119 3325 3508 199 3462 3774 
11 143 408 633 236 710 1160 454 887 1615 327 2753 3311 336 3060 3482 356 3242 3827 250 3438 3860 106 3587 3783 11 3684 3706 59 3697 3808 40 3729 3799 
9 16 1614 1641 133 1648 1890 501 1677 2427 309 1862 2417 171 1938 2370 429 2141 2914 301 3319 3810 204 3444 3782 39 3597 3664 
11 224 1117 1516 430 1219 1847 96 1573 1778 148 1592 1778 319 2188 2889 290 2273 2837 44 2979 3044 253 3046 3512 315 3301 3809 140 3557 3795 73 3735 3845 
12 479 265 1050 104 824 1033 423 912 1516 215 1269 1676 63 1443 1527 422 1478 2243 381 1551 2110 39 2022 2100 6 2351 2362 144 2884 3163 20 3730 3759 86 3766 3926 
18 124 34 322 86 107 244 179 205 492 14 281 303 226 456 812 173 938 1222 34 979 1029 53 1327 1415 313 1502 1946 97 1947 2151 150 2061 2271 362 2063 2570 195 2295 2614 142 2307 2539 64 2322 2403 173 2534 2791 131 2719 2971 122 3707 3913 
11 188 223 606 59 442 584 95 466 611 171 796 1097 341 871 1394 365 2318 2820 170 2398 2683 470 2976 3714 193 3099 3533 445 3342 3899 43 3849 3917 
13 482 375 973 321 623 1182 412 1116 1827 508 1324 2035 277 1966 2360 18 2255 2294 127 2524 2752 366 2721 3353 52 2768 2833 92 2977 3134 138 3267 3550 85 3554 3729 38 3563 3633 
12 375 75 517 97 690 880 65 816 933 236 994 1350 374 1410 1930 200 1490 1759 228 1729 2231 77 1840 1944 201 2528 2833 434 3206 3858 406 3317 3902 263 3348 3821 
8 71 89 201 123 642 828 366 1416 1919 306 1740 2351 553 1876 2651 356 1916 2673 200 2315 2665 156 3470 3873 
