10 73
4 385 1141 1681 62 1456 1599 268 2255 2802 302 2587 3218 
6 357 171 633 250 407 758 317 708 1181 305 798 1414 327 1980 2653 106 3201 3366 
7 38 140 199 188 357 700 64 944 1045 330 1189 1594 241 1288 1640 393 1695 2358 196 2145 2521 
11 127 233 408 192 258 591 193 602 887 32 694 750 36 695 746 95 1304 1446 74 1324 1498 50 1697 1838 387 1953 2456 352 2631 3194 121 3002 3168 
6 97 44 188 156 54 340 192 127 533 148 227 466 214 480 926 416 1448 2090 
8 360 514 1171 118 1003 1215 322 1326 1886 93 1900 2040 135 2874 3112 121 3104 3317 11 3294 3312 10 3394 3411 
10 90 290 433 171 800 1041 84 1085 1265 196 1161 1503 146 1379 1682 198 1408 1716 246 1520 1862 98 1984 2131 37 2106 2161 44 3099 3174 
7 219 468 848 267 580 1097 355 872 1363 77 1005 1185 79 1076 1278 334 1410 1854 7 3433 3444 
6 369 100 658 196 1143 1437 269 1807 2229 365 2613 3276 52 2650 2752 60 3243 3349 
8 251 37 491 298 402 836 53 1621 1703 181 2181 2554 125 2806 3010 221 3022 3388 132 3089 3278 26 3199 3240 
