10 57
7 23 232 262 74 458 559 411 783 1283 315 1759 2241 233 2302 2618 289 2519 2831 68 2911 3016 
3 226 294 624 402 815 1379 316 2278 2694 
8 138 407 576 232 602 941 10 631 643 315 790 1223 193 1521 1765 178 2741 2944 149 2868 3041 137 2936 3122 
6 71 59 145 331 303 731 246 485 801 389 1864 2380 397 2501 3013 30 2805 2842 
4 198 566 863 446 903 1479 272 1762 2186 173 1889 2114 
6 13 872 890 335 953 1381 203 1593 1889 250 1661 1951 291 2280 2663 97 2921 3049 
6 31 663 702 100 867 1004 160 1057 1268 64 1562 1647 382 2498 3042 103 2939 3089 
7 93 44 170 137 811 957 419 1110 1675 148 1552 1745 69 1811 1909 395 2073 2524 15 2995 3013 
7 85 311 415 278 511 876 102 895 1037 36 1218 1264 110 1435 1598 161 1439 1663 191 1933 2177 
3 315 443 899 189 575 847 372 1444 1958 
