10 177
15 261 380 733 103 1028 1158 256 1407 1694 103 1452 1595 158 1979 2159 361 2340 2811 352 2432 2874 505 2535 3269 439 2633 3238 519 2689 3453 350 3248 3749 301 3318 3694 34 3427 3470 213 3526 3832 205 3604 3875 
18 577 587 1288 293 674 1041 520 1373 2124 356 1413 1843 376 1508 1949 17 1557 1578 271 1633 1976 426 1884 2466 100 2079 2208 361 2328 2823 307 2385 2810 538 2386 3019 214 2587 2876 347 3070 3605 458 3184 3811 27 3378 3407 35 3409 3458 13 3813 3830 
24 109 32 181 361 116 590 120 209 367 16 299 319 339 305 733 10 440 454 259 496 841 162 809 1015 298 823 1189 101 1456 1571 153 1515 1728 77 1524 1627 116 1782 1951 87 1958 2056 190 2131 2395 141 2150 2336 195 2188 2469 191 2598 2848 466 2610 3297 58 2894 2972 97 2919 3052 428 3077 3648 208 3523 3808 43 3807 3869 
13 321 663 1109 541 835 1445 59 1461 1554 546 1621 2317 409 1624 2287 348 1839 2359 428 1867 2500 160 2311 2539 416 3207 3790 426 3307 3921 72 3577 3665 152 3661 3872 59 3775 3846 
15 422 609 1162 118 783 951 25 1002 1033 499 1370 1971 315 1542 1948 264 1751 2076 565 1914 2660 27 2029 2064 358 2103 2636 271 2281 2685 458 2315 2867 469 2994 3674 312 3260 3693 203 3312 3562 167 3340 3548 
17 344 453 881 466 553 1200 302 777 1128 202 1177 1445 467 1302 1893 296 1306 1665 15 1315 1335 12 1460 1476 527 1718 2400 562 1756 2503 637 1924 2709 450 2206 2762 365 2577 3095 629 2925 3663 194 3218 3425 116 3544 3709 9 3701 3713 
17 167 111 330 149 666 871 158 906 1097 16 927 950 437 979 1537 278 1234 1604 21 1350 1376 147 1589 1779 179 1616 1817 451 1675 2312 418 1697 2243 577 2169 2873 331 2730 3157 430 2770 3357 405 3017 3612 413 3237 3822 39 3465 3514 
15 261 101 456 345 278 712 551 905 1671 258 1189 1542 440 1553 2099 571 1828 2540 125 2019 2205 509 2060 2679 368 2303 2767 214 2652 2918 421 3224 3796 307 3362 3797 324 3461 3872 133 3678 3848 14 3841 3859 
22 351 107 588 449 203 847 146 363 561 41 632 689 386 970 1492 6 1136 1144 246 1478 1763 126 1682 1836 109 1686 1830 326 1743 2143 533 1805 2507 23 2144 2175 486 2345 2983 293 2795 3222 226 3237 3536 245 3300 3618 173 3345 3573 153 3385 3577 25 3525 3555 191 3631 3894 46 3680 3744 13 3758 3775 
21 463 59 640 47 84 137 577 183 845 614 203 970 205 245 517 66 272 355 381 330 893 226 424 706 132 1175 1347 71 1555 1643 80 1606 1719 192 1937 2169 163 2016 2223 538 2265 2874 349 2438 2861 494 2507 3128 151 2544 2746 352 3055 3579 260 3072 3393 144 3736 3925 35 3880 3922 
