10 108
12 380 28 590 194 336 590 324 1758 2166 227 1803 2107 277 1891 2264 275 1940 2292 386 2363 2869 494 2639 3180 10 2680 2693 213 2901 3163 19 3158 3183 185 3223 3466 
15 33 446 493 144 507 692 292 593 919 62 820 899 507 1095 1679 13 1516 1531 89 1580 1704 599 1687 2381 411 1809 2365 125 1869 2032 192 2391 2639 174 2508 2750 352 2624 3078 70 2661 2753 316 2931 3355 
9 411 277 873 499 766 1372 293 841 1281 328 1311 1720 454 1697 2383 73 2230 2349 157 2943 3172 37 3322 3366 2 3497 3500 
12 517 704 1382 175 1424 1633 250 1669 2025 150 1680 1876 464 1846 2466 536 1896 2596 196 2161 2425 6 2174 2181 52 2264 2327 175 2462 2703 331 2982 3390 60 3412 3504 
9 115 58 202 58 658 752 171 1143 1359 275 1990 2384 474 2085 2701 546 2105 2807 457 2248 2937 338 2708 3121 220 3167 3488 
8 273 67 428 112 730 885 290 732 1157 266 1129 1484 290 1157 1558 396 1598 2155 443 2293 2905 367 2949 3502 
10 283 1023 1417 306 1064 1473 142 1254 1451 17 1743 1766 390 2695 3208 393 2696 3257 339 2808 3304 466 2939 3503 122 3126 3282 126 3190 3356 
12 52 107 172 164 321 524 136 361 541 514 910 1606 498 969 1600 230 1217 1505 84 1696 1811 405 2011 2581 478 2247 2842 335 2805 3309 218 3178 3446 6 3466 3474 
10 463 216 825 231 529 811 204 815 1083 8 903 913 430 1202 1825 314 1549 2004 191 2000 2249 287 2047 2426 389 2065 2514 348 2250 2669 
11 420 585 1259 375 753 1322 257 1111 1419 300 1216 1629 501 1307 1957 158 1457 1670 4 1516 1521 338 1572 2070 339 2737 3169 13 3231 3247 13 3468 3486 
