10 172
16 210 784 1052 522 827 1500 274 904 1253 337 1255 1672 519 1390 2077 249 1579 1911 197 2180 2447 493 2491 3139 500 2735 3433 590 2903 3668 318 2977 3404 364 3121 3559 26 3317 3358 284 3526 3876 140 3537 3725 69 3693 3781 
15 389 73 545 659 303 1080 445 664 1250 142 913 1103 555 1312 1974 557 1472 2148 556 1885 2644 389 2126 2687 605 2407 3135 469 2473 3226 350 2815 3256 48 3513 3573 179 3593 3872 147 3723 3893 34 3905 3946 
15 296 47 404 312 201 693 56 299 372 467 405 1094 254 685 1032 133 780 968 415 803 1387 289 1491 1921 567 1636 2406 45 1807 1868 542 2112 2842 130 3000 3183 279 3560 3939 62 3602 3680 6 3904 3912 
19 286 67 429 437 329 894 557 383 1141 42 572 626 272 845 1180 128 1345 1526 274 1451 1875 41 1737 1795 300 1959 2378 477 2002 2666 443 2122 2705 145 2184 2377 387 2414 2892 382 2522 3025 61 2651 2728 219 2786 3050 112 3038 3187 133 3751 3941 42 3862 3924 
15 118 5 168 457 336 977 652 376 1109 487 562 1205 45 1506 1564 569 1697 2430 505 1877 2562 80 2095 2194 5 2146 2152 537 2528 3311 331 2840 3339 657 2876 3608 136 2932 3121 204 3373 3626 248 3582 3928 
19 114 105 252 424 494 1059 365 503 969 222 786 1065 253 836 1204 447 976 1566 480 1111 1693 371 1729 2209 128 1919 2085 271 2067 2479 577 2211 2895 52 2297 2367 61 2344 2422 215 2915 3214 269 3072 3424 380 3085 3581 160 3569 3811 54 3631 3710 135 3693 3881 
15 192 289 560 346 357 885 469 623 1180 477 795 1502 23 796 826 512 808 1426 348 1239 1679 440 1767 2346 141 1898 2086 504 2211 2894 162 2314 2524 351 2318 2906 157 2542 2770 215 3015 3282 500 3018 3609 
23 607 513 1271 115 979 1139 35 1205 1254 56 1391 1461 235 1415 1718 520 1436 2110 199 1780 2046 120 1781 1927 540 1875 2596 81 2006 2117 229 2214 2544 295 2422 2813 549 2882 3564 572 2883 3607 90 3219 3340 118 3523 3683 235 3597 3918 156 3614 3809 179 3657 3936 72 3671 3754 40 3779 3835 14 3925 3941 4 3953 3958 
15 184 371 616 550 504 1206 457 934 1674 359 1125 1607 306 1264 1667 319 1328 1762 328 1330 1783 45 1639 1697 411 1742 2317 168 2189 2439 277 2259 2622 181 2684 2952 134 2690 2866 262 2908 3249 272 3420 3765 
20 96 268 412 296 298 663 87 352 458 346 774 1330 460 802 1419 416 847 1343 77 1043 1169 19 1378 1407 179 1430 1650 71 1755 1840 253 1990 2304 480 2031 2605 526 2045 2766 226 2307 2629 311 2371 2742 531 2574 3251 42 2630 2686 386 2923 3418 281 3556 3892 47 3588 3647 
