10 261
25 366 10 406 262 364 663 244 380 651 538 608 1212 610 673 1336 287 746 1053 271 848 1149 605 968 1641 246 986 1260 196 1017 1235 64 1126 1199 377 1300 1738 293 1401 1728 30 1429 1462 440 1461 1924 516 1761 2318 478 2440 2998 458 2569 3067 185 2584 2789 535 2811 3447 400 3081 3503 119 3106 3241 256 3130 3405 59 3256 3323 23 3501 3527 
27 448 42 515 344 72 453 555 135 733 28 443 472 32 497 536 321 748 1128 68 786 860 171 821 1019 314 883 1232 55 912 974 424 949 1419 111 1027 1153 634 1121 1821 282 1200 1516 300 1367 1708 423 1660 2108 493 1837 2420 72 2097 2174 381 2113 2549 291 2176 2483 591 2268 2916 355 2319 2704 152 2394 2568 330 2632 2990 454 2713 3217 208 2946 3179 193 3326 3534 
24 129 60 209 567 356 990 262 679 978 617 725 1400 120 821 948 582 842 1511 391 854 1296 539 995 1580 549 1048 1647 43 1050 1096 91 1071 1171 32 1304 1339 446 1857 2349 472 2005 2560 423 2044 2509 256 2055 2324 261 2206 2490 7 2238 2246 330 2480 2849 285 2593 2920 294 2801 3139 323 2833 3208 99 3414 3524 34 3466 3504 
26 385 102 523 619 185 843 543 238 828 310 308 632 621 471 1149 500 586 1118 581 601 1255 632 643 1314 576 772 1425 162 1049 1228 265 1315 1621 403 1607 2074 405 1680 2134 611 1901 2586 118 1960 2088 167 2391 2574 180 2442 2637 60 2566 2632 281 2688 3005 363 2798 3211 329 3053 3424 106 3215 3325 24 3436 3463 27 3453 3482 6 3464 3471 12 3476 3489 
19 549 31 622 465 170 693 107 204 319 549 271 888 198 376 595 627 519 1202 469 569 1100 45 723 774 540 950 1570 585 1289 1957 416 1441 1919 282 1489 1801 612 1997 2688 174 2007 2203 436 2182 2643 390 2466 2914 551 2680 3325 87 3240 3341 6 3533 3540 
28 443 155 656 164 245 426 589 283 939 195 367 579 419 396 858 60 410 477 553 538 1121 80 547 638 95 661 763 64 958 1030 58 1035 1099 327 1284 1644 476 1417 1969 15 2115 2132 81 2267 2355 315 2271 2629 242 2351 2616 493 2403 2952 456 2419 2925 386 2443 2864 559 2637 3254 617 2795 3500 231 2816 3072 272 2818 3115 341 3092 3461 260 3212 3505 189 3266 3471 61 3427 3494 
31 229 40 298 269 170 479 130 174 318 363 206 635 203 276 495 604 479 1145 32 499 534 52 580 638 348 609 995 511 678 1217 2 940 943 296 1125 1453 228 1132 1378 511 1312 1866 439 1359 1825 98 1492 1599 225 1556 1810 15 1750 1767 397 1762 2203 446 2189 2678 516 2214 2776 125 2417 2559 333 2544 2906 294 2703 3027 494 2896 3451 55 2923 2986 490 2931 3494 341 2990 3380 135 3048 3194 226 3187 3432 46 3365 3415 
27 233 38 303 517 157 718 198 318 542 558 335 942 418 600 1065 569 894 1535 472 1032 1568 70 1173 1250 17 1326 1345 336 1507 1869 534 1522 2128 572 1743 2372 94 1746 1849 433 1882 2358 505 1963 2513 213 2213 2448 221 2594 2847 103 2600 2715 480 2697 3223 443 2802 3305 66 2850 2921 217 3072 3312 154 3290 3470 213 3324 3551 79 3366 3453 137 3408 3561 2 3484 3487 
27 411 61 512 359 62 480 365 82 496 169 255 444 270 263 568 502 544 1115 435 1496 1958 47 1597 1647 553 1843 2469 251 1910 2193 500 1978 2538 429 2030 2502 95 2138 2243 344 2167 2543 187 2423 2631 413 2433 2907 545 2476 3074 316 2498 2859 103 2644 2764 490 2826 3345 115 3105 3233 91 3158 3259 212 3205 3434 213 3219 3463 99 3394 3505 39 3399 3443 4 3531 3536 
27 157 21 204 310 70 421 2 72 75 134 74 225 368 90 497 168 380 556 538 393 1004 354 417 790 342 573 935 338 818 1200 346 940 1327 502 959 1536 579 1079 1721 630 1129 1811 386 1346 1767 578 1587 2192 73 1601 1682 245 1713 1980 51 2173 2229 488 2189 2705 296 2391 2711 69 2452 2531 160 2586 2766 69 2792 2868 570 2796 3452 437 2890 3359 345 3165 3549 
