10 194
17 293 142 563 143 337 502 42 553 613 217 1432 1759 297 1728 2116 127 2053 2211 538 2306 3052 92 2392 2504 464 2519 3062 266 2769 3222 526 3095 3870 62 3117 3202 222 3201 3520 566 3210 3956 137 3479 3662 183 3724 3963 15 3941 3960 
26 492 437 1107 114 479 614 263 594 958 645 617 1384 82 688 801 374 834 1363 130 975 1138 16 1042 1061 283 1139 1531 238 1305 1578 173 1733 1964 255 1809 2128 187 1860 2091 44 2078 2132 140 2554 2725 340 2844 3290 29 2853 2891 244 2994 3363 323 3229 3614 182 3251 3497 167 3330 3547 435 3344 3895 364 3357 3753 103 3639 3763 91 3776 3905 17 3947 3965 
24 21 57 84 314 254 695 91 381 496 414 469 966 96 555 675 325 729 1149 568 1014 1778 44 1134 1194 127 1195 1347 71 1228 1316 243 1459 1783 265 1616 1916 365 1692 2200 277 1759 2143 482 1819 2486 486 1826 2431 116 1965 2097 221 2285 2546 152 2428 2631 223 2467 2772 189 2556 2811 38 3419 3491 168 3538 3745 3 3960 3964 
18 124 8 180 215 316 597 454 459 1108 561 556 1313 135 754 937 9 874 887 42 1150 1200 294 1254 1608 234 1479 1791 524 2224 2943 226 2335 2621 488 2444 3090 75 2527 2626 254 2559 2894 396 2741 3326 260 3395 3764 61 3472 3551 135 3585 3766 
14 208 247 515 350 257 706 482 841 1488 615 1166 1939 541 1648 2430 548 1689 2430 371 2016 2556 103 2314 2451 196 2475 2701 604 2501 3252 357 2764 3226 552 3037 3763 13 3295 3311 178 3391 3616 
20 374 104 646 226 281 589 245 421 727 111 730 880 128 1144 1300 207 1412 1737 275 1846 2158 134 1968 2124 397 2058 2632 432 2172 2729 395 2459 3032 485 2612 3254 467 2888 3532 290 3294 3661 306 3374 3785 113 3616 3783 154 3723 3900 87 3750 3855 17 3793 3816 95 3838 3969 
23 209 141 401 67 362 456 62 389 474 9 493 505 196 572 834 145 882 1067 54 1193 1278 464 1461 2130 77 1597 1717 559 1756 2439 324 2271 2703 202 2591 2873 19 2598 2624 543 2636 3334 428 2677 3254 631 3137 3917 514 3248 3850 168 3372 3623 161 3372 3585 61 3676 3750 123 3795 3957 34 3888 3933 35 3930 3976 
16 326 61 456 136 62 227 474 440 1093 577 476 1270 312 484 952 121 1387 1539 21 1436 1463 131 1644 1804 151 1779 1978 368 1827 2300 507 1845 2485 437 2423 3027 330 2571 3038 389 2729 3219 480 2931 3585 172 3148 3348 
20 547 285 993 170 398 629 93 509 623 78 603 710 380 1256 1734 230 1971 2283 181 2188 2451 264 2260 2634 41 2287 2344 310 2525 2963 552 2636 3303 448 2685 3263 507 2753 3383 321 2928 3397 358 3050 3561 59 3142 3216 292 3479 3837 72 3514 3604 3 3759 3763 7 3958 3966 
16 133 70 249 397 114 798 278 172 566 325 200 668 500 359 989 150 553 754 235 666 943 520 849 1565 130 980 1146 424 1010 1611 93 1452 1576 565 1649 2424 145 1861 2076 27 2252 2285 110 3006 3146 83 3122 3229 
