10 52
8 272 616 961 172 702 912 100 1280 1409 149 2192 2375 309 2377 2760 129 2521 2722 39 2987 3038 2 3123 3126 
5 14 1104 1123 244 1410 1726 395 1655 2154 494 1731 2299 125 1743 1912 
5 385 700 1205 276 788 1158 122 1083 1237 185 2730 2997 25 3095 3126 
3 339 1662 2167 334 1760 2214 118 1960 2140 
3 320 1327 1774 150 1827 2033 426 2173 2740 
5 225 268 603 21 1014 1041 386 1660 2152 297 1973 2400 7 3106 3115 
8 224 336 652 374 851 1331 86 1325 1438 87 2110 2221 14 2801 2819 105 2867 3012 60 3007 3094 5 3095 3101 
5 316 534 936 209 535 838 364 1424 1904 54 2168 2241 129 2924 3101 
5 312 131 622 251 156 442 51 1548 1620 100 2204 2339 137 2867 3043 
5 301 239 603 92 1144 1261 233 1449 1787 54 2254 2327 339 2539 2970 
