10 69
5 226 895 1332 264 995 1426 275 1448 1966 90 2120 2331 137 2250 2518 
9 172 389 643 357 653 1244 179 766 1015 47 1825 1925 47 2041 2130 293 2492 2978 112 2897 3047 88 2903 3075 18 2970 3000 
6 284 623 1047 214 819 1343 295 826 1329 251 1117 1653 10 1373 1400 24 2548 2593 
8 339 518 1098 30 680 727 104 858 1001 257 1176 1564 266 2173 2803 242 2338 2620 48 3115 3213 114 3273 3473 
5 507 778 1463 384 815 1499 293 880 1330 318 1960 2503 188 2209 2607 
6 114 231 410 309 604 1168 73 1828 1914 356 2433 3090 393 2741 3365 217 2856 3148 
12 275 344 746 313 1131 1592 47 1533 1618 133 1746 1937 22 1789 1829 55 2301 2369 331 2882 3432 28 2898 2955 195 2913 3250 117 2972 3143 88 3326 3468 24 3434 3466 
6 429 1493 2067 333 1603 2168 54 1981 2094 373 2181 2745 70 2300 2492 360 2995 3475 
5 367 558 1133 259 1641 2061 229 1803 2184 358 2304 2850 287 2336 2845 
7 215 877 1274 173 2090 2318 124 2229 2529 384 2727 3349 180 2784 3084 9 2905 2919 115 3279 3491 
