10 176
17 375 77 568 116 124 281 202 602 878 174 623 865 233 626 933 312 1035 1485 447 1135 1794 344 1260 1742 309 1401 1834 381 2076 2594 211 2091 2360 13 2198 2215 104 2503 2634 85 2882 3001 587 3224 4049 198 3723 4012 51 4062 4129 
20 96 19 137 186 42 264 533 43 813 147 252 461 336 352 778 276 612 932 621 775 1608 456 1124 1756 533 1557 2321 165 2043 2279 91 2815 2917 546 3129 3860 215 3185 3492 423 3229 3739 120 3547 3717 13 3814 3834 212 3870 4141 12 3980 3994 4 3992 3997 16 4025 4044 
15 191 54 370 209 731 1021 234 1602 1958 535 1764 2447 381 2410 2979 198 2501 2755 419 2721 3215 215 3086 3381 357 3261 3762 245 3261 3602 302 3397 3833 312 3420 3914 160 3846 4085 152 3940 4116 84 3947 4057 
16 337 200 700 70 639 742 579 663 1452 377 692 1172 36 712 764 144 976 1165 426 984 1567 437 1146 1858 347 1287 1814 123 1355 1523 20 1698 1722 173 1867 2104 84 2050 2159 216 2942 3207 470 3227 3891 8 4020 4032 
18 607 137 936 290 252 682 630 283 1116 641 430 1251 188 666 937 495 687 1366 274 837 1182 53 1634 1705 228 2038 2343 465 2206 2733 21 2778 2806 106 2782 2939 145 2819 3024 354 2923 3360 28 3174 3213 136 3185 3360 131 3759 3955 66 3950 4038 
19 320 378 799 139 754 941 80 826 935 295 1179 1550 353 1371 1842 454 1442 2066 150 1452 1652 421 1591 2167 126 1647 1834 153 1705 1917 195 1866 2144 411 2045 2608 130 2441 2596 73 2482 2574 189 2660 2883 370 2663 3161 291 3462 3861 221 3670 3949 131 3940 4122 
21 139 51 268 10 443 456 412 465 987 442 1387 1947 99 1752 1901 661 1791 2564 216 1811 2122 624 2221 2925 601 2309 3023 146 2730 2925 76 2960 3070 475 3002 3635 423 3168 3685 50 3246 3310 467 3342 4009 244 3567 3886 302 3717 4112 122 3859 4039 11 3863 3876 6 3968 3975 11 4109 4122 
15 531 188 916 115 522 664 454 663 1254 176 1182 1420 456 1459 2099 489 1507 2086 557 1514 2252 150 1639 1834 557 2418 3152 185 2918 3153 91 3148 3272 355 3332 3814 490 3472 4109 225 3565 3855 133 3925 4133 
17 368 220 724 560 263 929 331 299 810 446 813 1421 206 1022 1303 109 1065 1203 290 1414 1796 385 1554 2081 233 1561 1864 301 1959 2385 65 2542 2625 63 2649 2729 244 2910 3268 288 2989 3375 216 3018 3326 83 3300 3432 89 4017 4125 
18 322 438 938 609 906 1708 144 1215 1414 622 1308 2078 378 1504 1986 151 1583 1776 119 1859 2030 29 1861 1896 291 2114 2475 222 2155 2455 144 2202 2392 595 2783 3608 546 3029 3707 259 3507 3883 103 3654 3800 102 3787 3916 19 4128 4151 14 4137 4154 
