10 117
12 229 20 270 204 94 305 236 1002 1259 187 1164 1360 338 1203 1589 523 1287 1854 331 1516 1887 144 1680 1834 321 1875 2216 494 1983 2548 32 2959 2996 46 3039 3091 
14 14 47 62 212 84 316 544 300 890 132 467 606 554 882 1478 333 1129 1497 165 1731 1912 432 1799 2257 431 1816 2284 224 1967 2210 364 2080 2473 270 2231 2527 37 2686 2728 23 3078 3104 
14 279 17 320 482 93 623 170 438 629 41 539 583 265 1308 1591 26 1679 1708 401 2054 2488 457 2075 2571 222 2372 2628 373 2579 2992 121 2659 2790 86 2675 2773 202 2837 3061 27 3011 3041 
8 304 581 933 522 1246 1836 473 1408 1934 189 1976 2179 426 2411 2888 456 2613 3116 299 2782 3114 37 3073 3115 
9 86 132 228 466 379 923 148 685 857 288 1966 2286 376 2057 2486 257 2261 2554 224 2270 2513 575 2390 3006 292 2678 3011 
10 301 516 850 325 969 1310 503 1343 1904 443 1391 1905 340 1513 1878 239 1809 2075 555 2133 2745 242 2480 2765 163 2792 2976 38 3084 3126 
13 121 166 296 269 505 805 478 1138 1675 68 1519 1593 405 1712 2152 245 1807 2071 128 1820 1959 490 1934 2487 367 2478 2901 480 2601 3107 12 3013 3026 79 3029 3118 11 3101 3113 
12 515 8 575 203 226 445 332 873 1240 123 1145 1278 264 1437 1744 118 1440 1569 236 2136 2402 278 2336 2640 501 2410 2967 280 2683 2978 41 2867 2914 91 3027 3126 
14 116 128 251 236 610 866 506 691 1268 221 787 1040 154 852 1027 209 898 1118 132 1029 1170 314 1076 1442 181 1166 1361 118 1681 1817 233 2617 2882 100 2976 3087 78 2989 3078 46 3041 3090 
11 521 251 804 156 323 498 81 782 869 291 1493 1817 486 1545 2083 184 1784 2002 474 1860 2389 397 2410 2832 78 2620 2711 200 2714 2934 188 2821 3023 
