15 50
2 120 224 449 71 1119 1220 
1 96 532 772 
6 77 164 265 54 183 277 31 513 562 12 665 679 158 1063 1270 16 1245 1269 
5 113 19 236 10 90 107 25 410 456 15 1142 1169 3 1215 1220 
3 120 95 267 29 659 708 148 1048 1246 
2 127 154 381 64 238 375 
5 119 207 373 34 353 392 102 609 751 5 659 666 67 667 782 
3 132 231 428 51 583 663 80 1084 1192 
4 23 726 768 103 752 951 12 770 787 150 883 1124 
3 155 580 793 121 691 922 3 887 891 
3 20 549 587 80 715 923 124 915 1065 
4 168 8 251 25 1017 1056 68 1040 1148 26 1217 1257 
4 65 141 246 94 207 366 37 786 851 16 1246 1267 
2 147 667 895 49 1172 1274 
3 35 541 596 178 809 1053 44 1119 1210 
