10 125
12 151 293 457 303 381 715 227 475 726 435 488 968 410 495 933 267 1312 1618 280 2151 2444 455 2199 2715 132 2224 2377 242 2757 3021 156 2806 2975 20 2869 2890 
15 174 50 246 30 298 331 94 1172 1271 203 1236 1466 41 1281 1325 21 1299 1322 559 1652 2244 317 1702 2057 245 1744 2013 82 1744 1837 400 2016 2459 245 2102 2375 486 2512 3049 157 2802 2976 75 2878 2959 
13 100 371 477 560 381 989 140 601 758 424 633 1106 311 771 1127 528 1150 1729 6 1165 1172 340 1296 1673 98 1574 1679 6 2302 2309 195 2517 2738 320 2652 3000 154 2707 2880 
14 155 524 695 415 680 1127 65 796 868 31 1504 1537 177 1538 1729 379 1619 2042 491 1886 2439 398 2164 2588 263 2202 2505 281 2362 2670 569 2479 3078 11 2875 2887 125 2942 3079 5 3081 3087 
10 233 672 928 544 773 1377 483 1042 1568 310 1355 1703 500 1534 2089 192 1870 2090 457 2065 2564 111 2324 2449 353 2634 3028 12 2688 2701 
12 463 63 567 451 232 732 172 520 715 17 657 675 295 1072 1400 139 1179 1330 354 1399 1795 28 1406 1438 420 2013 2477 285 2334 2647 183 2375 2577 214 2465 2698 
9 325 141 510 490 376 912 227 376 628 481 1024 1566 67 1418 1492 207 1717 1962 380 2014 2443 440 2486 2965 193 2746 2963 
14 302 81 409 48 215 268 517 260 824 222 589 839 79 671 759 431 1086 1586 42 1414 1459 11 1480 1492 388 1649 2093 124 1936 2071 285 2044 2361 93 2427 2530 20 2749 2771 42 2890 2939 
13 365 287 693 479 380 897 234 940 1199 105 1126 1245 138 1603 1758 391 1703 2136 170 1874 2064 128 1951 2084 219 2131 2373 527 2227 2804 41 2256 2299 167 2317 2499 200 2816 3042 
13 95 192 295 232 452 718 27 487 515 143 1534 1705 314 1539 1885 214 1621 1850 464 1634 2150 463 2261 2787 129 2381 2533 383 2444 2867 454 2453 2963 26 2499 2528 7 2959 2967 
