10 132
9 463 379 1030 394 510 1114 166 1259 1496 448 1831 2430 464 2087 2714 357 2599 3077 64 2825 2921 601 2901 3605 11 3285 3300 
13 283 193 550 210 588 865 188 938 1175 29 1388 1421 49 1579 1652 327 1593 2089 473 1896 2509 380 1968 2432 548 2388 3111 164 3008 3272 205 3333 3575 35 3438 3486 18 3540 3561 
16 180 361 601 144 375 565 153 414 601 193 638 907 83 949 1055 196 955 1225 178 1050 1249 56 1304 1380 355 1742 2228 79 1765 1867 463 1931 2604 289 2121 2455 415 2397 3035 163 3070 3292 85 3478 3589 2 3652 3655 
13 30 3 46 194 199 442 214 249 565 369 706 1199 248 810 1161 304 1096 1477 324 1458 1938 439 2082 2650 34 2091 2136 389 2303 2827 71 2614 2716 58 3456 3538 13 3611 3628 
12 221 100 438 121 927 1085 348 1172 1617 373 1413 1875 311 1463 1862 93 1595 1723 391 1859 2382 358 2138 2731 202 2749 2971 73 3235 3337 12 3279 3294 22 3435 3465 
13 57 18 87 112 196 355 461 667 1305 400 745 1347 568 855 1525 105 1003 1141 262 1335 1698 179 1400 1650 40 2255 2306 465 2266 2907 116 2438 2584 101 3080 3200 58 3467 3534 
18 274 310 681 174 364 592 71 393 485 189 590 844 111 675 815 214 772 1060 443 904 1459 44 1300 1358 357 1300 1776 226 1487 1801 10 2228 2240 177 2230 2446 509 2687 3297 160 2844 3057 57 2851 2923 549 3060 3651 15 3545 3565 4 3645 3650 
11 217 169 455 197 395 691 107 570 715 407 710 1312 443 783 1398 57 898 986 43 1113 1171 145 1476 1667 150 1887 2100 281 2846 3239 174 3113 3331 
12 311 370 776 600 581 1265 225 674 999 464 691 1326 408 806 1286 430 1339 1910 120 1430 1629 531 1827 2513 38 2221 2274 215 3355 3604 47 3418 3489 104 3453 3571 
15 279 9 369 285 215 552 552 313 954 262 477 794 23 646 679 126 1076 1255 203 1363 1609 360 1428 1934 7 1606 1616 433 2128 2778 276 2211 2582 24 2562 2595 251 3227 3541 54 3468 3539 3 3593 3597 
