10 115
11 536 212 894 487 1216 1781 12 1241 1257 179 1509 1748 301 1545 1937 312 1934 2344 246 2366 2678 372 2680 3182 36 2845 2893 268 2865 3222 205 3189 3467 
16 300 290 659 182 674 906 147 953 1147 65 1235 1335 249 1608 1948 152 1692 1881 160 1747 1971 46 2200 2268 201 2235 2512 286 2275 2691 191 2557 2822 118 2668 2808 318 2917 3286 185 3162 3400 71 3386 3472 2 3467 3470 
10 450 11 579 7 140 149 297 572 1001 351 1173 1600 468 1785 2424 282 1885 2283 458 2277 2970 70 2377 2485 10 3239 3251 81 3312 3415 
12 135 98 293 302 122 497 21 281 311 184 493 718 76 527 621 64 646 719 455 1466 2113 482 1680 2323 233 2085 2384 487 2682 3318 182 2993 3205 73 3069 3178 
12 126 373 527 321 492 902 60 628 712 206 983 1275 465 1303 1876 360 1528 2000 35 2188 2233 127 2544 2758 370 2719 3209 367 2935 3390 221 2993 3278 64 3230 3311 
9 604 762 1453 412 879 1401 403 1421 1938 147 1518 1741 490 2065 2706 468 2113 2709 266 2525 2857 132 2564 2785 297 2728 3111 
15 130 159 321 30 199 241 532 343 957 28 564 600 41 688 745 263 1547 1874 464 1640 2246 155 1681 1934 455 1968 2600 239 2201 2506 31 2850 2886 385 2909 3404 95 3128 3257 115 3196 3355 160 3233 3438 
9 121 87 262 292 287 702 389 334 845 470 721 1360 418 957 1494 193 1395 1662 387 1408 1999 12 1573 1588 233 2698 3011 
11 282 25 420 472 91 716 339 461 896 82 550 661 379 810 1276 147 1018 1189 539 1336 2027 244 1817 2160 69 2268 2352 100 2647 2776 230 3042 3352 
10 437 315 1010 451 1309 1893 565 1714 2331 359 2121 2551 345 2745 3270 361 2911 3356 30 3065 3102 154 3127 3324 131 3155 3329 140 3303 3480 
