10 41
4 367 376 918 401 2313 2844 119 2765 2938 139 2926 3104 
3 229 392 674 400 1047 1557 423 1484 2088 
3 446 204 784 233 2075 2391 328 2341 2743 
4 281 874 1244 330 1112 1571 242 1528 1913 270 1614 1950 
5 428 972 1519 284 1542 1889 319 2091 2584 218 2658 2923 36 3045 3095 
2 445 1926 2540 445 2026 2590 
6 299 276 672 223 1484 1772 17 1658 1679 288 1775 2197 327 2457 2832 88 2839 2947 
7 110 918 1077 350 1536 2008 36 1891 1939 228 2593 2920 184 2804 3018 119 2908 3077 70 2984 3074 
3 395 299 830 35 2207 2257 287 2662 3097 
4 424 20 543 238 130 444 380 228 706 237 684 1031 
