10 108
9 398 283 727 274 311 621 357 940 1334 289 1245 1578 487 1259 1792 254 1766 2037 286 2301 2612 343 2458 2840 109 2800 2924 
9 196 81 298 331 127 504 211 612 841 564 1248 1868 359 1611 2001 64 2001 2072 360 2195 2588 503 2328 2874 410 2605 3065 
15 30 101 134 437 161 645 265 185 490 283 432 754 36 1009 1047 63 1068 1137 429 1801 2275 129 1932 2069 140 2158 2308 417 2215 2680 387 2696 3115 244 2777 3051 103 2820 2935 49 2986 3041 41 3047 3091 
13 294 141 474 431 643 1127 109 861 983 224 1055 1308 511 1154 1722 341 1354 1726 147 1495 1661 221 1503 1739 135 1692 1849 153 1771 1937 186 2474 2678 115 2749 2873 3 3109 3113 
8 303 647 987 496 991 1587 202 1157 1393 382 1547 1973 372 1914 2340 105 2125 2236 415 2426 2904 188 2544 2754 
10 388 327 759 361 418 832 339 786 1164 8 916 925 123 1023 1160 16 1024 1042 177 1674 1878 540 1915 2505 370 1939 2351 393 2619 3055 
11 261 245 539 89 282 383 426 727 1205 91 853 954 514 999 1575 350 1954 2341 82 1958 2051 208 2408 2636 291 2420 2755 323 2615 2965 208 2722 2940 
11 393 69 527 386 364 794 127 814 954 59 816 881 61 1934 1999 387 2271 2704 517 2445 3030 453 2612 3103 216 2693 2937 81 2978 3071 38 3072 3113 
12 578 12 635 472 225 746 338 788 1156 407 808 1250 163 965 1151 131 1535 1683 317 1869 2210 388 1915 2340 480 2126 2670 25 2728 2755 261 2798 3079 57 3019 3080 
10 31 547 581 386 740 1167 356 744 1135 89 745 847 570 821 1437 373 877 1312 254 1767 2055 459 1778 2284 413 1922 2385 130 2266 2411 
