10 441
41 642 3 704 121 79 217 171 300 492 410 327 779 297 335 655 561 474 1073 686 519 1264 397 524 959 299 650 991 16 827 845 275 1044 1348 69 1191 1273 428 1200 1685 325 1354 1730 10 1401 1412 538 1419 2012 255 1464 1734 664 1568 2285 490 1764 2321 114 1802 1931 657 1842 2594 259 1860 2149 394 2269 2709 469 2339 2881 651 2455 3176 233 2524 2784 406 2622 3081 736 2628 3437 102 2742 2855 297 2873 3183 205 2917 3148 316 3074 3422 727 3198 4014 423 3213 3666 513 3243 3804 192 3297 3516 343 3298 3682 96 3478 3586 32 3580 3614 271 3612 3909 174 3743 3942 
44 256 101 380 392 156 589 250 187 457 413 193 644 378 485 903 65 497 571 132 501 643 575 603 1232 172 677 870 458 772 1279 381 833 1268 207 899 1132 752 1098 1913 643 1166 1888 380 1217 1632 191 1380 1592 42 1530 1576 713 1571 2346 467 1616 2141 383 1645 2070 238 1733 1994 78 2103 2188 466 2114 2643 448 2198 2676 679 2232 2988 185 2321 2535 414 2529 3004 283 2533 2852 388 2709 3139 373 2769 3163 605 2776 3433 681 2927 3684 623 3037 3742 105 3043 3161 215 3121 3358 179 3152 3357 169 3354 3543 436 3373 3859 214 3417 3656 138 3519 3671 388 3584 4021 4 3998 4003 51 4012 4066 10 4079 4090 
49 483 6 536 700 85 854 116 181 315 373 481 901 503 679 1281 279 691 994 65 753 826 86 798 892 131 820 963 547 1042 1667 205 1127 1354 493 1273 1855 550 1390 1989 170 1422 1612 70 1458 1535 145 1575 1736 64 1623 1694 731 1725 2524 89 1728 1824 276 1785 2099 243 1862 2115 162 1888 2062 661 2027 2716 166 2077 2262 391 2149 2597 314 2188 2524 87 2199 2296 377 2218 2661 286 2358 2660 350 2459 2835 161 2471 2654 137 2524 2678 358 2544 2925 446 2611 3119 56 2632 2692 154 2704 2878 8 2861 2870 614 2926 3594 334 2975 3361 281 3139 3447 108 3239 3356 25 3252 3280 677 3282 4037 444 3362 3837 381 3397 3827 459 3398 3928 280 3435 3748 455 3444 3939 92 3825 3930 
43 161 159 333 208 352 573 568 352 981 624 493 1216 136 630 778 10 650 661 68 750 825 403 761 1234 115 796 924 607 1040 1724 764 1172 1978 206 1239 1469 325 1338 1715 389 1343 1784 717 1370 2149 266 1407 1712 246 1444 1725 75 1478 1563 125 1517 1662 447 1622 2134 342 1655 2036 533 1713 2296 610 1725 2393 241 2174 2442 549 2208 2847 218 2403 2647 558 2423 3038 266 2576 2871 117 2612 2741 136 2625 2777 710 2647 3462 435 3033 3525 177 3210 3405 355 3378 3756 328 3435 3788 331 3449 3811 244 3544 3825 386 3649 4063 83 3655 3752 163 3757 3949 175 3902 4088 24 4021 4048 7 4073 4081 
41 7 128 136 594 199 856 634 432 1136 301 446 775 582 523 1144 95 654 761 586 916 1545 713 1004 1796 503 1099 1648 719 1140 1948 459 1243 1732 290 1295 1588 126 1353 1488 663 1372 2104 228 1681 1937 481 1808 2348 639 1881 2611 417 1898 2386 302 1898 2235 70 2025 2107 468 2070 2574 234 2185 2438 563 2362 2966 216 2434 2673 415 2525 2989 156 2670 2845 443 2673 3174 373 2778 3185 296 2861 3180 443 2895 3389 700 2969 3727 228 2979 3232 209 3008 3241 718 3035 3809 673 3054 3800 364 3103 3507 708 3173 3942 5 3352 3358 46 3746 3797 30 4060 4092 5 4085 4091 
38 607 13 671 646 71 790 293 199 530 574 221 868 496 258 789 441 390 870 338 391 769 202 467 695 738 546 1346 20 556 578 688 692 1475 351 706 1109 455 1028 1535 518 1171 1733 351 1210 1591 612 1300 1950 705 1341 2095 466 1901 2426 571 1907 2561 305 2061 2398 205 2061 2290 92 2182 2277 36 2350 2389 224 2780 3034 622 2813 3500 500 2940 3519 712 3004 3806 55 3115 3176 277 3199 3504 636 3276 3968 442 3475 3982 189 3489 3703 314 3518 3857 114 3522 3649 172 3684 3880 94 3770 3876 173 3857 4046 37 3942 3983 
48 565 0 664 554 95 701 522 131 725 85 176 269 479 197 751 350 337 712 603 377 1031 208 644 884 115 651 780 424 835 1282 188 869 1075 502 887 1423 514 938 1495 217 1076 1330 298 1085 1416 307 1091 1428 114 1300 1429 522 1308 1912 67 1439 1515 381 1596 2019 649 1746 2428 62 1788 1855 668 2002 2738 122 2039 2171 27 2136 2166 366 2165 2576 450 2274 2770 127 2294 2429 269 2313 2624 204 2356 2573 65 2453 2525 502 2636 3195 696 2764 3523 302 2802 3138 88 2991 3085 560 3239 3852 186 3284 3486 78 3330 3416 54 3405 3465 297 3437 3765 415 3439 3908 520 3469 4059 15 3470 3486 348 3717 4089 206 3748 3987 241 3828 4084 107 3956 4077 6 4085 4092 
48 416 81 556 462 93 624 150 220 381 24 327 354 451 493 990 159 786 968 539 811 1399 506 877 1426 275 909 1212 96 909 1015 126 1195 1341 260 1327 1633 43 1343 1391 415 1352 1809 323 1417 1765 536 1481 2046 182 1518 1724 548 1592 2221 2 1656 1659 288 2001 2323 371 2036 2444 152 2109 2275 574 2187 2829 273 2235 2542 353 2284 2664 666 2353 3085 300 2399 2737 38 2478 2520 602 2531 3194 674 2543 3273 614 2671 3353 424 3072 3543 564 3082 3707 524 3227 3822 382 3312 3714 648 3342 4033 370 3383 3789 70 3383 3459 542 3427 4033 263 3750 4046 118 3756 3885 73 3793 3875 179 3854 4048 70 3897 3973 89 3912 4007 45 4040 4089 29 4046 4078 4 4055 4060 
49 524 69 659 661 129 894 495 141 681 567 231 834 653 267 1023 450 301 825 316 301 651 33 552 589 179 561 758 143 609 770 185 632 825 285 767 1072 96 792 896 283 828 1135 436 1025 1503 299 1084 1415 704 1481 2264 551 1654 2254 635 1770 2510 139 1831 1988 723 1840 2651 28 1909 1939 67 1963 2038 24 1970 1996 284 2090 2399 583 2095 2739 704 2391 3148 324 2451 2804 164 2471 2664 64 2655 2726 29 2722 2753 15 2738 2754 431 2910 3408 430 2924 3410 551 2976 3576 117 3127 3259 103 3294 3405 393 3355 3791 18 3424 3444 218 3541 3786 371 3576 3986 77 3649 3737 142 3656 3810 211 3765 4008 44 3911 3959 2 3914 3917 27 3976 4005 37 4024 4064 4 4086 4091 
40 521 38 607 450 188 682 362 195 598 435 218 710 252 243 525 467 359 876 233 494 759 541 507 1110 523 623 1221 293 697 1016 111 991 1107 12 1005 1018 558 1345 1970 321 1463 1812 640 1488 2191 591 1601 2257 33 1764 1800 161 1792 1965 379 2043 2462 679 2097 2833 276 2101 2409 664 2202 2898 389 2212 2649 93 2404 2505 192 2470 2679 87 2473 2571 505 2639 3207 716 2684 3475 465 2782 3293 561 2835 3440 186 2997 3204 722 2998 3773 341 3036 3410 621 3113 3801 750 3156 3971 400 3211 3670 720 3225 4009 203 3461 3686 9 3502 3512 4 3984 3989 
