15 162
13 116 121 248 214 124 351 140 186 342 94 423 522 217 445 692 85 486 580 218 571 802 5 664 670 45 806 854 158 871 1047 4 892 897 72 1015 1091 25 1232 1258 
11 37 30 70 230 103 352 173 110 304 172 225 411 170 381 571 199 586 799 53 592 650 78 941 1026 26 984 1013 127 1039 1186 61 1190 1257 
14 115 36 162 9 58 68 165 331 516 32 353 389 90 369 467 137 395 543 166 427 617 43 548 597 101 670 782 41 827 873 105 910 1024 16 930 947 14 1052 1067 61 1126 1194 
9 171 38 213 223 38 283 215 75 305 62 119 187 199 131 352 28 473 504 166 664 854 65 666 736 218 926 1170 
11 190 129 334 77 137 223 155 165 344 59 329 392 162 576 756 29 742 775 212 795 1037 187 952 1163 58 1034 1095 25 1139 1167 11 1163 1175 
9 41 66 109 230 141 395 102 368 479 232 460 711 136 544 699 142 719 890 166 900 1085 32 1222 1257 16 1242 1259 
10 154 14 183 145 91 260 14 216 231 78 360 447 150 363 525 49 394 448 194 441 658 26 442 471 143 826 985 221 906 1148 
13 150 7 181 149 12 170 117 29 155 23 35 61 69 69 144 79 239 327 27 257 286 47 328 380 182 329 523 155 624 791 59 880 945 139 1041 1197 87 1163 1263 
7 217 103 335 196 210 443 209 476 706 180 548 757 59 970 1037 181 970 1178 31 1172 1206 
10 191 158 372 152 244 417 77 336 421 116 456 584 151 566 735 181 605 806 184 616 810 223 769 1015 26 1134 1162 6 1238 1245 
14 20 79 101 212 139 366 143 496 657 100 573 689 56 612 675 88 735 833 69 751 826 111 770 897 78 784 872 201 952 1176 154 1016 1179 6 1139 1146 33 1178 1214 30 1232 1264 
14 79 60 149 84 143 233 151 175 344 32 228 262 69 371 449 31 379 413 198 585 809 221 709 955 34 728 766 53 1045 1104 66 1073 1146 97 1120 1222 4 1137 1142 38 1201 1241 
9 67 45 118 37 111 152 153 289 457 73 567 646 203 665 880 214 679 929 195 787 1006 137 920 1073 13 1162 1176 
7 186 7 208 2 124 127 160 144 316 183 261 464 200 384 608 178 416 606 210 705 950 
11 51 31 86 103 318 436 38 368 409 96 437 546 222 468 714 62 598 669 197 686 905 73 694 774 234 708 962 174 1023 1210 5 1267 1273 
