10 285
31 260 47 336 174 72 272 81 467 553 102 613 727 526 764 1369 570 1038 1699 303 1128 1458 80 1212 1297 279 1294 1586 379 1294 1725 124 1479 1613 445 1747 2250 280 1765 2071 319 1787 2133 352 1834 2240 18 2077 2096 87 2295 2390 46 2411 2461 156 2438 2617 466 2454 2980 517 2486 3081 324 2488 2854 130 2636 2778 81 2817 2906 110 2861 2983 106 2930 3051 50 3049 3107 233 3200 3466 95 3276 3379 105 3310 3427 50 3450 3505 
34 235 5 262 466 92 615 76 200 279 151 305 464 16 402 420 478 521 1052 26 627 656 247 679 955 471 773 1312 78 778 858 444 923 1412 285 1036 1351 36 1233 1271 101 1380 1491 259 1576 1880 180 1577 1779 366 1664 2083 297 1685 2024 579 1695 2324 407 1785 2215 154 1937 2115 9 2146 2156 188 2504 2710 600 2792 3449 319 2845 3204 59 2965 3032 353 3030 3426 90 3243 3341 198 3278 3499 120 3313 3449 65 3400 3475 9 3401 3411 94 3402 3510 43 3452 3499 
27 520 61 615 216 321 561 257 442 733 144 545 709 56 618 683 392 743 1165 204 910 1137 162 1137 1325 471 1342 1866 294 1399 1732 415 1437 1903 337 1439 1817 490 1544 2083 84 1558 1652 449 1708 2208 245 2152 2426 588 2170 2841 145 2236 2398 69 2433 2512 560 2665 3281 446 2713 3210 76 2737 2819 230 2777 3034 304 2951 3286 202 3053 3295 166 3115 3304 69 3429 3503 
27 433 0 483 632 166 864 558 253 859 97 1012 1117 389 1037 1465 64 1267 1338 249 1272 1546 346 1436 1822 296 1478 1810 382 1538 1959 229 1649 1897 385 1750 2185 326 2105 2469 165 2176 2363 165 2293 2482 176 2381 2573 183 2601 2815 617 2607 3299 372 2622 3040 183 2648 2855 563 2718 3339 258 2832 3115 81 2848 2937 474 2891 3393 249 3010 3274 44 3366 3415 65 3413 3484 
26 114 57 182 545 257 880 176 302 492 392 528 960 479 669 1223 517 735 1292 382 1178 1608 15 1184 1200 308 1258 1596 613 1309 1980 162 1606 1783 562 1873 2493 142 1915 2074 155 1954 2133 235 2000 2262 446 2066 2564 197 2206 2419 472 2327 2877 615 2453 3141 444 2715 3216 403 2828 3258 181 2846 3050 345 2998 3366 68 3420 3494 19 3475 3495 16 3491 3508 
27 329 86 452 478 268 802 188 323 528 549 823 1457 575 845 1484 586 1411 2071 377 1441 1873 97 1477 1585 563 1586 2205 551 1659 2287 117 1685 1809 77 1873 1959 448 2032 2543 17 2064 2082 316 2249 2601 141 2504 2663 221 2569 2812 160 2610 2787 249 2674 2959 61 2676 2741 638 2764 3458 162 2926 3103 158 3035 3209 81 3039 3126 161 3068 3246 7 3334 3342 71 3432 3509 
27 77 50 132 90 312 408 566 331 979 574 514 1146 190 742 953 12 747 760 376 792 1192 466 809 1326 165 1010 1199 554 1085 1720 295 1312 1642 588 1480 2138 45 1494 1544 269 1675 1970 260 2196 2501 299 2211 2547 463 2339 2862 314 2549 2910 468 2810 3342 256 2898 3173 97 2959 3072 418 3025 3481 18 3032 3051 85 3123 3217 42 3136 3182 72 3352 3430 4 3445 3450 
35 629 42 725 291 265 587 487 280 823 160 462 631 8 478 487 21 554 576 47 571 625 93 613 716 605 633 1330 93 730 836 382 748 1177 297 768 1093 2 864 867 155 868 1039 339 873 1243 251 1035 1309 132 1089 1231 341 1409 1782 484 1457 1991 587 1469 2111 439 1503 1987 15 1663 1680 241 1857 2114 123 1880 2023 600 2036 2679 633 2065 2735 191 2230 2435 155 2599 2767 25 2626 2653 82 2674 2764 245 2987 3254 349 3011 3405 37 3093 3132 103 3183 3297 27 3334 3363 
20 179 484 687 618 778 1478 411 979 1430 141 1096 1268 459 1117 1648 617 1333 2011 428 1568 2038 587 1631 2283 390 1756 2180 109 1789 1913 88 1888 1989 186 1967 2173 533 1971 2578 496 2093 2669 338 2326 2693 468 2597 3115 635 2767 3450 470 2957 3475 199 3155 3376 139 3158 3309 
31 142 101 257 339 280 659 569 495 1121 191 553 774 479 564 1076 315 871 1221 461 949 1460 275 973 1277 373 1008 1409 43 1042 1090 622 1137 1831 204 1188 1407 607 1523 2184 178 1556 1750 601 1574 2216 104 1651 1767 341 1837 2210 619 2037 2728 247 2091 2371 444 2234 2705 147 2281 2443 2 2390 2393 642 2474 3154 62 2679 2748 148 2825 2994 135 2860 3009 225 3157 3408 111 3205 3328 103 3212 3328 99 3256 3366 74 3289 3374 
