10 287
27 128 52 190 247 153 428 462 226 772 157 231 408 301 528 867 667 1103 1845 126 1184 1315 63 1352 1420 15 1429 1446 269 1472 1799 578 1480 2110 546 1500 2098 633 1853 2574 129 1974 2124 201 2130 2346 503 2168 2746 85 2177 2267 438 2422 2952 275 2424 2739 403 2630 3059 137 2630 2780 344 2709 3099 239 2761 3035 682 2857 3583 93 3420 3519 55 3500 3559 17 3683 3702 
28 268 50 343 655 53 775 562 193 806 198 232 460 27 336 364 592 555 1249 235 900 1165 229 1067 1324 363 1162 1565 31 1167 1200 443 1169 1655 103 1301 1409 34 1343 1381 170 1560 1755 628 1606 2321 60 1891 1957 32 1973 2009 644 2315 3031 673 2478 3195 348 2534 2916 421 2814 3283 638 2866 3594 509 2916 3487 89 3096 3197 94 3128 3235 96 3340 3446 78 3352 3435 32 3686 3721 
28 527 45 627 594 119 756 517 165 720 114 298 427 72 534 611 570 539 1189 119 1036 1172 355 1161 1552 363 1362 1794 274 1413 1713 402 1535 1979 445 1611 2111 291 1797 2137 261 1937 2225 391 2154 2580 255 2303 2581 341 2365 2756 297 2508 2828 644 2696 3433 72 2863 2949 69 2878 2956 356 2879 3285 223 2954 3195 144 3123 3285 212 3166 3395 323 3307 3651 13 3432 3446 62 3491 3559 
29 446 96 586 367 156 552 335 163 520 631 260 957 537 303 920 110 337 459 539 662 1235 373 666 1107 205 771 999 394 818 1247 416 835 1318 378 956 1364 172 1059 1241 553 1352 1965 230 1436 1701 85 1475 1569 11 1498 1510 427 1611 2087 26 1626 1655 378 1737 2167 206 2173 2404 256 2201 2484 224 2241 2486 526 2376 2921 667 2475 3186 374 2861 3286 320 2960 3316 73 3365 3448 99 3454 3563 
29 454 76 599 516 172 747 202 703 929 443 705 1197 397 868 1304 475 1023 1555 591 1141 1801 358 1195 1570 12 1524 1537 230 1715 1969 477 1791 2328 85 2029 2120 406 2139 2578 234 2158 2421 447 2265 2757 239 2324 2580 203 2356 2579 41 2393 2438 218 2422 2657 193 2564 2794 105 2617 2732 267 2918 3223 67 2924 3002 661 2933 3668 422 3128 3606 255 3193 3478 228 3366 3610 84 3555 3649 2 3717 3720 
24 152 10 185 416 140 593 606 235 883 381 276 688 615 299 966 387 336 773 96 357 469 370 397 818 258 869 1154 356 1074 1472 469 1237 1738 595 1500 2174 602 1540 2233 132 1636 1784 338 1787 2181 231 1909 2163 416 2032 2515 396 2082 2535 496 2103 2641 218 2780 3027 340 3223 3608 68 3599 3675 80 3621 3709 2 3710 3713 
24 398 29 499 112 129 254 447 277 770 293 690 1017 627 860 1562 182 1041 1248 298 1049 1373 132 1652 1797 626 1658 2347 578 1939 2595 572 2052 2699 251 2230 2502 596 2318 3004 505 2372 2919 85 2426 2521 374 2441 2851 9 2495 2505 627 2664 3377 217 2751 2988 197 2778 2995 378 3112 3532 308 3346 3683 35 3565 3604 31 3670 3705 
34 63 58 127 531 267 854 152 418 581 183 706 912 454 1019 1505 428 1135 1589 253 1442 1724 134 1598 1746 521 1686 2261 621 1689 2387 461 1707 2222 533 1799 2387 442 1815 2279 149 1879 2046 121 1889 2023 116 2001 2135 202 2130 2351 477 2158 2689 225 2204 2448 22 2205 2228 310 2208 2556 159 2269 2442 59 2301 2365 210 2529 2764 373 2711 3118 559 2777 3387 377 2845 3270 124 2887 3026 13 2932 2946 226 3023 3283 280 3271 3574 133 3371 3518 237 3378 3643 40 3551 3596 
29 449 553 1078 654 633 1317 109 833 956 189 1003 1220 217 1311 1546 48 1319 1372 327 1390 1749 657 1541 2261 572 1594 2241 501 1871 2402 119 1985 2114 283 1989 2285 472 2052 2598 352 2083 2467 243 2116 2384 110 2135 2258 314 2378 2735 542 2648 3276 378 2700 3118 88 2746 2848 80 2767 2857 433 2861 3360 294 3156 3487 126 3199 3343 395 3215 3659 251 3408 3695 98 3485 3593 180 3510 3704 93 3547 3647 
35 254 9 282 60 104 167 41 471 518 540 472 1059 181 634 832 355 642 1023 394 667 1093 522 1029 1597 196 1302 1532 66 1312 1387 272 1318 1622 47 1521 1573 408 1551 2015 391 1764 2200 238 1963 2228 123 2008 2144 509 2027 2591 425 2114 2581 576 2237 2863 258 2475 2767 271 2703 2991 319 2757 3105 533 2801 3403 365 2830 3235 596 2921 3567 290 3136 3457 397 3273 3714 133 3323 3477 50 3329 3383 149 3415 3573 199 3466 3683 13 3502 3516 12 3532 3545 57 3634 3697 4 3712 3717 
