10 407
42 647 1 705 72 80 162 315 104 454 554 145 797 179 291 487 712 294 1074 324 368 731 338 386 754 537 560 1146 170 745 931 320 780 1133 332 818 1202 694 820 1589 256 859 1133 237 913 1184 30 1209 1243 640 1696 2404 599 1708 2369 563 1766 2395 229 1833 2084 406 1867 2349 223 1929 2178 692 2000 2760 664 2005 2739 9 2126 2136 311 2228 2567 138 2290 2448 37 2569 2612 204 2666 2890 315 2699 3043 576 2949 3612 303 3042 3372 549 3139 3756 203 3149 3385 486 3237 3771 282 3257 3567 447 3263 3764 190 3472 3689 22 3684 3708 29 3915 3947 41 3923 3968 9 3959 3969 
33 544 119 756 196 140 361 86 183 275 435 374 876 556 478 1106 243 576 842 369 583 998 562 637 1265 646 730 1459 683 759 1544 248 874 1141 556 949 1576 398 1048 1486 534 1270 1894 493 1491 2022 535 1753 2337 644 1926 2670 301 2007 2338 683 2224 2969 710 2327 3101 129 2327 2480 215 2623 2862 686 2928 3676 394 2938 3371 665 2994 3707 702 3123 3898 125 3216 3354 520 3347 3928 118 3529 3656 177 3602 3810 136 3704 3860 250 3708 3977 35 3921 3958 
37 39 92 136 614 461 1184 516 471 1030 140 522 673 262 855 1142 608 897 1620 141 937 1093 253 1314 1595 649 1360 2074 305 1428 1767 635 1631 2345 619 1657 2349 659 1811 2555 585 1832 2460 672 1906 2629 320 1930 2297 210 2064 2298 283 2107 2408 682 2119 2891 81 2197 2283 212 2247 2479 527 2275 2885 611 2438 3135 62 2482 2551 676 2705 3436 542 2726 3341 428 2781 3231 107 2973 3086 63 2981 3051 660 3203 3970 402 3276 3730 254 3343 3626 188 3388 3586 284 3389 3696 373 3478 3907 186 3686 3892 11 3874 3886 
40 569 29 662 358 137 541 338 164 543 292 200 529 702 205 987 6 396 403 221 435 672 31 706 738 540 865 1444 51 926 982 745 1020 1800 539 1355 1919 525 1395 1993 277 1430 1727 503 1435 2005 663 1451 2170 341 1652 2015 561 1663 2296 676 1677 2421 167 1782 1970 657 1842 2602 279 1853 2166 601 1979 2660 331 1985 2350 211 2051 2285 25 2085 2112 333 2328 2707 552 2369 2944 60 2440 2504 484 2659 3227 655 2663 3406 403 2756 3213 525 2956 3531 659 2992 3710 221 3067 3318 358 3349 3749 156 3484 3654 15 3644 3661 94 3702 3803 44 3727 3774 
44 451 1 508 265 188 475 652 193 962 486 255 785 175 504 701 457 519 1046 146 560 721 80 663 751 323 734 1100 586 842 1504 454 880 1390 687 905 1672 238 1013 1282 255 1033 1319 105 1221 1338 300 1227 1577 53 1341 1397 533 1394 1989 195 1535 1752 30 1639 1672 571 1881 2538 381 2027 2458 350 2070 2444 322 2187 2544 458 2218 2725 267 2299 2599 356 2414 2784 572 2581 3196 539 2667 3306 371 2744 3162 193 2835 3045 519 3001 3589 602 3070 3721 495 3156 3688 96 3157 3255 58 3230 3292 83 3264 3353 291 3616 3943 224 3673 3924 30 3681 3714 23 3826 3851 86 3838 3938 13 3953 3967 5 3965 3971 
39 592 0 650 230 2 258 524 22 614 280 39 339 237 59 333 233 169 422 656 183 897 702 235 1004 234 426 700 144 463 625 643 542 1258 231 627 885 219 1081 1323 677 1217 1955 671 1267 2024 287 1284 1611 438 1312 1803 50 1421 1476 7 1452 1460 423 1568 2038 544 1583 2185 335 1927 2297 254 2006 2297 345 2413 2815 488 2425 2973 434 2579 3075 439 2696 3220 466 2719 3242 481 2756 3276 145 2774 2934 481 2824 3359 124 2829 2964 249 2954 3236 422 3147 3602 612 3212 3885 179 3575 3769 158 3771 3947 124 3842 3974 48 3918 3972 
41 102 39 148 184 173 363 580 198 836 512 257 807 498 519 1051 334 652 1019 193 706 927 586 842 1453 514 865 1422 699 885 1638 690 953 1704 518 1201 1782 567 1249 1889 382 1278 1677 340 1562 1941 712 1588 2372 314 1935 2286 712 1985 2778 490 2070 2609 244 2166 2437 188 2399 2617 677 2489 3262 265 2526 2827 478 2542 3109 367 2631 3031 49 2648 2702 668 2702 3449 496 2740 3292 141 2744 2894 254 2761 3042 511 2813 3375 527 2990 3555 134 3023 3165 210 3172 3405 209 3176 3412 597 3274 3964 167 3411 3603 168 3704 3887 199 3752 3976 35 3898 3937 2 3972 3975 
38 229 101 349 162 139 318 112 184 306 410 246 686 269 388 700 625 472 1144 681 569 1329 30 594 627 598 657 1317 401 922 1343 455 1071 1561 638 1086 1789 664 1108 1878 134 1147 1300 702 1397 2183 637 1453 2189 394 1465 1904 21 1632 1654 254 2077 2361 415 2174 2648 667 2290 2992 181 2294 2507 3 2294 2298 673 2534 3254 372 2693 3121 373 2732 3152 471 2781 3330 297 2811 3148 673 3012 3754 534 3025 3614 692 3096 3880 517 3151 3731 52 3202 3257 70 3257 3336 226 3558 3813 128 3613 3759 67 3843 3920 115 3847 3978 
49 172 2 197 444 124 608 172 380 573 315 440 799 103 762 869 22 807 831 502 943 1496 119 1106 1232 186 1302 1509 527 1394 1993 434 1603 2093 359 1606 2007 54 1796 1858 348 1827 2216 304 1962 2297 76 2012 2093 58 2014 2080 246 2073 2354 78 2136 2228 252 2158 2437 545 2170 2791 155 2217 2388 664 2289 3046 256 2389 2664 716 2407 3188 481 2541 3071 336 2561 2931 653 2579 3306 13 2989 3003 159 3004 3182 611 3095 3761 513 3149 3734 519 3154 3718 83 3346 3441 336 3364 3759 385 3385 3820 498 3397 3938 304 3435 3788 289 3474 3795 370 3546 3951 285 3598 3902 311 3638 3977 281 3644 3950 227 3665 3915 163 3768 3939 152 3786 3955 30 3922 3955 11 3935 3947 3 3971 3975 
44 515 13 607 87 20 115 627 109 820 555 679 1325 53 845 903 47 967 1017 74 987 1068 663 1045 1757 690 1081 1842 422 1158 1646 302 1276 1603 170 1482 1674 520 1488 2068 70 1821 1898 504 1841 2392 39 1889 1931 593 1926 2597 385 1928 2363 7 2054 2062 457 2089 2586 529 2209 2792 275 2246 2563 550 2254 2874 306 2278 2619 551 2298 2906 461 2358 2858 48 2523 2575 667 2536 3294 362 2542 2949 418 2680 3145 325 2774 3143 121 2785 2920 516 2872 3437 19 2916 2936 710 2992 3771 664 3086 3818 26 3177 3204 448 3356 3841 219 3628 3885 53 3775 3830 58 3842 3904 30 3900 3933 15 3909 3925 12 3922 3935 
