10 37
3 236 116 553 259 364 874 9 591 607 
3 301 954 1387 26 1692 1737 342 2334 2832 
4 101 146 326 355 516 1072 126 2604 2816 16 3108 3133 
5 178 169 404 336 388 978 62 2315 2450 109 2899 3063 68 2963 3100 
5 10 45 68 357 1588 2157 6 1714 1723 311 1807 2226 57 2773 2904 
3 327 439 916 338 2360 2871 60 2791 2882 
4 40 542 633 244 714 1183 296 1489 1931 14 1657 1680 
5 20 1260 1297 463 1424 2003 247 1582 2155 276 2451 2807 10 3045 3062 
2 292 1055 1500 412 1088 1707 
3 191 1180 1522 225 2148 2515 58 2867 2966 
