10 112
11 154 743 964 139 774 949 460 1007 1619 370 1736 2290 454 2412 2984 172 2437 2662 68 2456 2544 493 2630 3281 189 2752 2992 300 2976 3395 105 3101 3268 
12 326 194 603 217 250 516 357 585 1041 566 980 1600 47 1422 1486 220 1620 1965 144 1830 2019 265 2483 2832 289 2798 3200 109 2893 3034 85 2905 3034 223 3010 3345 
11 493 641 1247 472 661 1347 286 1200 1535 288 1496 1909 503 1689 2382 76 1699 1799 64 1953 2042 12 1975 1991 79 3121 3235 224 3138 3446 182 3275 3544 
14 77 85 193 254 216 558 370 376 886 168 443 671 68 1208 1303 313 1308 1758 220 1659 1940 58 2095 2166 217 2646 2900 255 2838 3167 18 2899 2923 309 2948 3329 374 3013 3518 16 3529 3550 
13 372 50 541 461 132 788 134 869 1066 170 1067 1296 178 1552 1777 347 1568 1993 380 1771 2241 12 1946 1962 167 1959 2185 85 1989 2086 300 2523 2950 207 2942 3232 154 3220 3468 
7 352 259 711 411 1416 2019 302 1759 2191 293 2304 2722 572 2650 3308 431 2858 3465 175 3067 3307 
9 170 333 554 62 1048 1130 7 1098 1107 314 1270 1723 296 1856 2241 319 2086 2541 343 2300 2860 289 2548 2998 320 3028 3471 
12 131 31 213 503 58 709 179 384 631 378 452 912 166 951 1162 52 994 1061 469 1612 2246 46 2280 2343 371 2316 2790 575 2471 3174 572 2477 3170 54 3110 3180 
12 416 127 725 70 761 849 134 1193 1376 381 1528 1991 300 1574 1932 103 1580 1719 75 1726 1836 423 2353 2841 6 2507 2514 317 2516 2905 303 2584 2944 368 2894 3491 
11 298 113 478 591 571 1246 254 774 1072 176 794 1094 392 836 1442 115 1483 1633 69 2128 2224 397 2644 3151 145 2838 3019 248 3126 3451 93 3130 3261 
