10 36
5 9 969 984 340 1453 1952 180 1547 1784 127 1725 1917 128 2122 2566 
4 84 930 1068 329 1473 1973 329 2046 2500 21 2439 2483 
4 64 1128 1227 229 1369 1789 122 2572 2765 77 2708 2853 
2 219 1394 1796 307 2067 2520 
2 80 548 735 289 847 1344 
4 99 388 581 204 901 1184 30 1107 1150 214 2615 2939 
4 256 320 796 211 733 1035 182 922 1236 66 1917 2033 
6 134 87 297 10 624 639 11 1542 1560 43 1985 2045 273 2056 2585 240 2254 2676 
2 176 743 1050 319 2342 2829 
3 342 278 821 109 2670 2884 5 3018 3026 
