10 290
29 116 27 158 300 47 387 524 334 904 555 444 1065 541 621 1227 375 676 1100 442 1145 1630 151 1260 1428 615 1480 2135 112 1779 1895 551 1780 2393 201 1827 2056 448 1915 2418 129 2128 2268 525 2144 2741 382 2237 2661 98 2256 2362 587 2650 3283 202 2698 2918 184 2704 2902 225 2754 2997 636 2851 3579 15 2889 2906 84 3045 3138 123 3091 3227 76 3251 3336 153 3286 3455 50 3582 3634 19 3587 3607 
32 57 40 108 122 97 233 669 298 1019 28 308 338 644 344 1057 287 346 661 405 446 903 73 674 756 308 684 1036 276 698 1004 491 802 1341 576 829 1445 87 837 934 114 853 977 516 890 1459 261 928 1212 360 965 1353 226 1243 1484 467 1323 1828 17 1562 1581 378 1576 2015 657 1661 2369 100 2223 2334 294 2292 2618 253 2475 2759 26 2974 3001 418 3043 3514 350 3083 3472 298 3094 3411 75 3107 3188 327 3201 3567 42 3507 3554 
34 45 50 99 58 190 255 284 268 595 516 336 901 579 339 956 328 480 832 451 720 1203 67 898 973 336 1123 1527 589 1128 1776 163 1148 1320 203 1234 1454 658 1297 2003 641 1313 2035 436 1313 1790 287 1354 1681 530 1394 1993 301 1449 1782 390 1511 1937 538 1673 2252 99 1788 1897 288 1902 2210 60 2213 2281 47 2492 2543 97 2515 2623 204 2941 3158 276 3092 3393 277 3238 3536 42 3278 3324 281 3305 3617 108 3493 3617 20 3542 3564 18 3567 3586 3 3635 3639 
31 288 1 311 238 225 476 622 484 1191 594 634 1294 27 728 758 272 965 1268 429 1019 1486 7 1021 1029 4 1035 1040 199 1258 1483 355 1658 2055 621 1800 2513 231 1810 2070 124 1816 1953 590 1899 2545 167 2023 2199 185 2234 2444 265 2396 2675 50 2472 2526 441 2481 2944 547 2585 3197 477 2638 3196 233 2764 3016 231 2881 3146 20 2977 2999 402 3147 3593 47 3181 3233 330 3205 3572 200 3242 3468 139 3297 3450 5 3642 3648 
28 619 104 792 117 193 319 534 326 920 463 438 944 289 1163 1482 357 1181 1565 63 1246 1315 64 1295 1368 478 1332 1896 340 1387 1755 175 1505 1692 225 1650 1909 442 1662 2142 584 1754 2394 557 2101 2734 501 2292 2829 293 2382 2717 471 2388 2924 143 2481 2647 254 2510 2794 549 2549 3154 422 2610 3075 400 2651 3102 443 2652 3104 199 3101 3313 81 3129 3222 98 3405 3512 26 3598 3627 
27 387 33 473 78 180 267 189 225 433 353 437 819 438 560 1046 300 752 1089 301 885 1225 328 892 1243 162 896 1072 302 1042 1374 3 1149 1153 486 1246 1781 339 1250 1614 364 1710 2112 546 1746 2370 484 1850 2363 564 2038 2622 475 2049 2577 259 2251 2536 568 2367 3022 489 2663 3231 519 2673 3238 565 2961 3601 17 3219 3237 239 3324 3574 30 3400 3434 125 3498 3632 
24 647 32 714 214 112 357 161 162 334 561 456 1079 230 673 933 396 758 1202 595 880 1500 371 980 1412 147 995 1170 481 1255 1790 593 1309 1977 6 1575 1582 302 1972 2309 171 2066 2261 328 2276 2627 584 2352 2981 93 2501 2607 70 2533 2606 582 2537 3210 537 2649 3253 98 2712 2822 563 3005 3641 274 3098 3408 277 3333 3644 
30 417 15 452 22 114 138 552 270 862 467 398 944 6 784 791 635 994 1686 63 1242 1313 329 1271 1640 417 1373 1829 60 1378 1444 665 1444 2159 164 1677 1858 345 1722 2099 607 1918 2570 637 2145 2853 617 2217 2904 561 2232 2845 468 2236 2746 35 2405 2442 254 2596 2886 582 2603 3227 53 2715 2773 165 2780 2960 396 2870 3320 464 2995 3507 257 2999 3277 100 3277 3387 77 3428 3518 7 3484 3492 32 3618 3652 
26 326 233 590 255 463 743 276 490 796 45 526 576 519 817 1401 600 854 1508 252 1002 1276 349 1218 1603 577 1434 2074 87 1646 1744 465 1920 2440 392 2083 2538 409 2142 2597 76 2261 2346 419 2373 2822 603 2390 3029 528 2458 3033 518 2630 3208 110 2646 2764 543 2647 3259 282 2851 3166 96 2884 2990 67 3129 3204 254 3170 3449 282 3312 3650 52 3414 3472 
29 401 6 470 602 90 760 44 402 453 146 432 594 190 494 704 356 524 928 27 699 728 76 1077 1162 198 1188 1397 329 1331 1687 307 1407 1748 448 1493 2001 476 1709 2246 575 1737 2391 69 1739 1817 520 1768 2317 287 1841 2165 574 2520 3160 149 2528 2693 234 2544 2801 607 2597 3252 489 2720 3266 592 2833 3495 99 2860 2969 220 3208 3454 35 3234 3273 3 3359 3363 37 3528 3569 16 3634 3653 
