10 115
11 481 317 846 99 429 538 555 438 1049 415 694 1165 267 812 1111 170 1463 1649 238 1599 1864 69 1649 1727 189 2385 2595 224 2928 3175 160 2977 3160 
9 130 262 405 113 300 432 345 614 994 475 1001 1569 354 1615 2011 331 1792 2167 393 1873 2303 494 2204 2762 36 3125 3166 
8 526 3 569 165 33 220 356 50 453 413 674 1125 583 900 1542 528 959 1538 405 1610 2065 41 3107 3152 
13 180 350 549 128 566 710 368 925 1335 184 1111 1312 345 1391 1783 567 1481 2104 329 2567 2939 118 2608 2743 172 2795 2989 240 2856 3119 73 3108 3184 75 3115 3203 22 3166 3189 
9 50 651 704 558 679 1316 308 1172 1517 303 2175 2513 512 2381 2943 325 2396 2756 578 2463 3089 427 2519 3000 4 3170 3175 
16 87 199 296 39 292 335 105 827 937 197 987 1217 386 1349 1759 202 1427 1648 342 1468 1843 306 1515 1868 31 1815 1851 439 1953 2450 49 2019 2072 513 2106 2646 274 2324 2621 131 3056 3202 58 3140 3206 3 3209 3213 
12 218 343 593 214 777 1014 150 919 1093 87 1053 1151 130 1277 1423 117 1611 1745 142 1886 2041 530 1930 2520 389 2032 2472 510 2548 3085 336 2649 3029 3 3123 3127 
14 282 409 737 462 729 1242 221 951 1209 181 1013 1219 142 1322 1476 175 1522 1717 485 1724 2239 540 1903 2495 99 2049 2163 28 2172 2203 144 2491 2657 150 2772 2941 6 2886 2893 111 2910 3037 
11 503 271 828 221 309 548 54 380 441 4 460 465 52 604 665 118 1140 1270 384 1540 1984 586 1761 2397 461 1991 2510 437 2693 3170 87 2984 3083 
12 392 117 558 307 367 713 312 679 1038 186 820 1028 161 901 1087 567 1029 1632 135 1189 1330 362 1699 2101 99 1784 1889 314 2412 2763 278 2481 2778 99 2919 3028 
