10 78
6 270 73 737 167 513 796 325 1487 1978 187 1932 2270 177 2682 2877 33 3419 3493 
8 50 143 218 218 228 595 238 818 1333 350 1225 1827 139 1718 2006 141 2578 2815 3 2654 2659 2 3562 3565 
5 69 265 374 178 610 869 316 2413 3012 152 3115 3534 248 3166 3552 
9 16 136 157 257 652 1248 146 1280 1519 317 1536 2128 371 1730 2331 429 2113 2606 19 2398 2427 23 3068 3111 6 3513 3521 
11 32 150 197 213 229 574 72 496 732 217 879 1252 69 1053 1184 8 1186 1197 51 2551 2628 113 2713 2983 164 2986 3208 78 3216 3329 17 3425 3458 
9 69 36 152 50 320 390 165 460 655 321 999 1582 258 1163 1554 245 1824 2318 428 2707 3419 61 2799 2897 4 3554 3559 
11 43 67 137 336 333 886 55 696 821 248 844 1364 64 1080 1202 84 1126 1260 157 2246 2542 6 2260 2271 137 3246 3446 44 3474 3546 16 3516 3539 
5 56 749 880 187 1133 1490 193 1886 2249 279 2000 2674 140 2194 2498 
5 350 1264 1781 141 1272 1570 319 1352 1805 266 2137 2661 359 2571 3173 
9 437 461 1057 106 471 641 112 718 875 426 823 1510 331 1493 2205 254 2336 2772 7 2353 2368 42 3386 3458 9 3493 3513 
