10 103
9 385 331 832 142 775 978 457 1097 1688 341 1145 1582 138 1277 1457 139 1671 1869 475 2376 2967 305 2501 2886 171 3108 3360 
11 296 196 588 588 199 860 503 578 1226 49 844 904 198 1368 1609 319 1648 2150 286 1900 2269 172 2210 2433 49 2590 2655 189 2714 2961 253 2962 3301 
12 261 100 483 158 109 308 79 435 532 335 531 963 205 1209 1489 196 1315 1585 293 1352 1696 297 1589 1975 110 1829 1986 405 1888 2387 13 2663 2678 457 2834 3391 
12 246 508 808 426 1569 2198 435 1725 2362 63 1867 1962 130 2227 2397 17 2373 2394 43 2807 2880 178 2866 3085 199 2986 3267 75 3092 3206 170 3189 3413 35 3379 3424 
10 124 321 471 450 683 1311 257 914 1312 196 1237 1502 84 1427 1525 396 1592 2110 430 2121 2681 370 2457 2925 191 2897 3159 32 3393 3440 
8 400 183 752 389 514 1165 344 1054 1519 128 1180 1370 10 2797 2808 371 2884 3378 13 3099 3118 119 3221 3404 
7 282 33 441 86 1356 1470 294 1480 1905 242 1662 1986 243 1818 2152 435 2303 2926 341 2935 3424 
11 292 1471 1854 429 1971 2478 203 1984 2254 79 2375 2478 121 2426 2589 274 2507 2872 478 2622 3275 73 2798 2912 380 2814 3366 192 3052 3330 209 3071 3336 
11 213 1185 1493 540 1283 1956 73 1387 1487 152 1475 1676 24 1800 1830 346 1814 2297 119 2028 2205 343 2103 2595 418 2361 2926 287 2927 3306 4 3270 3275 
12 4 218 223 175 238 499 440 487 1016 216 900 1194 67 977 1070 353 1116 1549 189 1180 1415 494 1285 1945 120 1694 1832 451 2493 3122 437 2773 3365 101 3004 3113 
