10 50
6 218 675 958 392 1326 1873 16 2064 2085 474 2215 2816 75 2237 2344 2 3108 3111 
4 163 425 700 325 551 979 120 1063 1224 311 2647 3082 
4 300 934 1323 332 1255 1689 98 2166 2295 366 2400 2933 
6 166 1490 1695 2 1510 1513 306 1574 1955 241 2207 2549 225 2313 2609 87 2495 2617 
6 4 1308 1313 435 1396 1988 225 1917 2232 125 1935 2091 247 2070 2394 3 2890 2894 
3 330 1694 2133 353 1848 2365 91 2325 2446 
7 322 72 469 85 488 592 97 1461 1582 341 2001 2442 155 2144 2371 87 2269 2372 60 2594 2673 
5 254 966 1339 123 1122 1293 178 1926 2179 73 2551 2665 33 2793 2841 
4 235 1697 2040 282 1916 2323 210 1968 2217 270 2698 3027 
5 408 567 1054 236 1375 1674 150 2423 2628 250 2428 2734 119 2845 3012 
