10 112
12 309 168 517 106 468 581 26 1189 1218 322 1212 1561 366 1266 1697 504 1458 2025 26 1726 1756 326 2183 2544 204 2360 2581 561 2409 3007 139 2770 2915 68 2888 2965 
14 395 546 987 372 847 1246 173 847 1037 82 926 1019 276 1048 1337 109 1223 1343 295 1265 1585 139 1330 1482 440 2116 2605 9 2445 2455 518 2470 3033 281 2638 2953 25 2822 2849 46 3020 3071 
8 422 503 984 211 857 1096 533 926 1483 19 1399 1420 104 1689 1801 404 1708 2170 541 1749 2355 512 1782 2336 
9 92 649 751 414 741 1187 104 777 893 503 864 1435 540 1027 1606 447 1155 1630 225 1262 1518 489 2078 2618 316 2193 2545 
12 251 142 412 169 539 732 479 623 1149 73 1133 1215 157 1177 1362 531 1227 1832 296 1765 2104 91 1922 2016 172 2036 2225 70 2078 2152 308 2499 2860 97 2921 3029 
13 96 85 189 98 334 447 147 367 528 459 436 929 505 704 1268 232 830 1085 328 1507 1858 61 1520 1588 334 1994 2375 430 2056 2496 61 2450 2521 321 2689 3042 92 2935 3037 
9 402 272 711 399 331 758 468 985 1509 174 1351 1548 441 1393 1866 135 1690 1842 506 2343 2918 258 2622 2903 87 2870 2971 
8 553 44 628 330 318 692 81 470 561 526 882 1458 477 1005 1537 283 1972 2290 206 2104 2340 443 2272 2763 
14 377 250 660 62 602 669 373 842 1253 136 1453 1597 139 1504 1658 301 1714 2060 301 1838 2167 32 1938 1974 70 1944 2021 334 1999 2359 27 2303 2334 180 2391 2598 344 2496 2864 421 2568 3040 
13 39 492 534 105 622 741 287 985 1302 116 1201 1327 158 1512 1687 488 1781 2338 471 2254 2751 197 2401 2622 281 2450 2762 499 2509 3064 109 2525 2651 51 2733 2787 63 2863 2929 
