10 429
49 587 2 636 154 166 331 431 316 816 604 348 997 671 447 1171 404 486 944 439 520 997 34 524 561 382 610 1012 110 626 753 126 873 1015 481 949 1493 278 1007 1299 259 1051 1321 183 1303 1503 33 1312 1349 119 1365 1492 73 1498 1577 43 1560 1608 46 1573 1624 602 1763 2436 237 1938 2189 723 1977 2742 137 2041 2188 459 2312 2814 280 2319 2622 361 2331 2732 456 2445 2952 443 2506 2987 527 2509 3110 302 2588 2921 440 2597 3085 558 2621 3237 101 3012 3121 478 3030 3581 354 3070 3457 622 3123 3827 383 3259 3694 204 3342 3580 223 3372 3623 311 3429 3781 131 3453 3593 356 3461 3837 223 3497 3733 112 3549 3672 103 3638 3749 129 3670 3815 30 3699 3731 6 3838 3845 
44 441 31 501 425 119 583 27 177 206 201 299 520 656 345 1092 25 376 403 194 469 684 617 505 1203 307 674 1007 224 746 990 197 772 997 665 811 1551 151 839 1003 616 885 1541 103 899 1010 696 902 1636 473 1045 1587 641 1195 1909 556 1279 1901 529 1452 2021 58 1501 1564 271 1627 1934 516 1721 2297 447 1874 2392 164 1875 2062 122 1893 2023 668 2034 2744 96 2046 2150 296 2075 2420 507 2092 2665 598 2167 2836 99 2235 2347 408 2400 2833 240 2444 2710 538 2841 3429 378 2864 3292 605 2913 3559 239 3012 3279 287 3175 3492 40 3333 3376 47 3457 3509 28 3728 3759 14 3729 3744 20 3795 3817 
50 484 102 634 567 198 835 642 243 934 598 289 932 203 301 527 126 334 478 43 384 431 510 470 1029 147 482 648 89 560 658 526 700 1283 90 972 1067 452 986 1479 198 1223 1434 35 1238 1279 197 1267 1481 360 1271 1668 586 1306 1959 92 1321 1420 648 1341 2069 228 1383 1635 93 1680 1784 78 1751 1834 128 1805 1949 118 1894 2022 530 1919 2505 691 1949 2690 679 2050 2796 304 2120 2454 367 2174 2578 479 2212 2745 73 2257 2333 184 2382 2596 154 2502 2676 155 2509 2688 335 2651 3022 147 2695 2860 144 2699 2864 272 2710 3022 526 2712 3268 587 2723 3377 464 2898 3392 88 3199 3295 255 3377 3642 196 3401 3618 302 3499 3831 284 3554 3864 72 3592 3671 70 3618 3692 7 3857 3865 
45 591 119 767 575 420 1056 190 490 708 377 506 931 51 512 569 127 579 717 177 595 793 77 658 743 653 679 1399 508 766 1315 242 834 1102 439 846 1323 492 1028 1584 160 1037 1220 83 1128 1225 223 1367 1604 294 1379 1706 610 1422 2109 314 1440 1787 379 1519 1925 481 1535 2068 115 1605 1737 333 1717 2085 282 1718 2041 49 1744 1798 290 1755 2075 6 1778 1785 308 1829 2159 536 2051 2644 562 2367 2952 242 2380 2649 26 2457 2486 669 2668 3405 188 2805 3010 521 2878 3491 320 2963 3319 319 2970 3314 215 2993 3250 103 3101 3219 522 3216 3781 492 3222 3771 209 3362 3591 98 3421 3527 111 3732 3854 4 3859 3864 
37 649 0 733 572 267 923 57 361 426 649 401 1118 511 510 1110 487 528 1038 354 562 964 197 640 858 130 819 970 277 841 1145 419 917 1384 565 928 1562 595 995 1681 288 1069 1404 211 1149 1385 336 1175 1548 404 1299 1757 30 1482 1516 142 1595 1757 236 1597 1856 268 1616 1922 328 1691 2062 560 1934 2568 667 2132 2857 316 2144 2481 372 2451 2870 527 2478 3057 225 2543 2785 438 2614 3088 382 2835 3245 604 2952 3623 382 2963 3387 136 3006 3159 61 3416 3485 65 3483 3554 22 3811 3835 8 3854 3863 
48 713 14 774 71 22 101 352 174 543 117 200 332 611 213 877 123 305 448 618 328 1004 361 479 883 197 496 710 393 589 1049 332 648 1020 303 727 1079 370 779 1197 245 839 1135 488 1037 1558 154 1091 1271 148 1114 1279 132 1393 1540 130 1590 1734 372 1614 2044 598 1825 2507 53 1914 1973 129 1941 2081 145 1972 2129 415 2025 2499 190 2108 2308 454 2178 2653 569 2181 2770 231 2285 2530 385 2314 2726 65 2335 2407 147 2372 2536 63 2732 2800 408 2743 3189 504 2775 3337 298 2814 3131 667 2816 3563 50 2861 2915 563 2878 3514 489 2938 3506 348 3061 3432 515 3091 3647 565 3123 3737 357 3413 3796 104 3579 3697 34 3700 3737 30 3817 3849 10 3854 3865 
40 610 235 906 490 358 891 577 421 1061 603 563 1202 185 619 822 266 687 978 255 721 1000 459 805 1328 500 841 1418 112 845 968 105 992 1109 223 1026 1274 393 1027 1463 296 1102 1430 165 1425 1615 318 1440 1790 327 1628 1994 59 1643 1705 681 1665 2430 177 1719 1916 520 1725 2282 534 1816 2427 541 1930 2533 370 2054 2481 331 2393 2740 216 2417 2676 179 2488 2681 306 2505 2843 289 2577 2911 355 2587 2975 375 2595 3016 185 2613 2812 211 2792 3022 653 2815 3522 387 2829 3285 414 2884 3321 592 3024 3681 163 3107 3281 4 3457 3462 55 3690 3750 
39 213 66 305 262 236 533 607 249 936 613 469 1149 575 708 1357 29 790 823 496 932 1470 247 937 1224 362 1000 1413 245 1499 1770 281 1545 1853 351 1614 2007 611 1694 2358 665 1718 2453 424 1769 2242 556 1828 2430 255 1893 2171 601 1991 2664 481 2022 2546 587 2022 2669 519 2321 2912 227 2326 2577 441 2432 2930 174 2451 2645 628 2712 3411 165 2769 2954 494 2983 3537 308 3114 3446 446 3300 3786 238 3474 3760 290 3520 3834 94 3549 3653 55 3583 3644 148 3605 3774 104 3617 3732 110 3708 3832 35 3763 3801 26 3767 3794 39 3812 3853 
42 56 187 246 371 258 686 521 379 963 82 531 622 379 552 985 279 555 870 313 781 1123 672 923 1650 483 983 1498 439 988 1479 318 1029 1386 630 1203 1937 171 1246 1435 624 1279 1966 189 1304 1519 238 1376 1648 132 1391 1544 414 1435 1889 239 1506 1787 555 1684 2291 198 1809 2043 307 1934 2252 83 2074 2165 147 2081 2245 229 2093 2343 64 2145 2214 234 2181 2445 217 2411 2640 236 2564 2842 40 2746 2790 630 2818 3545 298 2829 3156 142 2982 3142 705 3035 3795 661 3052 3766 557 3078 3701 371 3205 3607 402 3281 3709 320 3293 3638 372 3376 3800 223 3401 3642 273 3411 3705 
35 437 24 509 108 52 173 659 324 1049 511 433 1001 178 504 705 16 534 551 373 689 1129 619 714 1354 27 923 953 166 1138 1327 582 1309 1949 371 1325 1741 540 1392 1988 303 1478 1827 559 1537 2210 481 1549 2080 256 1638 1936 366 1675 2091 467 1712 2235 338 1738 2109 579 1761 2411 451 2055 2564 398 2143 2608 607 2186 2851 695 2284 3053 337 2570 2944 120 2814 2947 347 2821 3190 406 3126 3562 409 3127 3571 216 3249 3484 529 3273 3841 411 3332 3780 317 3456 3805 62 3627 3695 
