10 111
11 288 44 586 312 884 1285 80 1701 1908 445 1723 2335 204 1843 2197 420 2077 2754 10 2214 2233 104 2530 2741 274 2696 3135 271 2921 3345 18 3675 3706 
10 204 243 603 272 393 891 60 790 936 105 1383 1563 459 1600 2382 484 1609 2240 338 2234 2958 345 3456 3934 4 3875 3883 3 3956 3960 
12 142 136 532 130 414 735 223 420 821 26 1064 1100 238 1531 2063 193 1732 1982 61 1865 1960 242 2187 2563 48 2255 2375 132 2396 2622 297 3233 3788 27 3761 3807 
11 587 715 1503 178 1562 1860 185 1882 2217 38 1910 1969 170 2112 2507 347 2196 2881 179 3437 3801 204 3444 3762 107 3491 3735 26 3576 3638 4 3880 3886 
15 42 610 688 272 724 1182 41 816 870 145 849 1107 310 1331 1901 114 1624 1813 168 2233 2548 183 2637 3022 228 2771 3179 194 2998 3276 257 3157 3520 142 3669 3918 115 3673 3838 4 3709 3717 28 3873 3919 
14 197 80 380 347 762 1298 26 1365 1419 316 1483 2066 482 1492 2183 323 2052 2484 47 2099 2196 14 2150 2167 145 2618 2916 435 2761 3300 248 3173 3597 2 3425 3428 144 3622 3899 39 3755 3829 
9 346 50 827 156 125 409 40 485 545 404 774 1385 259 2556 3020 210 2850 3245 122 2855 3057 192 3516 3885 41 3815 3886 
10 97 99 252 146 531 850 366 1657 2151 213 2166 2632 469 2178 2856 396 2879 3664 437 2890 3594 78 3575 3719 34 3735 3827 34 3885 3928 
9 376 64 612 54 172 265 24 450 477 238 677 1450 8 1696 1714 533 2054 2796 391 2370 2991 260 2382 2878 288 3085 3518 
10 332 900 1497 290 1666 2222 567 2379 3156 386 2532 3170 399 2596 3187 18 2709 2755 279 2904 3383 236 3194 3615 14 3755 3776 6 3924 3935 
