15 99
6 149 91 377 93 167 325 29 278 323 17 758 787 180 764 1002 79 800 948 
5 123 517 725 129 549 814 198 739 1006 104 776 966 155 1125 1359 
5 64 108 228 118 305 507 109 429 593 138 622 874 49 1297 1433 
5 171 214 500 63 349 454 55 669 826 82 876 1025 56 1285 1392 
4 115 86 322 161 126 395 76 651 798 109 980 1152 
8 51 468 568 59 500 604 147 516 748 83 1024 1148 91 1069 1219 94 1282 1418 48 1344 1411 9 1408 1422 
6 111 326 485 137 532 729 127 625 853 206 689 957 58 1008 1103 40 1271 1368 
5 94 122 249 150 376 649 74 782 875 85 800 949 52 994 1176 
4 107 209 430 131 645 855 161 715 958 139 1206 1409 
8 194 322 609 92 506 683 117 708 940 54 1138 1239 11 1181 1200 4 1209 1214 44 1218 1279 3 1402 1407 
12 61 125 218 50 255 321 126 402 592 130 518 701 32 690 755 2 783 786 12 836 854 64 852 988 30 926 970 21 1082 1119 50 1295 1372 16 1395 1421 
6 85 249 372 208 401 681 106 504 681 36 544 606 120 1003 1224 106 1132 1386 
7 18 97 129 99 133 282 242 438 715 65 674 771 158 960 1197 131 971 1193 121 1174 1429 
9 2 4 7 155 111 331 90 203 313 141 452 654 19 487 514 99 871 1035 137 1012 1218 78 1255 1384 26 1284 1336 
9 18 70 99 58 119 231 185 212 498 44 251 308 69 453 580 59 637 735 7 644 655 173 954 1224 12 1098 1121 
