10 110
12 220 677 960 173 1117 1365 275 1353 1679 212 1664 1941 305 1698 2180 53 1837 1910 286 1938 2335 497 1956 2558 207 2247 2553 403 2459 2993 269 2667 2985 56 3319 3395 
9 468 33 677 135 305 468 125 782 944 436 1416 2053 168 1731 1955 312 1987 2428 449 2542 3182 181 2970 3232 22 3396 3422 
12 229 59 368 405 131 764 117 282 429 177 289 546 521 1935 2571 93 1999 2123 499 2355 3055 350 2482 2913 116 2747 2899 68 2999 3073 43 3434 3492 2 3530 3533 
11 128 373 570 144 423 594 282 721 1085 219 1324 1619 325 1741 2194 260 1919 2284 325 1934 2388 513 2269 2921 489 2387 2996 49 2570 2633 9 3241 3254 
9 307 220 617 253 566 947 235 812 1083 476 2036 2638 246 2083 2420 339 2310 2734 499 2436 3116 443 2790 3357 67 3137 3227 
12 532 462 1154 49 511 570 105 532 708 256 1072 1439 177 1441 1658 335 1940 2412 74 2100 2197 363 2319 2817 405 2518 3098 7 2960 2969 164 3283 3490 101 3327 3446 
12 132 732 910 30 1181 1224 379 1347 1840 229 1350 1643 459 1430 2122 57 1808 1889 21 2141 2169 401 2207 2734 107 2222 2357 263 2630 2975 479 2672 3370 199 2793 3073 
11 65 160 250 272 706 1104 346 1098 1558 366 1476 2075 215 1869 2115 478 2124 2813 63 2367 2456 367 2482 2952 130 2597 2766 197 2967 3206 42 3172 3230 
10 487 386 987 30 406 446 333 487 923 142 1287 1478 429 1288 1874 167 1700 1924 403 2575 3190 78 2627 2727 459 2767 3404 48 2778 2843 
12 260 5 353 335 176 658 477 274 893 134 771 933 11 1063 1077 23 1718 1750 454 1926 2449 257 2173 2588 75 2472 2564 273 2479 2810 322 2639 3078 243 3138 3458 
