15 396
24 105 48 166 195 252 481 214 252 492 126 310 447 96 429 536 198 435 659 135 463 605 141 464 625 169 482 667 64 487 559 188 728 928 9 732 742 110 773 893 233 851 1112 245 879 1141 94 1041 1142 127 1065 1207 139 1074 1231 220 1107 1342 171 1237 1431 72 1314 1396 83 1317 1408 38 1355 1396 34 1367 1404 
26 213 26 261 100 64 170 240 77 364 228 121 365 118 198 328 20 259 281 210 267 501 139 333 484 130 462 605 168 486 672 176 519 712 24 547 574 71 558 638 21 628 651 147 720 873 27 745 775 225 802 1058 192 803 1021 257 936 1207 32 1081 1118 145 1101 1261 94 1109 1214 87 1148 1244 83 1203 1295 6 1374 1381 8 1422 1431 
25 177 13 207 244 23 289 209 87 333 6 163 170 101 274 387 88 278 377 5 342 348 114 460 589 211 601 830 148 770 933 273 803 1088 115 812 941 130 834 983 213 841 1075 120 849 985 32 855 890 72 972 1050 94 1056 1160 184 1060 1264 23 1074 1099 181 1098 1302 211 1197 1434 115 1317 1436 70 1340 1422 75 1353 1435 
26 145 27 189 170 46 236 101 84 199 15 178 194 109 230 355 212 325 566 163 359 545 75 420 500 223 517 765 14 520 535 172 539 724 157 626 801 105 683 796 196 850 1066 106 952 1070 43 986 1033 145 1053 1224 152 1076 1263 76 1103 1184 136 1114 1269 92 1215 1321 39 1306 1349 68 1338 1415 51 1359 1415 67 1359 1430 31 1403 1436 
27 153 48 232 226 200 457 244 271 539 40 276 322 43 383 431 205 417 638 61 442 509 37 476 516 52 509 565 122 515 651 87 555 656 221 689 933 242 703 966 242 718 982 255 721 996 199 797 1013 70 800 880 16 901 918 232 906 1158 113 912 1039 51 956 1014 2 1150 1153 107 1208 1325 117 1229 1354 14 1395 1411 42 1401 1448 11 1436 1448 
27 192 37 254 45 83 130 154 113 273 140 132 292 42 260 307 160 418 600 136 448 599 80 489 574 227 507 755 69 510 588 47 537 590 238 547 817 126 692 826 180 794 988 129 875 1017 130 932 1072 131 951 1101 204 1011 1242 199 1066 1282 176 1090 1292 138 1127 1278 194 1138 1348 97 1163 1268 152 1214 1379 45 1269 1318 24 1382 1407 10 1428 1439 
27 214 17 263 60 131 199 143 169 336 89 240 343 177 341 538 221 345 584 207 501 724 163 530 710 242 694 956 144 709 872 114 714 837 23 813 839 212 856 1101 229 868 1127 51 905 961 263 914 1188 105 937 1049 95 947 1048 143 953 1112 115 991 1117 68 1139 1213 78 1236 1320 66 1266 1337 39 1322 1364 3 1348 1352 11 1389 1401 7 1410 1418 
25 263 80 355 147 86 252 211 149 378 108 149 271 42 197 242 144 264 424 28 284 314 35 366 405 3 401 405 47 446 496 170 495 695 233 518 768 136 644 799 176 649 838 163 652 836 245 659 928 135 676 822 192 803 1027 199 886 1097 185 1072 1284 211 1194 1433 10 1284 1295 69 1361 1436 37 1378 1419 3 1439 1443 
32 86 23 116 158 56 229 79 57 145 63 77 146 31 117 151 210 118 352 189 172 378 186 180 384 74 208 288 210 260 489 82 285 377 7 368 376 205 422 647 21 574 596 81 616 705 213 626 855 76 645 728 214 692 933 25 802 828 170 851 1049 115 873 1001 5 895 901 3 931 935 55 957 1017 79 962 1051 202 971 1203 23 973 998 31 1067 1101 23 1188 1213 189 1195 1407 99 1292 1401 77 1358 1441 
26 265 25 314 231 36 299 206 95 319 187 146 353 145 229 386 203 357 583 7 365 373 199 376 606 38 429 469 124 444 585 223 508 753 186 654 865 226 672 915 33 737 773 149 873 1033 62 1034 1098 102 1123 1233 140 1136 1284 177 1137 1332 162 1197 1382 4 1222 1227 160 1246 1420 47 1346 1398 73 1364 1443 9 1367 1377 27 1390 1421 
24 10 7 18 113 17 147 164 56 235 207 78 318 182 191 392 236 277 560 155 305 472 167 363 549 154 426 597 127 487 627 182 603 810 109 664 787 28 678 710 121 904 1037 95 956 1064 29 991 1021 52 1019 1075 170 1083 1282 19 1114 1135 210 1175 1402 29 1220 1252 126 1271 1412 35 1332 1369 10 1369 1380 
26 83 181 274 211 267 501 148 341 507 93 353 461 152 380 549 72 444 525 143 465 636 123 475 612 139 479 627 88 634 733 119 709 848 91 792 894 126 852 988 121 884 1014 187 903 1108 152 916 1080 159 987 1160 219 1021 1265 229 1055 1310 191 1129 1341 27 1148 1177 82 1183 1273 6 1266 1273 12 1318 1331 39 1374 1418 15 1390 1406 
24 96 27 128 248 57 335 253 91 371 106 148 268 53 150 207 141 224 388 105 326 444 7 379 387 85 413 506 28 450 481 190 473 695 4 515 520 93 623 721 96 639 748 200 678 898 76 687 770 220 725 967 150 730 894 225 776 1020 175 797 990 212 948 1186 40 972 1016 246 1024 1285 151 1153 1330 
29 51 113 170 41 228 272 91 301 401 236 311 566 22 313 337 80 318 408 176 343 543 217 451 701 212 474 700 160 486 664 248 592 857 164 593 766 74 722 801 148 728 900 53 744 801 63 756 825 65 936 1006 119 938 1065 253 959 1230 174 1000 1192 139 1017 1169 28 1017 1048 148 1024 1183 181 1027 1221 56 1102 1166 164 1143 1332 130 1238 1383 15 1339 1355 4 1438 1443 
28 194 98 316 122 179 314 136 307 458 207 329 548 44 336 382 47 360 413 169 385 570 140 403 562 232 414 678 245 496 757 157 502 681 181 519 725 117 584 713 229 604 843 18 652 672 131 669 818 177 776 971 48 804 856 65 809 880 170 838 1026 105 851 966 81 862 952 95 866 971 30 912 944 12 1023 1036 136 1274 1427 17 1338 1357 31 1360 1394 
