10 114
11 184 44 385 80 304 407 302 319 756 43 729 798 168 840 1103 101 1224 1358 90 1345 1505 529 1652 2424 342 2282 2842 258 2804 3210 202 3001 3623 
15 89 92 240 284 430 985 8 876 888 22 930 981 69 998 1112 24 1984 2051 158 2130 2396 105 2359 2616 367 2619 3360 159 2791 3037 435 3095 3798 10 3135 3154 107 3372 3540 28 3559 3608 27 3891 3932 
8 393 196 889 257 242 658 294 1184 1673 167 1430 1751 396 1848 2475 417 1918 2702 206 1942 2376 9 3309 3323 
10 142 406 695 388 861 1353 461 1010 1709 275 1394 1786 148 1435 1726 379 1973 2718 129 2975 3171 296 2983 3508 163 3485 3827 6 3896 3907 
11 252 176 568 156 807 1105 38 971 1027 114 1130 1343 312 1312 1993 435 1595 2217 343 2370 2960 533 2592 3263 423 2693 3332 173 3512 3776 66 3762 3859 
19 103 9 147 11 277 301 62 1493 1588 137 1519 1823 270 1598 2019 90 1635 1915 256 1753 2040 249 2235 2608 172 2334 2584 373 2430 2888 563 2807 3572 262 2893 3389 178 3068 3341 401 3359 3871 35 3689 3739 81 3701 3845 25 3846 3891 10 3945 3966 11 3952 3969 
13 36 766 832 205 1036 1337 149 1423 1641 241 1461 1928 384 1617 2256 129 1865 2100 134 1916 2159 218 2050 2304 214 2109 2423 133 2271 2558 67 2366 2481 244 2390 2796 283 2846 3349 
9 45 175 308 172 218 518 266 458 1115 378 933 1492 205 1127 1447 117 1292 1569 244 1367 1848 245 3251 3682 327 3549 3927 
10 193 144 423 94 303 421 306 775 1273 55 845 941 4 1173 1178 236 1657 2201 183 2295 2835 318 2686 3311 223 3200 3636 139 3713 3925 
8 122 188 395 272 1178 1764 344 1360 1896 189 1455 1750 208 1747 2185 255 2016 2461 315 2422 3020 393 2688 3376 
