10 415
34 286 70 390 657 91 828 338 147 527 360 237 636 38 253 295 635 328 1044 423 404 880 222 656 898 134 733 884 217 769 1021 422 780 1272 75 840 925 585 1111 1793 633 1230 1959 475 1233 1763 176 1271 1468 489 1420 1970 461 1453 1952 362 1644 2056 446 1856 2354 324 1893 2235 273 2207 2514 505 2355 2924 220 2597 2840 480 2709 3278 208 2818 3052 296 2868 3192 632 2928 3623 60 2955 3023 544 2960 3534 423 3306 3789 168 3510 3701 250 3522 3807 246 3600 3867 
40 64 12 85 264 154 441 34 338 375 392 455 887 60 464 533 113 492 620 339 622 1020 281 634 938 31 707 741 654 903 1650 567 1215 1868 665 1220 1961 460 1247 1739 101 1264 1378 307 1492 1834 571 1568 2214 705 1673 2416 433 1735 2205 59 2207 2272 507 2213 2753 480 2284 2833 667 2292 3033 33 2381 2419 409 2432 2883 393 2480 2925 598 2611 3296 487 2647 3212 245 2741 3009 610 2976 3644 306 3051 3383 589 3098 3740 326 3210 3573 118 3217 3350 61 3249 3316 580 3251 3898 367 3415 3816 343 3452 3833 26 3718 3746 10 3815 3826 78 3835 3921 
41 473 3 531 297 192 512 613 192 879 493 284 864 425 458 939 369 508 924 43 522 571 205 652 872 43 776 824 134 841 992 562 881 1518 210 923 1161 30 1006 1039 390 1045 1476 150 1128 1303 596 1232 1945 555 1340 1969 61 1345 1415 321 1510 1886 387 1536 1958 225 1612 1851 632 1612 2301 59 1646 1713 183 1680 1883 99 1733 1839 333 2129 2516 420 2185 2637 326 2223 2607 372 2328 2783 459 2393 2918 163 2680 2860 109 2680 2804 375 2990 3420 512 3105 3683 204 3203 3429 510 3284 3852 104 3339 3455 105 3744 3861 50 3782 3836 12 3910 3923 3 3912 3916 
36 712 60 818 670 119 877 338 187 557 653 259 973 491 570 1107 277 645 945 377 710 1119 306 883 1234 366 1042 1476 319 1226 1577 606 1328 2013 529 1345 1954 267 1482 1768 714 1560 2329 85 1621 1716 517 1752 2316 48 1760 1810 662 2049 2807 445 2227 2701 109 2321 2441 448 2539 3031 633 2643 3397 683 2753 3508 665 2787 3506 346 2939 3326 577 2972 3603 292 3021 3348 649 3130 3852 20 3541 3564 201 3561 3804 31 3585 3618 97 3689 3793 117 3792 3925 60 3838 3904 12 3867 3880 38 3867 3909 
41 182 69 283 364 153 553 146 261 430 539 489 1104 191 514 727 113 639 764 530 711 1293 240 752 1019 31 769 804 477 769 1301 405 864 1324 548 971 1573 305 1021 1362 457 1089 1595 169 1292 1479 561 1306 1883 47 1538 1588 570 1581 2222 441 1672 2169 604 1743 2403 647 1804 2526 688 2004 2777 560 2047 2673 502 2114 2659 127 2158 2296 520 2289 2875 206 2375 2612 340 2424 2798 560 2487 3128 450 2656 3165 216 2833 3074 494 2844 3409 359 3030 3420 355 3350 3730 116 3416 3542 151 3505 3673 21 3529 3551 75 3593 3677 200 3699 3919 31 3783 3816 113 3793 3914 
39 313 40 384 382 276 694 403 415 859 376 557 966 338 675 1035 619 878 1609 520 1011 1575 577 1030 1652 554 1162 1774 199 1285 1511 69 1434 1510 640 1544 2241 599 1596 2261 131 1703 1855 476 1742 2252 208 1800 2029 43 1841 1886 214 1845 2071 670 1997 2738 243 2066 2354 678 2115 2879 534 2337 2977 505 2488 3041 159 2650 2828 391 2684 3123 339 2849 3225 724 2850 3631 476 2939 3467 72 2955 3038 699 2997 3755 481 3059 3590 502 3061 3587 421 3278 3760 197 3436 3649 252 3456 3712 79 3616 3706 145 3737 3895 119 3776 3904 45 3876 3927 
44 470 96 622 154 418 585 176 515 704 431 595 1059 387 664 1091 370 692 1099 438 848 1338 454 937 1463 354 960 1357 538 1056 1642 149 1502 1666 278 1591 1883 597 1817 2466 474 1883 2394 280 1990 2302 543 1998 2610 244 2002 2286 383 2038 2479 634 2059 2734 162 2060 2241 76 2146 2231 24 2286 2312 481 2322 2872 712 2339 3105 173 2360 2550 665 2555 3322 677 2563 3317 580 2825 3469 285 2839 3155 146 2955 3106 398 3033 3504 153 3193 3359 20 3214 3235 427 3265 3750 339 3274 3647 254 3326 3608 428 3355 3810 95 3431 3535 202 3566 3781 40 3736 3781 86 3756 3848 37 3771 3810 22 3877 3901 2 3923 3926 
44 597 182 850 6 455 462 277 575 885 352 591 974 517 662 1236 649 672 1408 335 798 1173 109 1050 1168 218 1133 1369 127 1568 1706 568 1606 2200 378 1620 2053 332 1724 2090 597 1775 2455 110 1840 1959 258 1851 2126 305 1866 2209 53 1870 1933 116 1924 2054 159 2042 2229 242 2091 2371 602 2131 2848 354 2138 2526 435 2333 2828 399 2354 2803 397 2363 2789 548 2600 3208 415 2659 3129 25 2714 2743 378 2719 3146 95 2728 2836 139 2800 2945 530 3103 3686 362 3126 3535 69 3153 3228 124 3278 3411 294 3332 3659 386 3348 3784 187 3397 3604 394 3440 3869 210 3537 3773 187 3675 3888 94 3810 3913 16 3896 3913 
54 738 129 902 351 142 512 233 156 413 374 160 576 201 183 402 189 234 443 213 327 569 504 394 958 76 493 579 566 509 1127 475 529 1041 347 583 982 318 604 931 212 680 923 155 757 927 419 769 1239 58 775 839 136 805 964 67 1180 1255 298 1212 1532 133 1323 1467 536 1333 1955 105 1417 1536 54 1469 1529 216 1470 1707 497 1560 2103 173 1611 1799 532 1702 2293 502 1796 2349 125 1815 1952 116 1929 2056 186 2000 2212 568 2068 2704 248 2228 2505 369 2237 2630 250 2242 2516 172 2297 2480 120 2341 2474 340 2358 2740 165 2582 2759 240 2620 2889 504 2701 3263 138 2711 2861 396 2915 3360 304 3000 3360 94 3016 3118 228 3023 3279 63 3032 3100 557 3227 3836 28 3328 3358 286 3447 3761 219 3486 3725 176 3612 3805 28 3899 3931 
42 578 12 659 335 53 428 109 61 181 200 278 504 572 363 978 281 374 686 274 404 698 693 514 1279 339 606 1002 662 660 1382 557 754 1365 103 902 1015 90 953 1053 512 1050 1626 655 1166 1867 269 1184 1484 631 1329 2034 685 1358 2113 455 1442 1946 97 1538 1652 647 1621 2336 175 1627 1829 366 1718 2122 553 1735 2381 285 1926 2240 476 2116 2626 400 2330 2765 586 2339 2986 357 2380 2795 40 2677 2721 293 2784 3119 122 2915 3049 12 2976 2989 59 3200 3268 353 3287 3687 62 3356 3423 224 3485 3737 127 3519 3668 96 3545 3652 151 3696 3862 19 3890 3910 25 3895 3922 
