10 126
8 519 825 1414 308 1045 1392 417 1315 1762 441 1498 1986 271 1996 2281 506 2285 2862 485 2480 3000 14 3122 3137 
16 358 17 425 58 125 187 53 180 238 305 546 898 251 581 846 403 640 1082 120 751 880 131 858 1003 200 1033 1254 194 1299 1515 288 1313 1648 371 2543 2959 149 2650 2811 39 2979 3023 47 3050 3101 51 3050 3105 
10 3 684 688 535 806 1424 233 897 1151 300 1138 1456 561 1999 2610 448 2035 2544 138 2435 2588 420 2650 3108 77 2678 2766 84 2810 2905 
14 115 479 606 10 546 557 369 850 1264 141 877 1028 270 1414 1717 504 1844 2416 282 2011 2316 526 2203 2794 6 2494 2501 356 2718 3094 85 2761 2854 95 2974 3086 61 3041 3106 11 3062 3074 
13 112 159 284 196 292 514 489 310 881 310 695 1046 324 804 1160 153 1901 2074 439 2186 2653 90 2585 2686 248 2712 2996 40 2905 2949 109 2995 3112 82 3005 3097 6 3106 3113 
10 96 959 1068 53 1036 1095 485 1127 1666 258 1204 1494 576 1304 1930 274 1688 1990 151 1865 2037 270 2081 2379 278 2137 2453 319 2662 3017 
14 268 494 793 8 590 599 389 660 1098 343 881 1255 52 899 956 130 1023 1166 300 1097 1436 265 1651 1952 290 1977 2293 121 2014 2143 189 2144 2363 130 2594 2735 296 2694 3013 130 2949 3095 
15 214 545 789 274 557 850 114 631 757 136 641 788 378 1044 1471 74 1164 1246 298 1356 1679 204 1707 1927 215 1751 1988 102 1814 1927 335 2058 2440 265 2061 2339 139 2506 2657 220 2856 3100 127 2933 3076 
13 24 36 63 418 73 542 258 799 1085 512 1076 1623 241 1553 1831 349 1561 1952 248 1777 2049 94 1827 1930 199 2118 2329 73 2635 2715 84 2694 2789 327 2721 3091 11 3122 3134 
13 58 922 987 247 951 1228 357 1401 1805 265 1625 1919 462 1682 2202 111 1950 2073 56 2139 2198 388 2213 2641 239 2248 2521 382 2260 2679 76 2796 2881 41 3004 3050 3 3122 3126 
