10 69
9 152 161 470 190 1097 1410 84 1482 1635 205 1834 2121 216 1979 2309 375 2007 2525 145 2365 2610 456 2617 3265 135 2787 2969 
8 314 142 659 227 759 1182 16 1284 1311 172 1488 1810 245 1641 1998 200 1857 2184 190 1946 2195 2 3546 3549 
7 435 109 744 143 559 771 452 674 1229 242 1378 1795 129 1715 1865 394 2005 2578 228 3018 3443 
5 215 58 461 207 774 1147 230 1786 2250 336 2343 3003 18 3314 3345 
7 383 1418 2081 172 2080 2362 504 2439 3000 232 2544 2938 374 2558 3091 146 2642 2903 268 2827 3331 
6 298 405 988 190 550 870 195 555 826 406 823 1464 242 1169 1815 7 1698 1708 
8 300 274 770 237 297 666 300 525 988 75 576 687 116 1848 2028 322 2185 2722 278 2683 3100 73 3113 3220 
5 303 1683 2203 338 2066 2707 195 2103 2521 352 2569 3123 184 3069 3380 
7 255 268 734 67 1519 1636 390 1699 2367 352 1843 2353 230 2390 2731 23 2757 2790 99 2942 3108 
7 235 301 653 296 1627 2051 306 1924 2460 62 2127 2259 210 2134 2395 179 2266 2542 307 2750 3306 
