10 38
2 55 1861 1952 261 2065 2591 
4 113 1197 1405 119 2162 2408 218 2630 2980 26 2984 3022 
5 113 237 389 168 2510 2870 39 2554 2610 71 2743 2857 87 2931 3092 
3 441 1494 2060 33 2194 2266 209 2607 3063 
1 234 1297 1870 
4 82 1741 1959 150 1839 2062 347 2624 3107 90 2990 3108 
4 281 129 702 311 161 605 87 1591 1714 135 2881 3094 
6 86 154 275 141 321 583 191 1767 2104 143 2387 2610 49 2929 2997 2 3114 3117 
4 204 149 432 397 291 907 39 429 490 333 1091 1536 
5 89 511 686 50 1231 1330 112 1509 1666 310 1520 2033 78 1889 2035 
