10 47
3 376 616 1169 127 681 846 320 2205 2637 
6 257 572 885 505 1163 1780 317 1380 1752 34 1939 1981 39 2717 2764 178 2745 2999 
5 214 577 891 277 1266 1620 332 1323 1757 195 2854 3086 16 2866 2887 
7 333 277 659 401 506 1017 275 1728 2042 228 1935 2249 223 2754 3048 11 3049 3064 18 3066 3085 
6 446 1629 2215 310 1812 2173 116 2004 2164 9 2220 2234 35 2617 2666 270 2693 3037 
5 249 354 663 17 368 392 136 490 655 485 600 1194 278 747 1117 
5 345 557 990 31 1323 1361 288 1689 2054 63 1779 1856 361 1833 2354 
3 457 129 726 384 670 1199 29 924 961 
4 14 166 186 280 597 1016 168 1154 1384 336 2148 2568 
3 320 12 397 301 1122 1545 239 2559 2909 
