10 413
44 398 18 464 182 25 231 357 89 480 34 102 140 469 175 695 10 295 306 45 403 454 456 424 936 221 574 826 131 611 758 215 688 932 237 735 994 305 1046 1375 3 1129 1133 595 1155 1857 527 1405 1993 119 1433 1569 299 1444 1784 102 1481 1593 648 1573 2282 672 1603 2332 364 1607 2030 374 2000 2419 156 2044 2213 556 2108 2742 554 2510 3115 221 2536 2780 588 2562 3208 668 2611 3370 650 2805 3546 147 2852 3012 190 2880 3095 398 3064 3499 236 3226 3498 558 3239 3857 597 3297 3949 269 3348 3642 235 3433 3696 33 3490 3527 312 3523 3870 68 3615 3689 173 3658 3853 11 3734 3746 119 3806 3938 
44 583 113 739 619 166 837 106 195 308 134 230 377 61 230 297 6 387 394 227 418 683 438 462 945 537 552 1148 7 694 702 53 801 860 613 841 1515 178 1060 1262 60 1086 1154 476 1164 1697 327 1230 1607 490 1442 1991 476 1566 2065 492 1574 2136 39 1687 1728 275 1764 2072 356 1854 2265 30 1939 1972 56 2013 2072 260 2123 2410 425 2187 2680 472 2248 2778 193 2366 2576 198 2412 2619 576 2432 3076 621 2478 3168 49 2569 2622 409 2686 3141 64 2690 2760 200 2766 2984 483 2766 3320 620 2954 3643 462 3244 3743 359 3275 3686 413 3444 3925 459 3454 3992 176 3491 3686 329 3630 3986 65 3813 3889 
43 423 31 523 232 121 381 298 286 611 302 323 668 200 435 661 32 625 661 490 736 1274 65 879 951 507 903 1468 331 903 1264 88 1004 1104 147 1045 1203 686 1080 1850 276 1187 1493 3 1293 1297 672 1484 2199 422 1502 1947 670 1567 2315 74 1653 1735 51 1695 1750 413 1800 2260 220 2064 2298 2 2068 2071 105 2312 2425 524 2333 2956 584 2488 3122 133 2685 2824 369 2773 3197 570 2787 3390 233 2834 3089 391 2836 3266 524 2955 3568 379 2958 3362 348 3035 3422 592 3088 3775 456 3123 3626 2 3139 3142 624 3202 3879 263 3269 3567 272 3375 3680 356 3555 3956 338 3595 3977 9 3676 3686 
39 128 74 210 19 267 287 622 717 1401 626 926 1600 295 951 1272 177 1306 1503 338 1432 1811 378 1437 1862 491 1450 2001 390 1521 1967 285 1584 1911 130 1733 1867 554 1822 2427 606 1936 2603 401 1943 2406 249 2156 2434 466 2253 2801 546 2303 2914 244 2384 2651 372 2531 2922 369 2651 3046 238 2670 2946 625 2738 3463 440 2746 3243 400 2832 3285 590 2883 3552 110 3125 3246 689 3148 3920 93 3174 3276 650 3212 3946 201 3235 3460 17 3248 3266 356 3299 3678 572 3331 3972 4 3413 3418 268 3498 3788 150 3789 3965 37 3921 3960 17 3969 3989 
39 682 40 799 218 101 347 275 162 478 577 258 899 692 554 1350 144 719 890 162 792 981 582 800 1465 689 859 1601 307 1053 1383 446 1076 1580 438 1083 1564 633 1145 1861 278 1483 1805 661 1570 2312 728 1587 2381 114 1695 1818 92 1894 1996 28 2134 2164 213 2303 2538 612 2399 3114 503 2532 3096 117 2736 2865 129 2791 2931 280 2798 3125 356 2894 3295 423 2901 3380 676 3072 3818 16 3097 3114 466 3240 3751 236 3337 3596 162 3506 3685 120 3509 3640 117 3535 3662 94 3540 3642 32 3607 3642 210 3645 3867 145 3780 3947 116 3816 3947 
46 105 132 252 432 138 614 6 208 215 53 310 366 555 639 1230 67 791 861 23 1013 1038 510 1096 1642 605 1171 1856 79 1265 1357 315 1265 1601 200 1295 1524 530 1307 1917 244 1326 1595 498 1487 2047 140 1533 1687 164 1650 1825 559 1686 2315 604 1784 2436 160 1854 2032 574 1987 2629 547 2159 2807 684 2293 3082 461 2558 3068 430 2578 3055 192 2764 2984 549 2788 3404 676 2828 3578 86 2927 3019 261 3052 3349 42 3054 3099 269 3086 3375 114 3123 3251 166 3170 3352 578 3191 3822 202 3196 3424 520 3249 3842 235 3342 3597 371 3476 3883 218 3500 3740 181 3582 3783 62 3715 3786 28 3720 3751 83 3726 3819 44 3846 3894 22 3850 3874 
33 530 138 729 430 390 864 264 405 694 351 536 936 631 625 1346 443 669 1154 235 746 1018 516 803 1379 510 1050 1618 560 1073 1683 723 1095 1881 688 1253 2037 518 1565 2155 349 1768 2144 438 1824 2317 295 1890 2220 399 1896 2345 210 1952 2180 435 2006 2486 445 2131 2635 412 2526 2976 626 2603 3265 295 2695 3035 336 3132 3515 506 3170 3721 444 3250 3747 488 3387 3934 380 3400 3842 274 3484 3795 193 3514 3728 116 3641 3773 104 3793 3908 124 3833 3969 
44 562 130 769 487 134 651 505 187 736 5 630 636 451 743 1245 416 747 1199 184 783 983 441 830 1327 223 831 1092 284 989 1321 91 1047 1144 56 1055 1116 452 1150 1659 167 1159 1348 448 1219 1711 191 1320 1528 107 1368 1493 160 1406 1575 658 1424 2162 208 1447 1680 327 1493 1863 219 1529 1760 15 1829 1845 169 1969 2156 574 1985 2600 36 2073 2113 109 2095 2219 266 2175 2466 613 2184 2875 258 2447 2743 302 2472 2789 616 2541 3231 365 2559 2955 668 2662 3432 72 2732 2811 87 2807 2901 507 2923 3483 299 3007 3345 532 3099 3675 374 3139 3577 652 3222 3975 130 3459 3606 128 3716 3861 12 3969 3982 
35 76 71 156 489 98 664 441 284 814 530 367 956 605 387 1047 563 745 1370 379 893 1336 720 1049 1836 54 1052 1112 176 1368 1565 107 1398 1519 607 1430 2113 343 1639 2032 497 1854 2403 194 1884 2112 559 1901 2555 648 1938 2655 657 1949 2700 288 2130 2452 276 2405 2714 519 2476 3036 125 2500 2635 178 2795 2989 534 2895 3492 361 2902 3304 66 2947 3019 578 3146 3785 509 3247 3790 345 3304 3697 240 3306 3575 480 3319 3857 463 3333 3838 176 3668 3859 90 3890 3987 19 3924 3945 
46 333 69 430 347 109 506 514 280 891 596 491 1127 491 524 1073 255 696 979 95 768 874 370 856 1272 253 1094 1365 574 1150 1769 602 1369 2050 560 1496 2104 238 1782 2052 152 1907 2073 128 2055 2202 340 2110 2480 337 2122 2486 110 2194 2318 451 2219 2719 389 2288 2719 189 2517 2736 700 2587 3355 454 2637 3142 38 2662 2702 179 2691 2889 113 2708 2831 268 2725 3008 184 2790 2997 276 2796 3109 508 2809 3362 355 2884 3279 516 2885 3433 531 3009 3612 330 3104 3468 387 3110 3539 141 3237 3398 224 3380 3641 258 3387 3678 57 3389 3449 500 3408 3962 433 3486 3976 307 3554 3900 233 3671 3927 105 3799 3913 39 3863 3906 21 3943 3966 
