10 66
5 452 688 1297 382 818 1524 220 991 1464 499 1333 2040 107 2641 2869 
11 367 4 639 296 427 968 249 1069 1442 37 1798 1865 21 1863 1904 5 1946 1957 123 2977 3175 42 3013 3099 146 3061 3330 73 3129 3230 31 3265 3322 
5 403 1164 1796 169 1393 1599 400 1468 2062 328 1701 2168 118 1907 2296 
6 424 310 939 256 934 1364 312 1276 1734 292 1538 2054 210 1851 2173 65 2552 2661 
5 200 570 920 269 589 1257 190 2255 2568 334 2383 2950 47 2944 3045 
4 334 194 743 394 792 1352 258 1636 2313 357 1895 2415 
7 445 678 1383 75 1519 1642 439 1560 2201 74 1587 1759 184 2252 2669 400 2952 3454 140 3228 3497 
10 180 228 528 325 943 1407 86 1393 1555 40 1729 1782 182 1985 2300 182 2043 2321 61 2355 2448 80 2500 2614 338 2503 3074 26 3497 3532 
7 392 902 1572 134 1213 1495 72 1840 2037 319 2040 2496 314 2268 2891 45 3364 3454 34 3422 3485 
6 239 666 1027 206 888 1287 195 1072 1423 235 1688 2036 306 2648 3167 94 3287 3481 
