10 106
13 128 99 268 303 316 737 500 535 1207 5 1006 1012 178 1044 1251 57 1226 1292 336 1717 2160 318 2162 2634 308 2308 2734 111 2332 2476 172 2621 2863 37 3390 3444 113 3496 3664 
8 291 80 465 496 311 983 172 567 826 474 951 1662 533 1113 1844 269 2492 2830 50 2940 3001 126 3222 3382 
11 481 88 732 459 191 775 141 237 465 39 480 534 222 852 1125 194 1648 1897 385 1661 2229 600 2606 3328 131 2654 2818 92 2691 2824 48 2719 2788 
8 352 378 859 395 481 937 403 833 1456 396 1006 1568 458 1940 2576 62 2170 2251 124 3439 3628 211 3440 3707 
13 357 50 490 438 761 1272 518 1118 1755 37 1209 1258 193 1774 2025 367 1997 2469 208 2104 2398 310 2365 2720 564 2517 3219 93 2635 2760 344 2902 3391 59 3194 3279 46 3314 3387 
10 46 171 232 95 211 331 372 260 763 262 422 809 483 2039 2696 481 2441 3121 123 2869 3034 369 3143 3639 89 3200 3324 56 3591 3668 
13 56 635 704 180 749 1022 382 1507 1964 239 1524 1846 133 1749 1916 386 1809 2270 192 2110 2345 516 2299 2939 549 2328 3064 218 2700 2990 16 3126 3147 309 3189 3651 113 3537 3701 
8 472 1147 1840 579 1362 2086 343 1463 1946 35 1966 2009 390 2376 2918 469 2732 3351 93 3275 3405 130 3485 3660 
11 507 80 751 15 147 166 74 648 737 292 826 1205 427 1614 2280 437 1664 2280 75 2240 2328 361 2801 3286 185 3243 3478 279 3259 3614 18 3610 3636 
11 340 52 490 308 374 775 220 518 846 144 1172 1382 15 1332 1348 517 1443 2051 496 2210 2902 381 2471 3050 61 3037 3124 155 3071 3265 117 3394 3558 
