10 52
5 38 332 382 186 764 987 279 1131 1531 366 1288 1740 413 2299 2817 
7 482 569 1114 120 980 1138 108 1170 1298 51 1655 1722 364 1928 2415 269 1993 2307 6 3022 3029 
7 356 488 913 126 1376 1546 193 1492 1752 263 1499 1847 136 2518 2725 8 2886 2895 9 3019 3032 
4 375 821 1391 52 1583 1663 286 1692 2038 114 2873 3004 
9 30 72 109 111 101 236 320 679 1127 40 711 772 99 873 993 15 1070 1090 71 1269 1361 201 2150 2418 58 2209 2292 
4 281 34 450 145 312 493 250 492 818 237 1507 1825 
5 347 1561 2012 219 2026 2297 378 2222 2702 154 2394 2598 14 3004 3022 
4 367 904 1283 422 1998 2532 354 2218 2799 162 2258 2471 
4 189 291 559 378 1555 2055 190 2417 2724 17 2964 2986 
3 455 179 745 308 601 974 221 2472 2842 
