10 67
7 378 105 721 292 1456 1860 154 1610 1901 148 1683 1963 143 2050 2351 430 2529 3208 4 3502 3508 
8 49 221 309 164 298 570 281 624 1025 216 1190 1514 402 1745 2345 301 2294 2832 204 3206 3471 75 3344 3491 
6 196 353 643 228 963 1385 162 1147 1435 489 1338 1967 297 1496 2078 13 2428 2453 
8 227 107 403 286 157 636 335 1028 1496 118 1816 1973 193 1916 2217 257 2058 2491 303 2113 2598 88 2478 2662 
9 94 206 373 325 364 738 445 813 1443 123 1257 1446 208 1321 1624 93 1709 1837 226 1977 2442 90 2121 2280 188 2358 2662 
7 497 806 1427 513 1613 2303 111 1847 2043 208 2083 2364 196 2196 2510 332 2338 2875 301 2632 3123 
5 152 21 314 441 890 1532 324 1308 1824 378 1770 2429 208 2965 3425 
7 135 672 935 249 1096 1472 189 1477 1794 445 1699 2269 124 2089 2291 410 2128 2747 432 2477 3105 
6 181 473 873 151 1541 1767 284 2311 2840 138 2459 2752 296 2882 3427 6 3380 3394 
4 220 532 1096 223 1086 1500 263 1408 1825 228 2823 3361 
