10 129
13 12 39 59 263 179 535 171 241 531 394 610 1255 347 954 1498 40 969 1022 338 1472 2167 348 1721 2164 513 1918 2676 103 2318 2477 170 2785 3083 45 2994 3063 10 3964 3979 
13 481 35 684 57 470 584 177 576 984 31 800 857 244 1242 1623 261 1582 2108 181 1625 1873 29 3007 3045 103 3047 3186 469 3301 3991 114 3516 3775 190 3585 3875 79 3809 3986 
11 285 40 519 276 253 628 479 1657 2352 331 1687 2260 246 1838 2175 408 1999 2695 199 2381 2671 214 2775 3095 236 2994 3391 62 3604 3697 24 3902 3940 
14 361 658 1204 150 765 1012 83 1208 1347 148 1381 1627 2 1683 1686 79 1903 2037 255 1928 2336 191 2081 2546 2 2264 2267 4 2996 3003 333 3216 3972 70 3698 3887 162 3713 3948 50 3803 3878 
15 478 133 882 369 292 844 101 450 611 75 1782 1907 373 1973 2542 269 2099 2472 84 2178 2306 63 2553 2648 527 2562 3300 46 2961 3028 155 3066 3399 186 3277 3648 8 3874 3892 15 3910 3934 3 3987 3991 
14 359 40 704 120 125 331 182 258 510 205 333 612 252 516 875 235 706 1010 416 1490 2169 124 1704 1895 554 2046 2774 329 2399 2856 280 2635 3073 53 3271 3340 52 3551 3642 41 3749 3813 
14 433 431 1135 175 517 863 99 518 677 41 830 919 68 1163 1259 29 1641 1685 373 1811 2387 95 2131 2288 236 2708 3160 122 2776 3101 178 3044 3319 456 3297 3897 144 3674 3942 2 3912 3915 
13 173 14 311 207 56 428 422 255 947 180 513 891 337 1021 1530 249 1223 1619 102 1463 1610 46 2462 2543 412 2845 3637 175 2990 3251 18 3000 3038 53 3276 3385 39 3306 3368 
10 145 262 485 120 1017 1195 82 1146 1285 333 1316 1936 316 1520 2152 396 2197 2891 27 2823 2872 416 3172 3899 170 3576 3874 119 3684 3853 
12 431 579 1259 72 762 917 451 826 1583 117 1222 1590 287 1950 2413 201 2107 2462 106 2260 2431 121 2610 2795 33 3372 3416 70 3518 3638 177 3584 3889 33 3816 3865 
