10 38
2 63 544 670 316 1396 1937 
4 371 129 660 98 280 440 278 1690 2076 29 3028 3072 
4 135 347 636 306 1724 2208 9 2047 2059 116 2212 2430 
4 159 994 1281 55 1968 2087 114 2068 2247 143 2294 2492 
4 124 1261 1457 99 1724 1887 210 2368 2760 94 2942 3079 
6 8 216 234 176 578 877 189 686 1008 195 871 1089 87 955 1112 34 3040 3102 
4 453 267 800 9 465 479 311 1138 1601 139 2258 2508 
5 289 8 617 49 800 875 207 1160 1564 22 1372 1415 3 3121 3126 
4 77 980 1076 343 1014 1575 321 1182 1742 8 1696 1710 
1 277 1385 1951 
