10 52
6 103 156 313 43 178 238 228 2504 2810 383 2690 3215 59 2815 2892 200 2923 3191 
4 468 1179 1754 323 1257 1692 444 1815 2398 8 2437 2446 
6 84 787 917 73 834 927 263 1366 1727 75 1515 1610 213 1902 2172 323 2164 2588 
3 308 1469 1860 444 1976 2559 215 2441 2792 
9 341 137 544 67 172 260 215 366 658 244 1593 1900 184 1620 1844 30 2426 2459 71 2653 2744 41 3071 3118 34 3132 3184 
4 362 519 939 304 711 1072 248 2649 3035 193 2903 3152 
4 373 644 1122 133 971 1142 395 1874 2410 132 1915 2086 
6 63 573 671 184 595 869 427 1263 1816 159 2092 2276 292 2376 2741 7 2475 2485 
5 127 264 458 245 1804 2138 228 2157 2509 57 2761 2827 124 3010 3153 
5 71 439 539 365 644 1115 427 1133 1613 323 2798 3196 173 2971 3200 
