10 183
18 219 108 418 318 114 543 204 157 438 235 247 524 133 356 536 408 548 1062 79 728 825 226 1157 1445 543 1856 2496 111 2256 2410 371 2579 3037 525 2621 3377 566 2896 3551 397 3053 3588 576 3065 3838 321 3150 3596 106 3797 3963 23 3958 3988 
16 455 212 813 256 405 737 412 422 978 184 428 715 43 1337 1391 15 1519 1535 579 1616 2410 284 1690 2060 405 1961 2570 12 2078 2094 438 2404 3017 330 2514 2972 155 2723 2938 193 3024 3286 362 3092 3557 28 3945 3981 
19 446 147 749 258 185 499 43 591 645 96 687 827 531 766 1451 173 1595 1838 246 1782 2165 336 1828 2304 109 1860 2005 548 1929 2653 560 2171 2848 326 2672 3121 342 2711 3219 99 2824 2958 15 3362 3380 213 3449 3739 18 3534 3555 169 3645 3845 93 3762 3903 
17 9 18 30 9 115 126 412 574 1112 314 661 1085 41 667 718 320 832 1260 557 986 1749 88 1735 1845 160 1915 2115 255 2315 2698 380 2483 3003 596 2545 3295 12 2687 2702 503 3085 3737 546 3137 3864 547 3176 3857 83 3832 3958 
19 306 153 511 105 348 489 397 681 1196 615 789 1579 184 886 1102 245 1218 1540 256 1670 2063 108 1877 2024 446 1889 2463 234 1932 2268 8 2033 2042 188 2325 2583 387 2420 2975 316 2587 3051 155 2809 3043 17 2858 2880 201 3574 3933 19 3663 3684 31 3942 3981 
18 305 113 572 379 359 884 151 521 676 454 535 1215 90 789 904 341 847 1288 171 1692 1903 568 1719 2509 160 2232 2460 76 2482 2579 15 3061 3082 660 3129 3896 657 3140 3903 376 3170 3695 241 3393 3717 66 3474 3584 71 3688 3780 101 3802 3927 
20 241 129 440 269 319 661 43 537 599 97 653 773 250 655 1045 561 1024 1813 162 1168 1374 142 1326 1527 98 1379 1545 203 1418 1688 159 1571 1787 93 1788 1922 514 2429 3184 351 2566 3013 323 2576 2982 37 2606 2652 4 2988 2993 472 3030 3673 154 3652 3846 85 3682 3804 
19 155 550 751 12 802 816 260 1217 1559 290 1566 1931 424 1779 2397 553 1858 2581 437 1967 2551 446 2033 2652 301 2231 2624 259 2251 2591 258 2432 2758 249 2562 2888 66 2829 2918 432 3214 3818 178 3326 3538 163 3701 3962 67 3783 3874 55 3820 3879 11 3958 3972 
15 663 34 813 368 96 576 252 151 496 485 485 1097 203 671 932 421 760 1295 377 981 1577 435 1184 1774 244 1560 1909 506 1776 2406 171 2157 2404 228 3236 3546 360 3316 3768 186 3694 3937 31 3919 3961 
22 551 42 786 74 50 139 92 79 210 334 328 840 96 441 562 407 858 1320 283 870 1267 302 1271 1712 200 1916 2189 529 1962 2592 323 1996 2454 144 2710 2861 121 2751 2918 57 2813 2883 313 2838 3253 436 2974 3496 221 3098 3430 51 3493 3567 28 3588 3624 82 3610 3725 32 3711 3752 78 3737 3853 
