10 413
41 604 30 706 187 61 273 333 363 732 45 472 523 677 588 1303 337 641 1002 437 717 1209 33 841 877 33 1137 1172 317 1247 1621 64 1279 1353 403 1314 1764 661 1408 2134 301 1601 1920 248 1635 1899 155 1682 1858 697 1715 2495 582 2057 2695 522 2075 2679 71 2239 2323 639 2248 2958 287 2260 2589 240 2280 2539 619 2297 2990 170 2476 2657 429 2536 3005 221 2546 2799 563 2634 3270 230 2686 2939 634 2863 3587 654 2938 3643 10 2943 2954 544 2983 3565 534 3189 3813 62 3191 3260 439 3224 3708 35 3394 3432 23 3517 3543 75 3743 3833 61 3823 3890 14 3887 3903 
32 14 126 141 565 230 840 394 241 667 107 274 391 521 313 918 475 341 871 300 393 729 567 402 1045 565 514 1165 579 621 1302 283 683 988 41 816 861 470 894 1416 564 1076 1751 665 1195 1935 635 1357 2056 714 1449 2202 30 1862 1895 468 2040 2534 114 2148 2270 686 2261 2996 663 2315 3057 563 2585 3229 579 2587 3220 609 2601 3266 619 2777 3471 195 2886 3109 565 3099 3726 226 3117 3366 401 3239 3670 123 3441 3585 2 3899 3902 
39 238 83 348 503 185 740 179 223 420 597 324 992 539 356 951 498 428 980 47 513 566 580 536 1195 462 704 1210 228 766 1019 207 835 1064 508 844 1384 558 1128 1722 13 1406 1421 439 1664 2160 572 1806 2402 333 1864 2239 321 2144 2504 58 2235 2297 449 2355 2855 321 2395 2752 406 2396 2850 612 2397 3105 433 2477 2943 463 2493 3018 544 2497 3101 585 2604 3226 193 2669 2886 676 2670 3431 598 2870 3505 642 2895 3593 172 2974 3171 75 2997 3081 308 3119 3453 161 3328 3515 301 3369 3702 263 3377 3677 5 3554 3560 41 3854 3899 
42 154 51 220 271 74 372 617 137 782 312 234 592 351 403 779 12 526 539 629 560 1272 95 641 744 674 689 1418 187 728 944 357 752 1155 436 767 1259 559 844 1471 62 1011 1077 222 1038 1279 369 1091 1487 64 1187 1254 611 1189 1852 287 1208 1529 164 1532 1702 289 1686 2014 40 1755 1800 177 1803 1998 392 1935 2398 635 2025 2727 267 2061 2361 406 2181 2645 393 2205 2643 482 2283 2807 635 2526 3232 49 2604 2659 577 2678 3322 527 2908 3494 655 3072 3809 485 3217 3764 47 3218 3269 303 3355 3691 176 3464 3661 132 3667 3820 156 3706 3883 53 3728 3786 106 3742 3864 
40 539 49 622 655 91 798 219 198 450 238 209 475 501 531 1098 260 908 1216 418 913 1366 644 948 1694 499 1009 1566 549 1115 1733 362 1204 1607 416 1283 1767 689 1395 2137 383 1401 1849 130 1471 1619 219 1527 1763 272 1544 1833 109 1727 1848 597 1757 2409 37 1768 1810 372 1803 2218 200 2011 2224 602 2057 2733 551 2059 2697 236 2077 2340 157 2134 2307 16 2232 2249 214 2250 2484 244 2603 2880 627 2713 3420 274 2857 3159 367 2902 3299 628 2921 3629 84 2995 3087 77 3270 3359 42 3722 3768 63 3730 3799 144 3741 3902 10 3781 3792 10 3786 3797 
35 335 27 397 393 49 502 419 198 649 514 338 914 675 481 1226 397 507 932 238 521 789 625 609 1301 154 727 892 518 774 1343 354 781 1183 355 816 1219 441 1194 1681 113 1365 1493 370 1459 1850 543 1466 2116 411 1589 2036 505 2044 2622 369 2060 2484 165 2181 2365 656 2605 3367 640 2653 3362 274 2801 3110 368 3080 3487 310 3149 3511 499 3205 3770 455 3229 3718 384 3341 3764 341 3481 3869 209 3506 3741 16 3532 3549 254 3546 3828 108 3595 3714 19 3736 3756 3 3906 3910 
41 36 68 109 20 92 113 537 174 731 308 285 634 569 515 1168 173 612 800 322 716 1065 101 783 898 588 799 1445 173 847 1039 608 914 1595 705 1052 1810 146 1202 1362 553 1414 2005 66 1417 1488 530 1446 2031 121 1576 1708 176 1652 1845 450 1653 2159 632 1667 2375 462 1735 2236 424 1780 2241 458 2149 2680 512 2180 2763 303 2270 2607 182 2347 2559 335 2433 2810 272 2522 2823 373 2578 3005 351 2719 3104 372 2747 3161 261 2759 3040 638 2965 3687 406 3058 3504 586 3162 3813 96 3207 3312 11 3299 3311 367 3333 3732 181 3370 3567 114 3591 3717 94 3782 3884 
44 135 34 181 689 43 801 663 110 842 689 149 921 569 192 818 45 201 251 142 396 565 416 409 869 114 517 641 97 670 780 254 954 1250 503 959 1528 286 993 1309 300 1084 1415 413 1111 1571 608 1278 1964 77 1282 1367 387 1297 1721 691 1418 2185 301 1693 2006 38 1729 1771 176 1806 1989 417 2006 2492 710 2017 2797 474 2019 2546 91 2090 2188 604 2260 2938 57 2518 2582 149 2526 2685 599 2774 3455 426 2810 3276 184 2885 3084 125 2937 3073 178 3045 3248 326 3163 3519 199 3195 3410 381 3240 3649 91 3285 3385 423 3405 3889 118 3408 3543 90 3608 3711 118 3645 3778 89 3777 3877 24 3813 3839 
49 695 89 852 208 137 369 477 196 700 241 213 483 684 239 965 106 300 416 353 310 703 540 349 981 215 447 689 613 567 1252 266 736 1058 163 787 972 41 813 859 471 964 1499 388 1041 1474 72 1186 1267 342 1194 1577 553 1390 2003 159 1423 1598 239 1509 1770 502 1636 2213 303 1826 2147 51 1842 1896 509 1869 2442 104 2130 2248 306 2189 2515 218 2421 2654 372 2429 2824 464 2570 3067 259 2627 2919 468 2645 3155 74 2666 2749 171 2681 2869 145 2718 2872 635 2810 3520 107 2841 2962 336 2981 3356 358 2996 3385 318 3042 3399 92 3110 3208 29 3187 3219 136 3355 3510 111 3390 3521 362 3463 3866 27 3491 3522 197 3538 3752 75 3582 3663 49 3843 3897 9 3901 3911 
50 501 104 700 218 158 386 314 184 510 236 184 444 145 184 346 166 300 486 52 353 408 18 357 377 397 467 914 209 505 746 166 570 755 295 675 1014 375 816 1235 668 887 1626 102 915 1027 659 1014 1752 591 1034 1706 44 1079 1128 300 1372 1712 12 1436 1449 667 1499 2251 610 1676 2352 503 1780 2339 663 1783 2546 363 1919 2343 214 1989 2236 129 2005 2147 134 2054 2203 88 2141 2238 49 2191 2244 345 2200 2598 262 2429 2717 322 2434 2764 205 2551 2770 209 2733 2972 157 2766 2945 702 2978 3759 357 3210 3604 321 3287 3630 37 3374 3414 226 3486 3734 186 3495 3699 102 3555 3668 36 3560 3597 8 3682 3691 182 3699 3898 54 3772 3831 45 3790 3839 100 3798 3906 5 3802 3808 
