10 115
12 407 138 749 208 864 1288 200 1317 1624 162 1444 1717 28 1758 1800 77 1904 2066 354 2162 2814 320 2668 3162 336 2866 3318 279 3474 3923 218 3531 3803 256 3564 4002 
16 161 114 458 433 598 1331 64 618 713 187 716 1007 160 837 1061 122 874 1047 79 1290 1428 81 1316 1522 662 1597 2410 268 2013 2406 123 2258 2431 60 2363 2479 79 2692 2852 358 3129 3580 312 3434 3880 192 3536 3822 
8 492 207 1003 408 225 952 443 534 1295 360 726 1326 484 1875 2668 486 2040 2785 193 3660 3939 6 4021 4031 
16 193 206 557 30 385 427 447 607 1186 228 684 960 173 1125 1523 33 1194 1254 247 1567 1995 258 1860 2299 170 2505 2772 82 3000 3159 215 3167 3581 58 3447 3591 271 3464 3922 12 3742 3761 9 3896 3913 62 3934 4049 
10 294 13 572 393 262 908 108 781 971 152 1143 1371 452 1284 1914 339 1951 2461 186 2009 2266 434 2127 2714 452 2959 3680 297 3128 3524 
12 349 56 686 378 101 700 147 1676 2001 7 1740 1750 133 2393 2621 165 2586 2839 117 2607 2779 157 3145 3570 265 3184 3610 66 3192 3310 242 3476 3873 72 3691 3788 
11 404 350 939 132 934 1158 276 1070 1610 29 1227 1269 439 1505 2253 84 1881 2025 287 2702 3123 348 2972 3760 4 3294 3300 314 3465 4079 21 4049 4082 
10 155 731 1002 388 735 1302 349 1022 1676 159 1327 1602 149 1700 2052 364 2516 3025 36 2732 2802 457 3261 3882 458 3313 4075 224 3768 4067 
11 134 245 458 80 617 776 331 1091 1562 471 1251 2012 91 1270 1431 98 1477 1648 404 1830 2523 301 1906 2412 161 2322 2585 343 2338 2991 72 3982 4077 
9 330 375 876 136 472 724 104 834 953 414 1052 1664 498 1365 2145 325 1929 2634 162 2150 2381 373 2763 3449 280 3632 4066 
