10 46
3 302 104 542 456 901 1460 264 1990 2339 
4 274 871 1231 189 2308 2575 346 2360 2791 484 2411 3020 
4 417 480 999 478 1243 1835 155 1274 1451 253 2102 2420 
4 20 102 127 265 1639 1991 425 1795 2325 400 2378 2904 
6 276 413 816 98 713 854 158 884 1103 136 905 1103 36 1885 1935 41 2637 2695 
3 431 95 682 127 1328 1492 320 2483 2957 
9 119 35 192 115 386 562 7 2012 2021 3 2023 2027 65 2626 2710 148 2759 2983 106 2786 2934 107 2900 3044 66 2953 3032 
5 291 327 678 325 993 1405 241 1344 1685 357 2356 2807 154 2657 2842 
4 265 200 572 240 1160 1466 160 1874 2073 358 2593 3041 
4 459 4 613 247 626 969 158 2620 2830 56 2883 2957 
