10 75
4 335 601 1195 223 907 1323 284 2265 2870 243 2343 2780 
8 357 392 1023 276 432 890 55 546 634 86 1534 1648 137 2234 2427 340 2683 3241 234 3124 3499 2 3540 3543 
9 301 390 939 420 1067 1579 302 1194 1689 43 1968 2061 155 2218 2495 157 2557 2772 164 2731 3079 112 3250 3425 28 3503 3552 
6 497 634 1221 240 748 1413 82 1156 1293 300 1442 1819 441 2761 3404 12 3324 3351 
7 197 65 331 201 367 841 414 801 1330 351 1090 1603 564 2516 3202 342 2880 3405 129 2933 3222 
9 378 963 1644 367 999 1610 27 1943 1990 105 2220 2371 142 2435 2722 93 2795 2934 10 2985 3000 154 3093 3284 63 3274 3386 
10 105 174 373 419 314 926 90 675 851 299 1788 2235 350 1794 2283 301 1817 2304 111 2427 2640 23 2555 2606 24 3209 3245 23 3510 3540 
7 350 156 603 287 1192 1646 68 1345 1458 351 1455 1992 313 2798 3407 52 3242 3357 7 3474 3488 
8 178 17 291 428 129 625 349 1013 1669 7 1543 1552 130 2783 3010 156 3110 3376 132 3184 3490 81 3297 3462 
7 37 756 809 177 858 1271 95 1703 1864 63 2255 2366 184 2460 2815 396 2849 3536 235 3005 3355 
