10 48
4 451 269 798 429 612 1157 220 1440 1750 131 2034 2208 
6 63 309 398 458 1375 1981 226 2364 2632 249 2861 3206 133 3004 3173 3 3181 3185 
6 326 174 539 206 777 1055 296 1087 1465 571 1566 2219 259 1870 2199 160 2642 2852 
4 114 1185 1325 477 2144 2754 480 2469 3099 57 2978 3051 
4 471 288 868 271 1411 1791 52 2071 2145 330 2501 2978 
4 123 771 964 393 1376 1940 201 2076 2320 419 2261 2862 
3 457 1002 1615 173 1651 1895 437 2147 2734 
6 461 467 1041 514 1521 2153 50 1968 2025 119 2511 2675 33 2923 2966 104 3029 3171 
5 408 12 580 41 783 841 165 834 1035 380 1138 1661 2 3265 3268 
6 395 1552 2062 40 1613 1673 68 1914 1994 275 2222 2565 361 2309 2743 200 2809 3047 
