10 114
11 76 236 390 262 862 1543 256 1734 2142 152 2463 2737 285 2751 3238 442 2894 3637 438 2925 3603 353 3125 3632 257 3291 3575 87 3681 3866 40 3787 3849 
11 33 165 227 163 329 754 391 539 1143 208 1132 1542 259 1196 1693 27 1300 1345 55 1703 1788 251 1716 2111 478 1785 2470 185 2691 3105 259 3464 3820 
11 265 179 540 294 207 854 403 313 1030 314 487 1032 137 757 1014 363 1440 1962 133 2029 2246 81 2148 2271 387 2360 3027 13 3489 3510 151 3629 3866 
16 116 238 430 246 255 618 482 716 1396 218 719 1013 145 747 983 277 974 1482 448 1336 1915 165 1448 1662 465 2121 2821 188 2312 2551 98 2824 2973 183 2960 3240 369 3003 3563 56 3053 3194 109 3657 3825 49 3708 3782 
14 120 11 219 259 611 1024 64 768 884 370 987 1742 9 1699 1712 196 1701 2149 291 2512 3128 346 2851 3394 42 3231 3327 12 3271 3291 53 3533 3614 9 3643 3658 60 3662 3768 3 3862 3866 
10 112 13 200 260 174 631 242 729 1125 150 878 1171 188 1221 1652 229 1952 2330 120 2212 2422 240 3216 3707 162 3539 3857 121 3659 3861 
10 231 110 444 364 647 1311 192 852 1257 616 938 1706 401 1624 2292 238 2022 2531 25 2239 2291 235 2620 2980 273 2735 3110 45 3445 3522 
10 192 391 695 271 1083 1554 357 1416 1888 12 1705 1723 372 2013 2752 305 2166 2679 360 2377 2941 390 2786 3447 113 2999 3168 7 3759 3769 
15 201 161 524 55 313 384 517 401 1042 26 572 607 269 1335 1733 148 1408 1705 4 1411 1417 94 1601 1764 314 1791 2284 59 2057 2165 397 2166 2848 237 2456 2880 111 2562 2747 324 2989 3378 154 3263 3582 
6 336 138 631 273 893 1462 187 1024 1637 511 1444 2146 367 1486 2192 271 2316 2835 
