15 183
9 147 160 466 173 228 469 192 462 749 35 585 658 152 586 765 147 765 1005 220 899 1198 33 952 1026 77 1343 1484 
15 8 258 273 206 446 721 33 471 523 98 597 805 116 604 832 170 630 913 38 688 762 69 837 926 44 933 1000 46 1029 1106 61 1288 1412 67 1342 1462 53 1422 1524 32 1533 1578 11 1588 1611 
15 15 28 53 68 48 151 76 64 216 73 340 461 76 479 579 62 502 624 38 760 830 50 972 1043 187 1124 1377 26 1164 1234 152 1260 1525 75 1297 1390 114 1333 1545 11 1472 1486 22 1583 1617 
6 120 250 531 16 420 447 207 451 751 163 888 1161 161 933 1184 108 1306 1605 
14 103 102 296 131 273 485 95 386 522 42 427 488 94 431 599 98 594 777 5 612 619 89 707 831 95 772 919 121 1308 1518 21 1361 1400 53 1399 1473 63 1466 1594 4 1571 1577 
11 167 93 409 68 290 411 101 586 792 17 644 673 169 690 965 59 898 997 18 937 969 16 970 989 156 1298 1551 33 1464 1542 20 1559 1592 
9 98 264 483 234 270 575 70 332 433 195 473 785 132 520 795 3 606 610 132 772 1005 146 914 1133 2 1605 1608 
12 42 114 169 105 136 334 76 518 637 68 728 848 143 1077 1322 63 1092 1240 43 1271 1339 151 1360 1614 95 1412 1575 35 1466 1515 26 1540 1607 3 1605 1609 
12 45 19 112 18 48 90 111 321 458 168 331 556 174 358 601 8 508 523 138 565 772 84 669 826 216 1241 1541 151 1264 1556 58 1500 1587 15 1583 1609 
14 135 223 462 112 311 460 48 441 503 62 563 691 103 677 856 165 745 1006 155 884 1201 54 1045 1156 21 1339 1368 22 1393 1433 25 1461 1523 54 1526 1616 22 1561 1598 4 1611 1617 
15 146 311 545 20 398 432 118 569 719 64 636 753 81 682 807 67 776 893 7 797 808 129 833 1128 212 943 1199 123 1090 1262 15 1130 1158 243 1204 1491 79 1370 1483 16 1486 1516 18 1529 1553 
11 29 170 230 201 343 643 195 484 757 173 634 876 129 647 873 64 841 926 26 1006 1056 176 1375 1606 90 1380 1569 69 1427 1558 4 1605 1610 
16 175 51 354 5 90 96 107 332 476 182 385 643 138 396 550 71 417 523 173 604 862 35 838 896 44 889 972 89 923 1043 76 964 1078 82 1111 1229 39 1428 1494 67 1431 1566 15 1446 1467 25 1484 1535 
11 136 51 257 148 493 767 4 692 698 171 1026 1266 69 1028 1163 208 1096 1403 162 1097 1368 108 1211 1382 70 1255 1370 64 1471 1600 12 1602 1618 
13 183 118 414 76 223 389 65 243 347 145 245 448 75 271 465 164 399 656 20 507 544 5 621 628 41 680 740 70 791 911 58 1032 1121 158 1047 1286 12 1590 1610 
