10 190
16 394 452 1005 45 570 631 405 651 1222 266 708 1072 603 848 1606 469 998 1679 298 1410 1837 334 1637 2076 179 1743 1977 133 1814 2012 251 2306 2610 166 2430 2657 244 2967 3317 211 2984 3274 328 3324 3751 165 3579 3856 
15 242 532 849 505 604 1235 115 680 853 554 732 1461 533 1139 1782 45 1776 1838 466 1896 2518 249 2183 2551 536 2339 3096 75 2559 2658 560 2615 3327 137 2631 2829 438 2947 3496 192 3589 3882 35 3845 3887 
17 511 242 1024 140 252 459 358 433 975 448 540 1137 124 658 845 377 820 1346 307 935 1337 318 947 1320 557 2095 2757 3 2368 2372 388 2761 3298 34 2945 2989 191 3012 3266 280 3036 3419 61 3708 3795 4 3903 3908 2 3906 3909 
18 205 69 294 295 85 400 465 106 731 353 133 632 306 322 679 512 799 1470 295 1041 1536 370 1907 2417 7 2017 2027 577 2201 2925 138 2319 2504 403 2479 2983 76 2683 2802 447 2894 3500 111 2975 3113 282 3325 3716 12 3335 3351 189 3558 3825 
20 165 122 336 20 351 378 233 630 911 581 697 1463 627 805 1518 396 807 1368 512 1227 1922 290 1257 1613 65 1565 1641 274 1932 2308 296 1997 2346 350 2009 2446 69 2200 2278 9 2229 2241 566 2491 3184 400 2659 3213 202 3517 3764 116 3535 3695 46 3577 3648 139 3637 3807 
20 494 447 1109 555 499 1185 127 521 674 188 848 1104 567 1041 1745 116 1177 1337 111 1232 1402 106 1713 1836 291 2014 2425 101 2057 2197 509 2531 3253 463 2558 3109 176 2800 3043 388 2871 3352 47 3233 3289 277 3349 3697 240 3513 3872 77 3681 3778 59 3685 3765 10 3827 3841 
27 277 243 690 20 402 427 489 523 1149 428 633 1212 555 704 1377 12 843 858 410 1038 1520 12 1251 1266 87 1297 1417 284 1742 2116 504 2072 2709 175 2242 2455 436 2244 2736 146 2432 2626 301 3080 3500 102 3158 3280 39 3316 3372 114 3441 3602 190 3490 3749 136 3523 3727 93 3690 3819 114 3700 3859 11 3843 3855 48 3849 3910 16 3889 3909 16 3889 3911 2 3890 3893 
20 505 185 744 64 1188 1270 208 1466 1729 282 1738 2103 557 1918 2690 396 1975 2481 446 2120 2696 320 2222 2619 17 2318 2341 569 2345 3097 113 2508 2660 158 2653 2839 132 2684 2837 570 2808 3570 454 2837 3509 45 2960 3017 200 3619 3885 51 3799 3877 27 3806 3845 46 3809 3871 
18 579 147 849 480 347 1056 146 424 613 553 567 1313 336 792 1264 42 801 856 80 814 912 539 816 1582 391 925 1424 38 939 988 61 1355 1434 349 1763 2214 127 2488 2659 308 2612 3036 320 3024 3468 71 3094 3189 23 3588 3618 2 3723 3726 
19 414 157 695 12 493 510 415 598 1105 296 652 1021 164 997 1240 313 1166 1585 406 1232 1693 621 1354 2136 57 1420 1500 316 1768 2226 530 1862 2592 402 1987 2480 53 2484 2551 520 2636 3268 230 2805 3133 319 2870 3277 300 2974 3362 13 3881 3899 3 3898 3902 
