10 112
11 172 45 328 36 499 561 77 609 739 87 1036 1170 218 1556 2010 252 1710 2139 335 2009 2583 334 2581 3112 407 3043 3646 397 3282 3890 111 3507 3751 
16 215 578 1052 195 947 1316 475 1412 2189 41 1588 1649 51 2304 2369 16 2366 2399 31 2703 2776 90 3262 3429 237 3315 3703 2 3506 3509 80 3515 3716 101 3590 3747 154 3603 3849 153 3653 3948 124 3678 3886 4 3841 3853 
9 332 92 575 163 98 403 304 637 1084 302 638 1164 279 659 1163 414 779 1436 265 1430 1858 445 1588 2243 448 2989 3621 
14 18 537 568 38 666 733 502 687 1345 26 876 916 267 999 1480 9 1342 1354 248 1440 1937 312 1809 2478 265 1866 2269 127 1908 2099 319 2813 3296 90 3201 3353 264 3411 3837 65 3677 3767 
9 270 551 1016 280 811 1307 366 1075 1626 221 1534 1883 273 2589 3069 210 2704 3070 110 2872 3057 145 3199 3664 229 3509 3877 
11 341 148 681 279 1015 1443 243 1753 2159 244 1887 2391 496 2163 2841 473 2214 2905 430 2618 3270 211 2766 3083 178 2869 3150 15 3800 3824 75 3821 3951 
13 289 363 843 333 455 956 375 884 1273 121 1326 1561 268 2015 2491 305 2056 2645 96 2208 2365 28 2530 2569 403 2829 3357 277 2996 3531 128 3125 3300 181 3257 3540 10 3915 3934 
9 479 295 1060 151 503 800 357 691 1392 300 1633 2341 128 2391 2608 84 2514 2651 157 2602 2848 403 2672 3441 71 3725 3845 
10 352 63 538 398 742 1489 9 768 784 299 1104 1648 404 1195 1842 368 1317 1838 68 1345 1464 199 2479 2751 376 2575 3283 370 3358 3888 
10 417 85 816 86 894 1012 319 1779 2269 329 1803 2274 321 1952 2656 41 2266 2339 472 2345 2960 180 2528 2880 134 2841 3090 285 3382 3826 
