10 114
14 398 27 449 85 30 120 483 46 555 225 183 422 374 327 743 394 948 1382 132 1596 1743 309 1664 1998 61 1762 1830 152 2034 2193 477 2303 2832 483 2390 2906 197 2839 3056 75 2966 3048 
9 432 109 619 368 207 609 211 319 550 437 457 947 303 928 1264 273 1257 1562 280 1821 2139 26 1885 1913 438 2148 2611 
14 134 88 237 240 318 584 111 714 833 473 958 1459 201 978 1212 107 1286 1401 244 1372 1635 351 1802 2184 204 1868 2085 254 1899 2179 525 2248 2834 235 2688 2946 146 2871 3036 15 3019 3036 
11 110 38 161 318 73 429 292 191 526 496 469 996 557 637 1238 308 895 1224 550 1268 1872 76 1910 1996 360 1990 2397 35 2635 2674 18 2981 3000 
11 542 505 1112 421 849 1311 222 990 1230 517 1185 1769 163 1520 1700 70 2067 2147 539 2114 2708 339 2254 2624 190 2381 2589 157 2646 2815 122 2863 3004 
9 527 338 951 37 468 509 43 990 1036 543 1398 1990 524 1416 1995 259 2153 2441 376 2331 2764 167 2367 2549 127 2910 3046 
10 107 287 410 40 365 411 261 1101 1388 545 1774 2381 57 2134 2198 467 2145 2673 552 2256 2869 47 2323 2376 414 2394 2852 272 2577 2873 
12 97 101 210 417 231 715 65 408 482 530 419 996 26 749 777 259 1201 1486 236 1646 1904 174 1766 1959 394 2010 2444 211 2431 2679 186 2861 3075 20 3008 3030 
12 529 395 968 543 526 1102 537 736 1322 448 1753 2222 191 2088 2301 304 2244 2578 234 2379 2639 186 2696 2910 65 2707 2781 233 2802 3058 140 2815 2977 132 2945 3088 
12 76 135 217 235 195 461 285 477 802 308 688 1032 163 1209 1395 365 1286 1715 535 1350 1931 517 1996 2558 438 2340 2804 175 2672 2864 180 2860 3055 42 3044 3088 
