10 186
31 254 11 384 172 177 408 260 255 617 132 331 495 254 477 825 171 528 755 551 751 1477 4 761 766 8 1060 1070 143 1113 1287 113 1408 1567 129 1526 1700 67 1593 1687 352 1989 2444 22 2150 2179 85 2451 2563 347 2661 3063 584 2663 3396 140 2682 2864 280 2814 3231 63 2863 2940 60 2886 2971 41 3322 3370 197 3487 3786 180 3559 3816 174 3710 3914 46 3800 3852 47 3840 3913 56 3841 3916 18 3911 3934 10 3936 3948 
20 220 22 304 23 427 454 13 482 498 244 1040 1351 88 1109 1212 295 1443 1827 410 1495 2064 525 1517 2211 235 1602 1890 495 1612 2355 234 1816 2157 396 2423 2943 102 2535 2683 282 2539 2912 178 2711 2955 282 2898 3250 144 3067 3266 492 3135 3760 67 3466 3551 285 3528 3878 
17 357 208 681 388 226 728 353 232 732 313 506 987 226 825 1097 315 1150 1571 451 1258 1878 54 1820 1894 298 2250 2663 333 2430 2868 465 2729 3287 130 2888 3065 256 3040 3443 272 3045 3399 222 3448 3746 23 3921 3951 13 3935 3951 
12 408 10 545 463 25 739 164 62 296 421 88 627 513 94 846 250 1220 1604 187 1477 1725 516 1716 2407 477 2153 2855 244 2470 2786 286 2934 3285 23 3417 3451 
19 425 42 565 142 85 286 440 415 990 204 489 776 50 493 554 211 736 1026 225 803 1091 354 1248 1726 267 1312 1677 173 1418 1657 343 1434 1920 148 1860 2062 315 2328 2702 319 2338 2769 326 2438 2886 569 2805 3448 53 3321 3388 232 3356 3713 266 3607 3940 
18 585 292 1021 193 410 641 24 487 517 516 839 1521 18 1050 1077 555 1632 2401 509 1688 2367 199 1829 2108 407 1890 2417 405 2779 3303 202 2914 3196 291 2914 3244 280 2927 3284 295 3388 3831 312 3507 3932 148 3531 3724 238 3610 3930 35 3873 3923 
17 369 230 681 409 654 1150 368 769 1255 381 1169 1653 156 1232 1443 223 1854 2136 442 2036 2646 493 2156 2836 214 2194 2428 370 2667 3118 576 2905 3672 373 2932 3448 467 3052 3650 208 3289 3572 224 3358 3621 70 3801 3902 40 3868 3927 
14 229 147 456 359 422 931 301 564 947 190 759 1016 511 768 1446 398 1122 1681 69 1715 1811 449 1717 2289 203 2204 2498 385 2219 2727 433 2233 2815 608 2242 2988 573 3180 3813 283 3443 3867 
20 368 559 1098 326 944 1400 403 1107 1650 518 1180 1815 105 1243 1377 499 1423 2089 204 1587 1828 5 1912 1918 331 2237 2721 383 2570 3107 124 2615 2764 362 2743 3213 43 2748 2802 629 2970 3743 101 3088 3219 461 3312 3922 55 3340 3409 118 3760 3918 81 3820 3938 41 3823 3870 
18 78 173 270 551 215 960 379 265 819 567 509 1195 156 827 1041 467 873 1542 160 984 1202 343 1072 1475 448 1120 1652 340 1216 1672 561 1480 2157 237 2100 2406 146 2332 2557 429 2828 3356 243 2912 3193 4 3061 3066 60 3690 3776 43 3812 3888 
