10 436
43 447 3 500 673 110 823 502 233 799 287 269 582 406 285 739 658 321 1044 209 337 577 80 527 624 289 757 1070 166 1082 1267 178 1124 1319 444 1166 1646 115 1208 1331 64 1439 1512 10 1490 1501 340 1552 1933 542 1573 2160 701 1627 2388 485 1692 2224 21 1718 1741 54 1874 1932 541 1916 2517 83 1930 2019 247 2088 2371 329 2166 2533 681 2202 2987 621 2390 3089 221 2425 2667 87 2488 2580 457 2597 3116 640 2655 3377 202 2691 2922 100 2728 2834 274 2793 3086 667 2812 3567 306 2867 3221 441 3025 3501 706 3133 3918 369 3194 3582 223 3205 3456 443 3376 3871 156 3704 3883 89 3736 3833 
38 601 95 787 399 129 570 601 305 956 604 416 1088 217 449 686 640 471 1165 442 499 1011 38 577 618 634 595 1313 370 607 998 146 755 916 68 763 841 475 979 1549 493 1117 1657 122 1141 1275 276 1162 1457 365 1281 1686 68 1363 1440 207 1555 1794 714 1611 2372 503 2066 2625 680 2110 2883 166 2274 2462 498 2308 2855 620 2506 3200 687 2551 3309 480 2581 3111 205 3001 3235 604 3050 3735 389 3070 3491 319 3094 3433 615 3232 3937 486 3355 3892 26 3599 3627 100 3639 3752 120 3681 3811 41 3768 3811 4 3944 3949 
42 70 108 185 110 153 275 350 349 717 439 681 1150 119 784 913 573 850 1494 540 1055 1640 192 1255 1466 466 1332 1842 302 1367 1695 628 1431 2149 513 1441 2004 351 1450 1847 532 1568 2132 533 1597 2172 201 1683 1903 483 1687 2234 295 1755 2080 482 2088 2627 323 2113 2476 279 2134 2450 528 2183 2759 148 2218 2384 582 2286 2920 415 2380 2859 526 2438 3024 522 2459 3048 171 2497 2675 216 2546 2780 177 2751 2954 505 2789 3334 112 2836 2959 499 2848 3404 313 2875 3244 505 2989 3562 205 3068 3298 426 3201 3689 545 3212 3824 182 3669 3884 76 3723 3808 47 3861 3913 5 3935 3941 
41 345 249 602 374 369 786 216 467 704 331 562 919 555 682 1281 288 711 1019 573 910 1555 382 971 1403 305 1170 1512 546 1311 1936 36 1372 1411 127 1534 1674 453 1561 2041 537 1749 2335 642 1771 2513 645 1779 2498 606 1804 2511 360 1868 2312 214 1963 2201 615 2128 2815 469 2174 2700 383 2291 2711 49 2312 2367 252 2355 2636 437 2363 2841 191 2429 2652 40 2457 2504 252 2527 2800 691 2707 3469 191 2756 2965 525 2885 3491 213 2899 3132 685 2932 3710 306 2936 3270 493 3158 3699 93 3334 3440 107 3580 3697 156 3605 3780 98 3685 3794 10 3789 3800 6 3945 3952 
52 341 14 387 283 73 395 594 153 808 24 269 295 365 269 667 575 425 1038 568 622 1235 128 657 795 275 783 1094 274 822 1116 23 975 1000 37 1109 1153 553 1120 1755 326 1204 1568 493 1277 1808 102 1300 1415 269 1357 1656 302 1371 1714 215 1387 1625 369 1466 1882 405 1511 2003 159 1539 1716 135 1619 1763 722 1682 2468 681 1684 2428 617 1749 2428 15 1802 1818 109 1813 1934 259 1841 2132 47 1889 1939 188 1946 2153 40 1993 2036 34 2146 2182 568 2161 2803 352 2184 2550 385 2201 2642 607 2205 2870 500 2253 2798 234 2508 2766 433 2526 3029 666 2542 3269 61 2543 2607 640 2641 3377 201 2719 2939 57 3118 3180 279 3263 3566 311 3469 3808 87 3690 3788 118 3770 3900 28 3866 3897 28 3875 3904 20 3887 3908 
52 183 33 238 589 44 695 377 374 779 9 675 685 624 785 1470 21 830 852 162 962 1142 375 978 1398 440 1044 1520 39 1083 1126 698 1116 1886 163 1138 1307 119 1242 1373 668 1297 2043 577 1340 1968 292 1584 1900 368 1599 2010 362 1621 2015 414 1828 2274 23 1853 1879 222 1869 2111 46 2001 2051 509 2214 2778 493 2283 2853 545 2352 2943 278 2442 2766 500 2473 3016 218 2488 2730 167 2522 2708 561 2568 3244 423 2715 3173 471 2772 3299 594 2814 3440 683 2859 3584 670 2892 3634 499 2960 3499 484 2982 3505 124 3070 3203 181 3122 3320 37 3122 3163 91 3157 3254 330 3256 3616 294 3275 3619 333 3341 3686 336 3419 3789 148 3550 3713 214 3587 3825 4 3659 3664 99 3721 3831 70 3770 3848 14 3836 3851 75 3866 3948 
40 397 307 727 437 489 976 64 524 595 154 536 707 383 541 959 409 561 993 104 651 763 195 675 882 365 1023 1420 567 1128 1739 388 1234 1654 232 1286 1535 270 1355 1667 410 1455 1908 282 1490 1811 653 1579 2329 488 1798 2359 552 1872 2458 503 2078 2658 545 2111 2725 678 2163 2905 373 2168 2570 47 2278 2330 695 2407 3189 185 2415 2616 169 2553 2732 459 2601 3110 509 2629 3200 606 2651 3329 292 2694 2998 644 2698 3415 649 2764 3499 480 2874 3400 512 3192 3770 208 3237 3469 420 3444 3914 179 3485 3686 151 3717 3890 72 3792 3871 32 3870 3906 
42 193 68 285 703 218 1002 627 270 984 219 389 634 48 398 456 371 400 817 334 532 897 56 545 604 41 572 619 440 821 1292 660 846 1575 649 1013 1732 31 1028 1062 124 1119 1261 615 1138 1863 674 1279 2018 22 1417 1442 545 1467 2068 478 1738 2248 545 1762 2335 136 1824 1974 602 1831 2519 571 1933 2568 322 1946 2313 7 2057 2065 440 2148 2635 343 2174 2541 568 2305 2926 662 2679 3421 168 2801 2986 258 2855 3137 493 2855 3412 566 2879 3495 280 2987 3300 542 3064 3663 483 3099 3613 279 3099 3409 176 3273 3463 116 3476 3600 292 3553 3877 202 3698 3919 5 3922 3928 
45 637 148 846 657 237 972 320 259 631 357 383 768 522 586 1161 353 590 984 432 597 1079 287 614 934 355 818 1211 479 890 1418 309 917 1248 343 976 1373 493 1014 1554 443 1025 1497 252 1127 1392 677 1226 1981 434 1227 1706 687 1331 2088 183 1432 1633 412 1457 1911 36 1572 1611 295 1603 1935 42 1613 1659 53 1646 1705 179 1669 1872 565 1727 2350 66 1864 1937 180 1899 2095 322 1968 2342 468 2053 2580 509 2271 2841 426 2306 2792 676 2350 3088 683 2447 3219 65 2717 2791 258 2866 3161 244 2880 3166 159 3136 3316 494 3296 3824 54 3639 3698 77 3704 3790 89 3758 3853 5 3788 3794 16 3928 3945 3 3947 3951 
41 209 17 236 458 25 521 415 259 741 15 310 326 534 396 974 395 430 866 637 583 1290 283 680 1003 381 737 1160 432 834 1316 422 1017 1497 408 1124 1561 288 1131 1454 508 1174 1771 414 1323 1770 404 1344 1823 100 1452 1556 404 1726 2187 110 1900 2025 363 1911 2318 502 2214 2771 647 2281 3014 396 2295 2722 151 2302 2477 243 2317 2586 588 2397 3034 540 2417 3013 303 2469 2809 311 2595 2937 386 2660 3099 143 2717 2877 106 2884 2997 367 2974 3378 654 2987 3709 77 3176 3260 349 3327 3719 275 3414 3720 195 3498 3724 119 3672 3805 174 3715 3916 73 3834 3914 
