10 37
5 387 784 1400 244 1498 1841 24 1730 1768 288 2573 2996 9 3021 3036 
5 198 40 341 282 148 611 147 569 842 58 588 677 82 2590 2714 
4 376 263 816 199 1325 1588 60 1534 1668 105 2695 2896 
2 253 711 1134 101 1070 1323 
4 54 1327 1397 217 2351 2917 129 2503 2683 121 2905 3085 
4 260 192 620 21 1229 1266 125 2247 2530 50 2737 2807 
5 2 760 763 330 795 1359 308 1568 2049 102 2364 2503 11 3014 3031 
3 220 1466 1844 130 1690 1894 124 2662 2896 
1 269 700 1277 
4 316 862 1440 70 988 1097 293 2189 2623 21 2796 2828 
