10 49
7 60 37 117 228 481 761 57 1054 1136 238 1205 1511 237 1376 1658 15 1995 2012 284 2457 2833 
4 315 666 1132 245 871 1198 172 2313 2543 306 2406 2857 
5 146 408 633 436 815 1337 312 1119 1556 40 2512 2564 92 2712 2832 
8 167 205 431 164 638 860 191 715 964 211 1871 2126 373 2229 2689 23 2305 2334 61 2708 2791 31 3011 3056 
5 143 822 1010 97 1008 1117 338 2001 2482 426 2239 2767 9 3088 3100 
6 5 689 695 201 768 1057 173 1262 1486 196 2070 2376 443 2183 2716 61 2659 2742 
3 370 80 577 198 2311 2594 431 2448 3015 
4 347 396 937 298 1167 1563 249 2546 2875 67 2929 3032 
4 380 378 917 64 631 718 313 652 1038 381 1427 1867 
3 224 478 805 377 519 1052 304 1212 1699 
