10 74
8 145 851 1097 37 874 916 226 1535 1855 203 1554 2083 214 2176 2518 109 2426 2655 162 2476 2724 142 2832 3087 
6 231 767 1180 225 1412 1886 57 1416 1519 96 1511 1671 332 2606 3168 212 3138 3522 
10 20 692 732 422 844 1423 98 1074 1210 381 1511 2128 508 1728 2399 15 2113 2134 104 2499 2676 276 2777 3147 54 3222 3337 67 3408 3507 
9 122 418 645 86 502 633 195 989 1296 397 1600 2251 171 2724 3044 53 2817 2902 150 2946 3189 21 3033 3060 152 3242 3495 
6 298 1362 1834 397 1738 2355 381 1938 2516 132 1996 2245 97 2656 2839 111 2892 3099 
11 87 338 492 284 957 1354 356 1199 1818 101 1543 1692 3 1551 1556 34 1992 2055 379 2229 2821 177 3048 3306 115 3149 3401 64 3246 3367 35 3380 3445 
6 353 333 895 290 703 1214 103 738 945 287 964 1533 34 2602 2646 414 2666 3262 
5 292 351 903 289 517 979 399 1295 1977 271 2359 2716 106 2910 3101 
6 287 511 1043 376 778 1453 193 1576 1984 145 2585 2805 119 2798 3037 4 3518 3523 
7 124 205 498 267 340 899 51 1083 1196 349 1162 1762 261 1219 1714 88 3226 3377 23 3424 3451 
