10 261
24 134 364 512 172 592 776 345 634 1005 189 772 981 538 870 1488 610 1063 1746 398 1257 1718 461 1458 1987 265 1549 1830 585 1827 2461 578 1872 2525 293 1967 2308 64 2156 2225 603 2353 3049 367 2399 2807 145 2437 2595 358 2573 2977 143 2605 2775 505 2634 3219 122 2968 3107 237 3135 3400 234 3136 3403 23 3222 3247 28 3445 3475 
29 158 223 390 30 324 357 591 345 987 145 463 616 360 471 857 575 761 1402 56 1600 1663 473 1784 2322 35 1830 1867 500 1920 2471 548 1922 2504 193 2108 2322 71 2160 2239 314 2335 2681 31 2378 2411 230 2427 2687 327 2481 2822 415 2589 3042 90 2631 2732 604 2678 3341 598 2678 3347 340 2785 3176 536 2800 3410 546 2846 3456 233 2966 3237 15 3071 3088 70 3225 3301 119 3239 3373 17 3492 3510 
31 59 102 166 588 125 760 5 198 204 175 522 721 255 700 973 118 712 839 121 734 862 354 879 1263 632 1207 1894 441 1208 1702 420 1215 1679 361 1329 1711 239 1536 1802 632 1542 2202 608 1584 2289 297 1663 1981 538 2006 2608 441 2193 2678 115 2208 2335 384 2304 2723 23 2500 2524 5 2574 2580 238 2596 2862 320 2707 3070 149 2947 3110 253 2953 3245 368 2998 3407 127 3080 3218 149 3112 3276 271 3164 3456 114 3202 3329 
26 519 52 620 62 78 150 58 124 187 431 165 666 230 499 752 395 517 958 359 981 1367 485 987 1516 597 1014 1679 155 1365 1539 75 1509 1594 167 1634 1815 107 1653 1771 369 1784 2210 432 1892 2372 243 1983 2253 286 2317 2642 22 2360 2385 267 2501 2804 580 2558 3228 174 2627 2815 422 2902 3374 439 2924 3435 116 3218 3345 159 3269 3434 71 3342 3422 
20 606 229 898 559 395 1002 468 516 1024 397 561 1004 537 884 1492 344 917 1315 451 1458 1957 47 1475 1530 79 1777 1862 632 1883 2585 399 1893 2333 578 1906 2563 631 2049 2749 33 2087 2122 475 2300 2826 240 2325 2600 352 2463 2843 356 2597 2975 203 2930 3160 219 3028 3284 
24 564 380 977 283 593 913 473 886 1412 545 1025 1639 205 1163 1391 405 1222 1673 39 1246 1289 279 1247 1556 401 1471 1903 322 1584 1950 181 1609 1814 584 1783 2449 462 1819 2342 557 1838 2469 333 1892 2283 370 1926 2337 256 2016 2291 398 2049 2469 383 2072 2506 313 2496 2830 62 2646 2713 341 2722 3091 150 3312 3482 136 3325 3474 
28 106 1 116 340 70 450 221 71 324 100 147 255 36 248 287 408 624 1080 159 690 863 204 1057 1287 90 1146 1247 525 1363 1963 323 1631 1976 603 1842 2515 561 2067 2661 383 2198 2633 425 2325 2801 193 2461 2672 41 2566 2610 509 2608 3212 288 2717 3051 402 2836 3285 207 2897 3143 206 3011 3249 236 3030 3291 197 3181 3399 286 3210 3525 162 3215 3391 122 3240 3374 21 3341 3364 
27 600 165 833 572 204 833 139 320 472 63 482 551 172 494 695 423 507 984 171 618 806 453 650 1148 566 658 1270 404 992 1444 26 1200 1229 182 1309 1520 23 1370 1395 84 1620 1711 126 1626 1775 396 1633 2076 530 1726 2321 294 1737 2061 264 1791 2095 588 1981 2649 573 2139 2759 432 2246 2722 171 2373 2555 164 2398 2579 183 3124 3317 141 3348 3498 121 3380 3518 
27 7 14 22 208 454 685 292 517 838 365 619 1021 79 821 905 170 868 1047 539 1092 1672 447 1093 1619 62 1329 1397 459 1393 1872 115 1435 1559 189 1574 1784 183 1726 1936 107 1737 1854 107 1747 1862 615 1877 2556 611 1914 2575 639 1963 2655 158 2143 2314 614 2251 2915 628 2282 2957 614 2348 3044 525 2571 3164 604 2626 3285 267 3058 3365 7 3283 3291 13 3500 3514 
25 614 53 734 414 134 591 328 234 598 222 814 1066 315 845 1207 479 908 1430 9 946 956 180 1051 1256 162 1125 1305 622 1185 1874 415 1223 1681 218 1253 1492 110 1490 1617 592 2011 2678 580 2048 2686 398 2079 2528 594 2137 2812 127 2192 2339 311 2269 2615 361 2317 2737 131 2479 2621 7 3231 3239 175 3297 3488 32 3460 3495 4 3506 3511 
