10 105
13 184 1060 1287 70 1306 1399 587 1336 2023 260 1618 1928 359 1622 2067 475 1895 2484 237 1940 2249 123 2434 2587 172 2515 2766 468 2641 3247 103 2942 3075 271 3088 3456 62 3340 3430 
11 327 243 668 118 291 445 40 867 928 95 894 1019 542 1016 1682 359 1702 2235 353 1871 2373 268 2349 2664 114 2484 2641 450 2595 3196 34 3070 3111 
7 377 144 639 463 544 1163 130 1201 1359 320 1300 1785 267 1831 2214 482 2175 2842 437 2623 3169 
11 404 630 1147 426 965 1511 412 1210 1816 261 1615 1934 394 1640 2192 278 1736 2053 122 2160 2330 280 3097 3441 155 3120 3322 105 3315 3438 59 3372 3447 
10 294 288 698 189 543 779 211 896 1187 123 1047 1210 227 1467 1750 318 1480 1959 41 1856 1903 387 2515 3105 423 2564 3166 94 3220 3339 
13 234 122 441 60 297 381 300 449 904 283 1371 1792 90 2033 2165 355 2296 2763 555 2340 2998 176 2406 2654 191 2440 2720 76 2817 2940 99 2861 2997 286 3004 3369 75 3265 3346 
10 414 547 1058 357 870 1322 404 910 1381 521 1293 1901 173 1702 1908 425 2128 2694 493 2343 3020 317 2516 2906 243 3133 3495 106 3342 3469 
9 228 26 342 261 372 749 235 506 842 51 647 708 352 866 1361 474 1603 2269 106 1757 1901 520 2041 2738 186 3135 3394 
10 374 15 535 206 146 415 433 436 998 136 937 1106 230 943 1240 419 2181 2818 115 2427 2609 502 2812 3482 21 3024 3051 35 3482 3525 
11 243 424 776 365 602 1046 87 618 756 356 712 1199 240 1467 1815 138 2171 2351 134 2172 2345 362 2196 2715 404 2548 3061 115 3356 3512 45 3465 3525 
